-0.939838
-0.911565
-0.885903
-0.862534
-0.841169
-0.821576
-0.803539
-0.786887
-0.771451
-0.757109
-0.743729
-0.73122
-0.719478
-0.708439
-0.698019
-0.688171
-0.678827
-0.669955
-0.661495
-0.65343
-0.645706
-0.638315
-0.631209
-0.624388
-0.617806
-0.61147
-0.605336
-0.599417
-0.593672
-0.588158
-0.582854
-0.577774
-0.573033
-0.568522
-0.564147
-0.559903
-0.555782
-0.551779
-0.548196
-0.544725
-0.541303
-0.537943
-0.534637
-0.531388
-0.52819
-0.525048
-0.521945
-0.518906
-0.515885
-0.512946
-0.510082
-0.507269
-0.504521
-0.501808
-0.499137
-0.496539
-0.493971
-0.491469
-0.489009
-0.486612
-0.48427
-0.481992
-0.479782
-0.477642
-0.475582
-0.473601
-0.471675
-0.46979
-0.467946
-0.466141
-0.464374
-0.462645
-0.460952
-0.459293
-0.457669
-0.456077
-0.454517
-0.452987
-0.451486
-0.450013
-0.448567
-0.447146
-0.44575
-0.444376
-0.443025
-0.441695
-0.440384
-0.439092
-0.437817
-0.436559
-0.435316
-0.434088
-0.432874
-0.431672
-0.430483
-0.429305
-0.428137
-0.426979
-0.425832
-0.424692
-0.423562
-0.42244
-0.421326
-0.42022
-0.419122
-0.418031
-0.416948
-0.415873
-0.414805
-0.413745
-0.412692
-0.411648
-0.410612
-0.409585
-0.408566
-0.407556
-0.406555
-0.405564
-0.404582
-0.40361
-0.402648
-0.401696
-0.400755
-0.399825
-0.398905
-0.397996
-0.397099
-0.396213
-0.395338
-0.394475
-0.393624
-0.392784
-0.391956
-0.39114
-0.390335
-0.389542
-0.388761
-0.387991
-0.387233
-0.386487
-0.385752
-0.385028
-0.384316
-0.383614
-0.382924
-0.382245
-0.381576
-0.380918
-0.380271
-0.379634
-0.379007
-0.37839
-0.377784
-0.377186
-0.376599
-0.376021
-0.375452
-0.374892
-0.374342
-0.3738
-0.373267
-0.372742
-0.372226
-0.371718
-0.371218
-0.370726
-0.370241
-0.369765
-0.369296
-0.368834
-0.368379
-0.367932
-0.367491
-0.367057
-0.36663
-0.36621
-0.365796
-0.365388
-0.364986
-0.364591
-0.364201
-0.363818
-0.36344
-0.363068
-0.362701
-0.36234
-0.361984
-0.361633
-0.361287
-0.360947
-0.360611
-0.360281
-0.359955
-0.359633
-0.359317
-0.359005
-0.358697
-0.358394
-0.358095
-0.3578
-0.35751
-0.357223
-0.35694
-0.356662
-0.356387
-0.356116
-0.355849
-0.355585
-0.355325
-0.355069
-0.354816
-0.354567
-0.35432
-0.354078
-0.353838
-0.353602
-0.353369
-0.353139
-0.352912
-0.352688
-0.352467
-0.352249
-0.352033
-0.351821
-0.351611
-0.351405
-0.3512
-0.350999
-0.3508
-0.350604
-0.35041
-0.350218
-0.35003
-0.349843
-0.349659
-0.349478
-0.349298
-0.349121
-0.348946
-0.348774
-0.348603
-0.348435
-0.348269
-0.348105
-0.347943
-0.347783
-0.347625
-0.347469
-0.347315
-0.347163
-0.347012
-0.346864
-0.346718
-0.346573
-0.34643
-0.346289
-0.346149
-0.346012
-0.345876
-0.345741
-0.345608
-0.345477
-0.345348
-0.34522
-0.345094
-0.344969
-0.344846
-0.344724
-0.344603
-0.344485
-0.344367
-0.344251
-0.344137
-0.344023
-0.343911
-0.343801
-0.343692
-0.343584
-0.343477
-0.343372
-0.343268
-0.343165
-0.343064
-0.342963
-0.342864
-0.342766
-0.342669
-0.342574
-0.342479
-0.342386
-0.342293
-0.342202
-0.342112
-0.342023
-0.341935
-0.341848
-0.341762
-0.341677
-0.341593
-0.34151
-0.341428
-0.341347
-0.341267
-0.341188
-0.34111
-0.341033
-0.340956
-0.340881
-0.340806
-0.340732
-0.34066
-0.340588
-0.340516
-0.340446
-0.340377
-0.340308
-0.34024
-0.340173
-0.340107
-0.340041
-0.339976
-0.339912
-0.339849
-0.339786
-0.339724
-0.339663
-0.339603
-0.339543
-0.339484
-0.339426
-0.339368
-0.339311
-0.339255
-0.339199
-0.339144
-0.33909
-0.339036
-0.338983
-0.33893
-0.338878
-0.338827
-0.338776
-0.338726
-0.338676
-0.338627
-0.338579
-0.338531
-0.338483
-0.338436
-0.33839
-0.338344
-0.338299
-0.338254
-0.33821
-0.338167
-0.338123
-0.338081
-0.338038
-0.337997
-0.337955
-0.337915
-0.337874
-0.337834
-0.337795
-0.337756
-0.337717
-0.337679
-0.337642
-0.337604
-0.337568
-0.337531
-0.337495
-0.33746
-0.337425
-0.33739
-0.337355
-0.337322
-0.337288
-0.337255
-0.337222
-0.337189
-0.337157
-0.337126
-0.337094
-0.337063
-0.337033
-0.337002
-0.336972
-0.336943
-0.336913
-0.336884
-0.336856
-0.336827
-0.336799
-0.336772
-0.336744
-0.336717
-0.336691
-0.336664
-0.336638
-0.336612
-0.336587
-0.336561
-0.336536
-0.336512
-0.336487
-0.336463
-0.336439
-0.336416
-0.336392
-0.336369
-0.336346
-0.336324
-0.336302
-0.336279
-0.336258
-0.336236
-0.336215
-0.336194
-0.336173
-0.336152
-0.336132
-0.336112
-0.336092
-0.336072
-0.336053
-0.336033
-0.336014
-0.335995
-0.335977
-0.335958
-0.33594
-0.335922
-0.335904
-0.335887
-0.335869
-0.335852
-0.335835
-0.335818
-0.335802
-0.335785
-0.335769
-0.335753
-0.335737
-0.335721
-0.335706
-0.33569
-0.335675
-0.33566
-0.335645
-0.335631
-0.335616
-0.335602
-0.335588
-0.335574
-0.33556
-0.335546
-0.335532
-0.335519
-0.335506
-0.335493
-0.33548
-0.335467
-0.335454
-0.335441
-0.335429
-0.335417
-0.335405
-0.335393
-0.335381
-0.335369
-0.335357
-0.335346
-0.335335
-0.335323
-0.335312
-0.335301
-0.33529
-0.33528
-0.335269
-0.335259
-0.335248
-0.335238
-0.335228
-0.335218
-0.335208
-0.335198
-0.335188
-0.335179
-0.335169
-0.33516
-0.335151
-0.335142
-0.335133
-0.335124
-0.335115
-0.335106
-0.335097
-0.335089
-0.33508
-0.335072
-0.335064
-0.335055
-0.335047
-0.335039
-0.335031
-0.335024
-0.335016
-0.335008
-0.335001
-0.334993
-0.334986
-0.334978
-0.334971
-0.334964
-0.334957
-0.33495
-0.334943
-0.334936
-0.334929
-0.334923
-0.334916
-0.334909
-0.334903
-0.334897
-0.33489
-0.334884
-0.334878
-0.334872
-0.334866
-0.33486
-0.334854
-0.334848
-0.334842
-0.334836
-0.334831
-0.334825
-0.334819
-0.334814
-0.334809
-0.334803
-0.334798
-0.334793
-0.334788
-0.334782
-0.334777
-0.334772
-0.334767
-0.334762
-0.334758
-0.334753
-0.334748
-0.334743
-0.334739
-0.334734
-0.33473
-0.334725
-0.334721
-0.334716
-0.334712
-0.334708
-0.334704
-0.334699
-0.334695
-0.334691
-0.334687
-0.334683
-0.334679
-0.334675
-0.334671
-0.334668
-0.334664
-0.33466
-0.334656
-0.334653
-0.334649
-0.334645
-0.334642
-0.334638
-0.334635
-0.334631
-0.334628
-0.334625
-0.334621
-0.334618
-0.334615
-0.334612
-0.334609
-0.334605
-0.334602
-0.334599
-0.334596
-0.334593
-0.33459
-0.334587
-0.334584
-0.334582
-0.334579
-0.334576
-0.334573
-0.33457
-0.334568
-0.334565
-0.334562
-0.33456
-0.334557
-0.334555
-0.334552
-0.33455
-0.334547
-0.334545
-0.334542
-0.33454
-0.334537
-0.334535
-0.334533
-0.334531
-0.334528
-0.334526
-0.334524
-0.334522
-0.334519
-0.334517
-0.334515
-0.334513
-0.334511
-0.334509
-0.334507
-0.334505
-0.334503
-0.334501
-0.334499
-0.334497
-0.334495
-0.334493
-0.334492
-0.33449
-0.334488
-0.334486
-0.334484
-0.334483
-0.334481
-0.334479
-0.334477
-0.334476
-0.334474
-0.334472
-0.334471
-0.334469
-0.334468
-0.334466
-0.334465
-0.334463
-0.334461
-0.33446
-0.334459
-0.334457
-0.334456
-0.334454
-0.334453
-0.334451
-0.33445
-0.334449
-0.334447
-0.334446
-0.334445
-0.334443
-0.334442
-0.334441
-0.334439
-0.334438
-0.334437
-0.334436
-0.334434
-0.334433
-0.334432
-0.334431
-0.33443
-0.334429
-0.334427
-0.334426
-0.334425
-0.334424
-0.334423
-0.334422
-0.334421
-0.33442
-0.334419
-0.334418
-0.334417
-0.334416
-0.334415
-0.334414
-0.334413
-0.334412
-0.334411
-0.33441
-0.334409
-0.334408
-0.334407
-0.334406
-0.334405
-0.334405
-0.334404
-0.334403
-0.334402
-0.334401
-0.3344
-0.3344
-0.334399
-0.334398
-0.334397
-0.334396
-0.334396
-0.334395
-0.334394
-0.334393
-0.334393
-0.334392
-0.334391
-0.33439
-0.33439
-0.334389
-0.334388
-0.334388
-0.334387
-0.334386
-0.334386
-0.334385
-0.334384
-0.334384
-0.334383
-0.334382
-0.334382
-0.334381
-0.33438
-0.33438
-0.334379
-0.334379
-0.334378
-0.334378
-0.334377
-0.334376
-0.334376
-0.334375
-0.334375
-0.334374
-0.334374
-0.334373
-0.334373
-0.334372
-0.334372
-0.334371
-0.334371
-0.33437
-0.33437
-0.334369
-0.334369
-0.334368
-0.334368
-0.334367
-0.334367
-0.334366
-0.334366
-0.334366
-0.334365
-0.334365
-0.334364
-0.334364
-0.334363
-0.334363
-0.334363
-0.334362
-0.334362
-0.334361
-0.334361
-0.334361
-0.33436
-0.33436
-0.334359
-0.334359
-0.334359
-0.334358
-0.334358
-0.334358
-0.334357
-0.334357
-0.334357
-0.334356
-0.334356
-0.334356
-0.334355
-0.334355
-0.334355
-0.334354
-0.334354
-0.334354
-0.334353
-0.334353
-0.334353
-0.334353
-0.334352
-0.334352
-0.334352
-0.334351
-0.334351
-0.334351
-0.334351
-0.33435
-0.33435
-0.33435
-0.33435
-0.334349
-0.334349
-0.334349
-0.334349
-0.334348
-0.334348
-0.334348
-0.334348
-0.334347
-0.334347
-0.334347
-0.334347
-0.334346
-0.334346
-0.334346
-0.334346
-0.334346
-0.334345
-0.334345
-0.334345
-0.334345
-0.334344
-0.334344
-0.334344
-0.334344
-0.334344
-0.334343
-0.334343
-0.334343
-0.334343
-0.334343
-0.334343
-0.334342
-0.334342
-0.334342
-0.334342
-0.334342
-0.334341
-0.334341
-0.334341
-0.334341
-0.334341
-0.334341
-0.334341
-0.33434
-0.33434
-0.33434
-0.33434
-0.33434
-0.33434
-0.334339
-0.334339
-0.334339
-0.334339
-0.334339
-0.334339
-0.334339
-0.334338
-0.334338
-0.334338
-0.334338
-0.334338
-0.334338
-0.334338
-0.334338
-0.334337
-0.334337
-0.334337
-0.334337
-0.334337
-0.334337
-0.334337
-0.334337
-0.334336
-0.334336
-0.334336
-0.334336
-0.334336
-0.334336
-0.334336
-0.334336
-0.334336
-0.334335
-0.334335
-0.334335
-0.334335
-0.334335
-0.334335
-0.334335
-0.334335
-0.334335
-0.334335
-0.334335
-0.334334
-0.334334
-0.334334
-0.334334
-0.334334
-0.334334
-0.334334
-0.334334
-0.334334
-0.334334
-0.334334
-0.334333
-0.334333
-0.334333
-0.334333
-0.334333
-0.334333
-0.334333
-0.334333
-0.334333
-0.334333
-0.334333
-0.334333
-0.334333
-0.334333
-0.334332
-0.334332
-0.334332
-0.334332
-0.334332
-0.334332
-0.334332
-0.334332
-0.334332
-0.334332
-0.334332
-0.334332
-0.334332
-0.334332
-0.334332
-0.334331
-0.334331
-0.334331
-0.334331
-0.334331
-0.334331
-0.334331
-0.334331
-0.334331
-0.334331
-0.334331
-0.334331
-0.334331
-0.334331
-0.334331
-0.334331
-0.334331
-0.334331
-0.334331
-0.334331
-0.33433
-0.33433
-0.33433
-0.33433
-0.33433
-0.33433
-0.33433
-0.33433
-0.33433
-0.33433
-0.33433
-0.33433
-0.33433
-0.33433
-0.33433
-0.33433
-0.33433
-0.33433
-0.33433
-0.33433
-0.33433
-0.33433
-0.33433
-0.33433
-0.334329
-0.334329
-0.334329
-0.334329
-0.334329
-0.334329
-0.334329
-0.334329
-0.334329
-0.334329
-0.334329
-0.334329
-0.334329
-0.334329
-0.334329
-0.334329
-0.334329
-0.334329
-0.334329
-0.334329
-0.334329
-0.334329
-0.334329
-0.334329
-0.334329
-0.334329
-0.334329
-0.334329
-0.334329
-0.334329
-0.334329
-0.334329
-0.334329
-0.334328
-0.334328
-0.334328
-0.334328
-0.334328
-0.334328
-0.334328
-0.334328
-0.334328
-0.334328
-0.334328
-0.334328
-0.334328
-0.334328
-0.334328
-0.334328
-0.334328
-0.334328
-0.334328
-0.334328
-0.334328
-0.334328
-0.334328
-0.334328
-0.334328
-0.334328
-0.334328
-0.334328
-0.334328
-0.334328
-0.334328
-0.334328
-0.334328
-0.334328
-0.334328
-0.334328
-0.334328
-0.334328
-0.334328
-0.334328
-0.334328
-0.334328
-0.334328
-0.334328
-0.334328
-0.334328
-0.334328
-0.334328
-0.334328
-0.334328
-0.334328
-0.334328
-0.334328
-0.334328
-0.334327
-0.334327
-0.334327
-0.334327
-0.334327
-0.334327
-0.334327
-0.334327
-0.334327
-0.334327
-0.334327
-0.334327
-0.334327
-0.334327
-0.334327
-0.334327
-0.334327
-0.334327
-0.334327
-0.334327
-0.334327
-0.334327
-0.334327
-0.334327
-0.334327
-0.334327
-0.334327
-0.334327
-0.334327
-0.334327
-0.334327
-0.334327
-0.334327
-0.334327
-0.334327
-0.334327
-0.334327
-0.334327
-0.334327
-0.334327
-0.334327
-0.334327
-0.334327
-0.334327
-0.334327
-0.334327
-0.334327
-0.334327
-0.334327
-0.334327
-0.334327
-0.334327
-0.334327
-0.334327
-0.334327
-0.334327
-0.334327
-0.334327
-0.334327
-0.334327
-0.334327
-0.334327
-0.334327
-0.334327
-0.334327
-0.334327
-0.334327
-0.334327
-0.334327
-0.334327
-0.334327
-0.334327
-0.334327
-0.334327
-0.334327
-0.334327
-0.334327
-0.334327
-0.334327
-0.334327
-0.334327
-0.334327
-0.334327
-0.334327
-0.334327
-0.334327
-0.334327
-0.334327
-0.334327
-0.334327
-0.334327
-0.334327
-0.334327
-0.334327
-0.334327
-0.334327
-0.334327
-0.334327
-0.334327
-0.334327
-0.334327
-0.334327
-0.334327
-0.334327
-0.334327
-0.334327
-0.334327
-0.334327
-0.334327
-0.334327
-0.334327
-0.334327
-0.334327
-0.334327
-0.334327
-0.334327
-0.334327
-0.334327
-0.334327
-0.334327
-0.334327
-0.334327
-0.334327
-0.334327
-0.334327
-0.334327
-0.334327
-0.334327
-0.334327
-0.334327
-0.334327
-0.334327
-0.334327
-0.334327
-0.334327
-0.334327
-0.334327
-0.334327
-0.334327
-0.334327
-0.334327
-0.334327
-0.334327
-0.334327
-0.334327
-0.334327
-0.334327
-0.334327
-0.334327
-0.334327
-0.334327
-0.334327
-0.334327
-0.334326
-0.334326
-0.334326
-0.334326
-0.334326
-0.334326
-0.334326
-0.334326
-0.334326
-0.334326
-0.334326
-0.334326
-0.334326
-0.334326
-0.334326
-0.334326
-0.334326
-0.334326
-0.334326
-0.334326
-0.334326
-0.334326
-0.334326
-0.334326
-0.334326
-0.334326
-0.334326
-0.334326
-0.334326
-0.334326
-0.334326
-0.334326
-0.334326
-0.334326
-0.334326
-0.334326
-0.334326
-0.334326
-0.334326
-0.334326
-0.334326
-0.334326
-0.334326
-0.334326
-0.334326
-0.334326
-0.334326
-0.334326
-0.334326
-0.334326
-0.334326
-0.334326
-0.334326
-0.334326
-0.334326
-0.334326
-0.334326
-0.334326
-0.334326
-0.334326
-0.334326
-0.334326
-0.334326
-0.334326
-0.334326
-0.334326
-0.334326
-0.334326
-0.334326
-0.334326
-0.334326
-0.334326
-0.334326
-0.334326
-0.334326
-0.334326
-0.334326
-0.334326
-0.334326
-0.334326
-0.334326
-0.334326
-0.334326
-0.334326
-0.334326
-0.334326
-0.334326
-0.334326
-0.334326
-0.334326
-0.334326
-0.334326
-0.334326
-0.334326
-0.334326
-0.334326
-0.334326
-0.334326
-0.334326
-0.334326
-0.334326
-0.334326
-0.334326
-0.334326
-0.334326
-0.334326
-0.334326
-0.334326
-0.334326
-0.334326
-0.334326
-0.334326
-0.334326
-0.334326
-0.334326
-0.334326
-0.334326
-0.334326
-0.334326
-0.334326
-0.334326
-0.334326
-0.334326
-0.334326
-0.334326
-0.334326
-0.334326
-0.334326
-0.334326
-0.334326
-0.334326
-0.334326
-0.334326
-0.334326
-0.334326
-0.334326
-0.334326
-0.334326
-0.334326
-0.334326
-0.334326
-0.334326
-0.334326
-0.334326
-0.334326
-0.334326
-0.334326
-0.334326
-0.334326
-0.334326
-0.334326
-0.334326
-0.334326
-0.334326
-0.334326
-0.334326
-0.334326
-0.334326
-0.334326
-0.334326
-0.334326
-0.334326
-0.334326
-0.334326
-0.334326
-0.334326
-0.334326
-0.334326
-0.334326
-0.334326
-0.334326
-0.334326
-0.334326
-0.334326
-0.334326
-0.334326
-0.334326
-0.334326
-0.334326
-0.334326
-0.334326
-0.334326
-0.334326
-0.334326
-0.334326
-0.334326
-0.334326
-0.334326
-0.334326
-0.334326
-0.334326
-0.334326
-0.334326
-0.334326
-0.334326
-0.334326
-0.334326
-0.334326
-0.334326
-0.334326
-0.334326
-0.334326
-0.334326
-0.334326
-0.334326
-0.334326
-0.334326
-0.334326
-0.334326
-0.334326
-0.334326
-0.334326
-0.334326
-0.334326
-0.334326
-0.334326
-0.334326
-0.334326
-0.334326
-0.334326
-0.334326
-0.334326
-0.334326
-0.334326
-0.334326
-0.334326
-0.334326
-0.334326
-0.334326
-0.334326
-0.334326
-0.334326
-0.334326
-0.334326
-0.334326
-0.334326
-0.334326
-0.334326
-0.334326
-0.334326
-0.334326
-0.334326
-0.334326
-0.334326
-0.334326
-0.334326
-0.334326
-0.334326
-0.334326
-0.334326
-0.334326
-0.334326
-0.334326
-0.334326
-0.334326
-0.334326
-0.334326
-0.334326
-0.334326
-0.334326
-0.334326
-0.334326
-0.334326
-0.334326
-0.334326
-0.334326
-0.334326
-0.334326
-0.334326
-0.334326
-0.334326
-0.334326
-0.334326
-0.334326
-0.334326
-0.334326
-0.334326
-0.334326
-0.334326
-0.334326
-0.334326
-0.334326
-0.334326
-0.334326
-0.334326
-0.334326
-0.334326
-0.334326
-0.334326
-0.334326
-0.334326
-0.334326
-0.334326
-0.334326
-0.334326
-0.334326
-0.334326
-0.334326
-0.334326
-0.334326
-0.334326
-0.334326
-0.334326
-0.334326
-0.334326
-0.334326
-0.334326
-0.334326
-0.334326
-0.334326
-0.334326
-0.334326
-0.334326
-0.334326
-0.334326
-0.334326
-0.334326
-0.334326
-0.334326
-0.334326
-0.334326
-0.334326
-0.334326
-0.334326
-0.334326
-0.334326
-0.334326
-0.334326
-0.334326
-0.334326
-0.334326
-0.334326
-0.334326
-0.334326
-0.334326
-0.334326
-0.334326
-0.334326
-0.334326
-0.334326
-0.334326
-0.334326
-0.334326
-0.334326
-0.334326
-0.334326
-0.334326
-0.334326
-0.334326
-0.334326
-0.334326
-0.334326
-0.334326
-0.334326
-0.334326
-0.334326
-0.334326
-0.334326
-0.334326
-0.334326
-0.334326
-0.334326
-0.334326
-0.334326
-0.334326
-0.334326
-0.334326
-0.334326
-0.334326
-0.334326
-0.334326
-0.334326
-0.334326
-0.334326
-0.334326
-0.334326
-0.334326
-0.334326
-0.334326
-0.334326
-0.334326
-0.334326
-0.334326
-0.334326
-0.334326
-0.334326
-0.334326
-0.334326
-0.334326
-0.334326
-0.334326
-0.334326
-0.334326
-0.334326
-0.334326
-0.334326
-0.334326
-0.334326
-0.334326
-0.334326
-0.334326
-0.334326
-0.334326
-0.334326
-0.334326
-0.334326
-0.334326
-0.334326
-0.334326
-0.334326
-0.334326
-0.334326
-0.334326
-0.334326
-0.334326
-0.334326
-0.334326
-0.334326
-0.334326
-0.334326
-0.334326
-0.334326
-0.334326
-0.334326
-0.334326
-0.334326
-0.334326
-0.334326
-0.334326
-0.334326
-0.334326
-0.334326
-0.334326
-0.334326
-0.334326
-0.334326
-0.334326
-0.334326
-0.334326
-0.334326
-0.334326
-0.334326
-0.334326
-0.334326
-0.334326
-0.334326
-0.334326
-0.334326
-0.334326
-0.334326
-0.334326
-0.334326
-0.334326
-0.334326
-0.334326
-0.334326
-0.334326
-0.334326
-0.334326
-0.334326
-0.334326
-0.334326
-0.334326
-0.334326
-0.334326
-0.334326
-0.334326
-0.334326
-0.334326
-0.334326
-0.334326
-0.334326
-0.334326
-0.334326
-0.334326
-0.334326
-0.334326
-0.334326
-0.334326
-0.334326
-0.334326
-0.334326
-0.334326
-0.334326
-0.334326
-0.334326
-0.334326
-0.334326
-0.334326
-0.334326
-0.334326
-0.334326
-0.334326
-0.334326
-0.334326
-0.334326
-0.334326
-0.334326
-0.334326
-0.334326
-0.334326
-0.334326
-0.334326
-0.334326
-0.334326
-0.334326
-0.334326
-0.334326
-0.334326
-0.334326
-0.334326
-0.334326
-0.334326
-0.334326
-0.334326
-0.334326
-0.334326
-0.334326
-0.334326
-0.334326
-0.334326
-0.334326
-0.334326
-0.334326
-0.334326
-0.334326
-0.334326
-0.334326
-0.334326
-0.334326
-0.334326
-0.334326
-0.334326
-0.334326
-0.334326
-0.334326
-0.334326
-0.334326
-0.334326
-0.334326
-0.334326
-0.334326
-0.334326
-0.334326
-0.334326
-0.334326
-0.334326
-0.334326
-0.334326
-0.334326
-0.334326
-0.334326
-0.334326
-0.334326
-0.334326
-0.334326
-0.334326
-0.334326
-0.334326
-0.334326
-0.334326
-0.334326
-0.334326
-0.334326
-0.334326
-0.334326
-0.334326
-0.334326
-0.334326
-0.334326
-0.334326
-0.334326
-0.334326
-0.334326
-0.334326
-0.334326
-0.334326
-0.334326
-0.334326
-0.334326
-0.334326
-0.334326
-0.334326
-0.334326
-0.334326
-0.334326
-0.334326
-0.334326
-0.334326
-0.334326
-0.334326
-0.334326
-0.334326
-0.334326
-0.334326
-0.334326
-0.334326
-0.334326
-0.334326
-0.334326
-0.334326
-0.334326
-0.334326
-0.334326
-0.334326
-0.334326
-0.334326
-0.334326
-0.334326
-0.334326
-0.334326
-0.334326
-0.334326
-0.334326
-0.334326
-0.334326
-0.334326
-0.334326
-0.334326
-0.334326
-0.334326
-0.334326
-0.334326
-0.334326
-0.334326
-0.334326
-0.334326
-0.334326
-0.334326
-0.334326
-0.334326
-0.334326
-0.334326
-0.334326
-0.334326
-0.334326
-0.334326
-0.334326
-0.334326
-0.334326
-0.334326
-0.334326
-0.334326
-0.334326
-0.334326
-0.334326
-0.334326
-0.334326
-0.334326
-0.334326
-0.334326
-0.334326
-0.334326
-0.334326
-0.334326
-0.334326
-0.334326
-0.334326
-0.334326
-0.334326
-0.334326
-0.334326
-0.334326
-0.334326
-0.334326
-0.334326
-0.334326
-0.334326
-0.334326
-0.334326
-0.334326
-0.334326
-0.334326
-0.334326
-0.334326
-0.334326
-0.334326
-0.334326
-0.334326
-0.334326
-0.334326
-0.334326
-0.334326
-0.334326
-0.334326
-0.334326
-0.334326
-0.334326
-0.334326
-0.334326
-0.334326
-0.334326
-0.334326
-0.334326
-0.334326
-0.334326
-0.334326
-0.334326
-0.334326
-0.334326
-0.334326
-0.334326
-0.334326
-0.334326
-0.334326
-0.334326
-0.334326
-0.334326
-0.334326
-0.334326
-0.334326
-0.334326
-0.334326
-0.334326
-0.334326
-0.334326
-0.334326
-0.334326
-0.334326
-0.334326
-0.334326
-0.334326
-0.334326
-0.334326
-0.334326
-0.334326
-0.334326
-0.334326
-0.334326
-0.334326
-0.334326
-0.334326
-0.334326
-0.334326
-0.334326
-0.334326
-0.334326
-0.334326
-0.334326
-0.334326
-0.334326
-0.334326
-0.334326
-0.334326
-0.334326
-0.334326
-0.334326
-0.334326
-0.334326
-0.334326
-0.334326
-0.334326
-0.334326
-0.334326
-0.334326
-0.334326
-0.334326
-0.334326
-0.334326
-0.334326
-0.334326
-0.334326
-0.334326
-0.334326
-0.334326
-0.334326
-0.334326
-0.334326
-0.334326
-0.334326
-0.334326
-0.334326
-0.334326
-0.334326
-0.334326
-0.334326
-0.334326
-0.334326
-0.334326
-0.334326
-0.334326
-0.334326
-0.334326
-0.334326
-0.334326
-0.334326
-0.334326
-0.334326
-0.334326
-0.334326
-0.334326
-0.334326
-0.334326
-0.334326
-0.334326
-0.334326
-0.334326
-0.334326
-0.334326
-0.334326
-0.334326
-0.334326
-0.334326
-0.334326
-0.334326
-0.334326
-0.334326
-0.334326
-0.334326
-0.334326
-0.334326
-0.334326
-0.334326
-0.334326
-0.334326
-0.334326
-0.334326
-0.334326
-0.334326
-0.334326
-0.334326
-0.334326
-0.334326
-0.334326
-0.334326
-0.334326
-0.334326
-0.334326
-0.334326
-0.334326
-0.334326
-0.334326
-0.334326
-0.334326
-0.334326
-0.334326
-0.334326
-0.334326
-0.334326
-0.334326
-0.334326
-0.334326
-0.334326
-0.334326
-0.334326
-0.334326
-0.334326
-0.334326
-0.334326
-0.334326
-0.334326
-0.334326
-0.334326
-0.334326
-0.334326
-0.334326
-0.334326
-0.334326
-0.334326
-0.334326
-0.334326
-0.334326
-0.334326
-0.334326
-0.334326
-0.334326
-0.334326
-0.334326
-0.334326
-0.334326
-0.334326
-0.334326
-0.334326
-0.334326
-0.334326
-0.334326
-0.334326
-0.334326
-0.334326
-0.334326
-0.334326
-0.334326
-0.334326
-0.334326
-0.334326
-0.334326
-0.334326
-0.334326
-0.334326
-0.334326
-0.334326
-0.334326
-0.334326
-0.334326
-0.334326
-0.334326
-0.334326
-0.334326
-0.334326
-0.334326
-0.334326
-0.334326
-0.334326
-0.334326
-0.334326
-0.334326
-0.334326
-0.334326
-0.334326
-0.334326
-0.334326
-0.334326
-0.334326
-0.334326
-0.334326
-0.334326
-0.334326
-0.334326
-0.334326
-0.334326
-0.334326
-0.334326
-0.334326
-0.334326
-0.334326
-0.334326
-0.334326
-0.334326
-0.334326
-0.334326
-0.334326
-0.334326
-0.334326
-0.334326
-0.334326
-0.334326
-0.334326
-0.334326
-0.334326
-0.334326
-0.334326
-0.334326
-0.334326
-0.334326
-0.334326
-0.334326
-0.334326
-0.334326
-0.334326
-0.334326
-0.334326
-0.334326
-0.334326
-0.334326
-0.334326
-0.334326
-0.334326
-0.334326
-0.334326
-0.334326
-0.334326
-0.334326
-0.334326
-0.334326
-0.334326
-0.334326
-0.334326
-0.334326
-0.334326
-0.334326
-0.334326
-0.334326
-0.334326
-0.334326
-0.334326
-0.334326
-0.334326
-0.334326
-0.334326
-0.334326
-0.334326
-0.334326
-0.334326
-0.334326
-0.334326
-0.334326
-0.334326
-0.334326
-0.334326
-0.334326
-0.334326
-0.334326
-0.334326
-0.334326
-0.334326
-0.334326
-0.334326
-0.334326
-0.334326
-0.334326
-0.334326
-0.334326
-0.334326
-0.334326
-0.334326
-0.334326
-0.334326
-0.334326
-0.334326
-0.334326
-0.334326
-0.334326
-0.334326
-0.334326
-0.334326
-0.334326
-0.334326
-0.334326
-0.334326
-0.334326
-0.334326
-0.334326
-0.334326
-0.334326
-0.334326
-0.334326
-0.334326
-0.334326
-0.334326
-0.334326
-0.334326
-0.334326
-0.334326
-0.334326
-0.334326
-0.334326
-0.334326
-0.334326
-0.334326
-0.334326
-0.334326
-0.334326
-0.334326
-0.334326
-0.334326
-0.334326
-0.334326
-0.334326
-0.334326
-0.334326
-0.334326
-0.334326
-0.334326
-0.334326
-0.334326
-0.334326
-0.334326
-0.334326
-0.334326
-0.334326
-0.334326
-0.334326
-0.334326
-0.334326
-0.334326
-0.334326
-0.334326
-0.334326
-0.334326
-0.334326
-0.334326
-0.334326
-0.334326
-0.334326
-0.334326
-0.334326
-0.334326
-0.334326
-0.334326
-0.334326
-0.334326
-0.334326
-0.334326
-0.334326
-0.334326
-0.334326
-0.334326
-0.334326
-0.334326
-0.334326
-0.334326
-0.334326
-0.334326
-0.334326
-0.334326
-0.334326
-0.334326
-0.334326
-0.334326
-0.334326
-0.334326
-0.334326
-0.334326
-0.334326
-0.334326
-0.334326
-0.334326
-0.334326
-0.334326
-0.334326
-0.334326
-0.334326
-0.334326
-0.334326
-0.334326
-0.334326
-0.334326
-0.334326
-0.334326
-0.334326
-0.334326
-0.334326
-0.334326
-0.334326
-0.334326
-0.334326
-0.334326
-0.334326
-0.334326
-0.334326
-0.334326
-0.334326
-0.334326
-0.334326
-0.334326
-0.334326
-0.334326
-0.334326
-0.334326
-0.334326
-0.334326
-0.334326
-0.334326
-0.334326
-0.334326
-0.334326
-0.334326
-0.334326
-0.334326
-0.334326
-0.334326
-0.334326
-0.334326
-0.334326
-0.334326
-0.334326
-0.334326
-0.334326
-0.334326
-0.334326
-0.334326
-0.334326
-0.334326
-0.334326
-0.334326
-0.334326
-0.334326
-0.334326
-0.334326
-0.334326
-0.334326
-0.334326
-0.334326
-0.334326
-0.334326
-0.334326
-0.334326
-0.334326
-0.334326
-0.334326
-0.334326
-0.334326
-0.334326
-0.334326
-0.334326
-0.334326
-0.334326
-0.334326
-0.334326
-0.334326
-0.334326
-0.334326
-0.334326
-0.334326
-0.334326
-0.334326
-0.334326
-0.334326
-0.334326
-0.334326
-0.334326
-0.334326
-0.334326
-0.334326
-0.334326
-0.334326
-0.334326
-0.334326
-0.334326
-0.334326
-0.334326
-0.334326
-0.334326
-0.334326
-0.334326
-0.334326
-0.334326
-0.334326
-0.334326
-0.334326
-0.334326
-0.334326
-0.334326
-0.334326
-0.334326
-0.334326
-0.334326
-0.334326
-0.334326
-0.334326
-0.334326
-0.334326
-0.334326
-0.334326
-0.334326
-0.334326
-0.334326
-0.334326
-0.334326
-0.334326
-0.334326
-0.334326
-0.334326
-0.334326
-0.334326
-0.334326
-0.334326
-0.334326
-0.334326
-0.334326
-0.334326
-0.334326
-0.334326
-0.334326
-0.334326
-0.334326
-0.334326
-0.334326
-0.334326
-0.334326
-0.334326
-0.334326
-0.334326
-0.334326
-0.334326
-0.334326
-0.334326
-0.334326
-0.334326
-0.334326
-0.334326
-0.334326
-0.334326
-0.334326
-0.334326
-0.334326
-0.334326
-0.334326
-0.334326
-0.334326
-0.334326
-0.334326
-0.334326
-0.334326
-0.334326
-0.334326
-0.334326
-0.334326
-0.334326
-0.334326
-0.334326
-0.334326
-0.334326
-0.334326
-0.334326
-0.334326
-0.334326
-0.334326
-0.334326
-0.334326
-0.334326
-0.334326
-0.334326
-0.334326
-0.334326
-0.334326
-0.334326
-0.334326
-0.334326
-0.334326
-0.334326
-0.334326
-0.334326
-0.334326
-0.334326
-0.334326
-0.334326
-0.334326
-0.334326
-0.334326
-0.334326
-0.334326
-0.334326
-0.334326
-0.334326
-0.334326
-0.334326
-0.334326
-0.334326
-0.334326
-0.334326
-0.334326
-0.334326
-0.334326
-0.334326
-0.334326
-0.334326
-0.334326
-0.334326
-0.334326
-0.334326
-0.334326
-0.334326
-0.334326
-0.334326
-0.334326
-0.334326
-0.334326
-0.334326
-0.334326
-0.334326
-0.334326
-0.334326
-0.334326
-0.334326
-0.334326
-0.334326
-0.334326
-0.334326
-0.334326
-0.334326
-0.334326
-0.334326
-0.334326
-0.334326
-0.334326
-0.334326
-0.334326
-0.334326
-0.334326
-0.334326
-0.334326
-0.334326
-0.334326
-0.334326
-0.334326
-0.334326
-0.334326
-0.334326
-0.334326
-0.334326
-0.334326
-0.334326
-0.334326
-0.334326
-0.334326
-0.334326
-0.334326
-0.334326
-0.334326
-0.334326
-0.334326
-0.334326
-0.334326
-0.334326
-0.334326
-0.334326
-0.334326
-0.334326
-0.334326
-0.334326
-0.334326
-0.334326
-0.334326
-0.334326
-0.334326
-0.334326
-0.334326
-0.334326
-0.334326
-0.334326
-0.334326
-0.334326
-0.334326
-0.334326
-0.334326
-0.334326
-0.334326
-0.334326
-0.334326
-0.334326
-0.334326
-0.334326
-0.334326
-0.334326
-0.334326
-0.334326
-0.334326
-0.334326
-0.334326
-0.334326
-0.334326
-0.334326
-0.334326
-0.334326
-0.334326
-0.334326
-0.334326
-0.334326
-0.334326
-0.334326
-0.334326
-0.334326
-0.334326
-0.334326
-0.334326
-0.334326
-0.334326
-0.334326
-0.334326
-0.334326
-0.334326
-0.334326
-0.334326
-0.334326
-0.334326
-0.334326
-0.334326
-0.334326
-0.334326
-0.334326
-0.334326
-0.334326
-0.334326
-0.334326
-0.334326
-0.334326
-0.334326
-0.334326
-0.334326
-0.334326
-0.334326
-0.334326
-0.334326
-0.334326
-0.334326
-0.334326
-0.334326
-0.334326
-0.334326
-0.334326
-0.334326
-0.334326
-0.334326
-0.334326
-0.334326
-0.334326
-0.334326
-0.334326
-0.334326
-0.334326
-0.334326
-0.334326
-0.334326
-0.334326
-0.334326
-0.334326
-0.334326
-0.334326
-0.334326
-0.334326
-0.334326
-0.334326
-0.334326
-0.334326
-0.334326
-0.334326
-0.334326
-0.334326
-0.334326
-0.334326
-0.334326
-0.334326
-0.334326
-0.334326
-0.334326
-0.334326
-0.334326
-0.334326
-0.334326
-0.334326
-0.334326
-0.334326
-0.334326
-0.334326
-0.334326
-0.334326
-0.334326
-0.334326
-0.334326
-0.334326
-0.334326
-0.334326
-0.334326
-0.334326
-0.334326
-0.334326
-0.334326
-0.334326
-0.334326
-0.334326
-0.334326
-0.334326
-0.334326
-0.334326
-0.334326
-0.334326
-0.334326
-0.334326
-0.334326
-0.334326
-0.334326
-0.334326
-0.334326
-0.334326
-0.334326
-0.334326
-0.334326
-0.334326
-0.334326
-0.334326
-0.334326
-0.334326
-0.334326
-0.334326
-0.334326
-0.334326
-0.334326
-0.334326
-0.334326
-0.334326
-0.334326
-0.334326
-0.334326
-0.334326
-0.334326
-0.334326
-0.334326
-0.334326
-0.334326
-0.334326
-0.334326
-0.334326
-0.334326
-0.334326
-0.334326
-0.334326
-0.334326
-0.334326
-0.334326
-0.334326
-0.334326
-0.334326
-0.334326
-0.334326
-0.334326
-0.334326
-0.334326
-0.334326
-0.334326
-0.334326
-0.334326
-0.334326
-0.334326
-0.334326
-0.334326
-0.334326
-0.334326
-0.334326
-0.334326
-0.334326
-0.334326
-0.334326
-0.334326
-0.334326
-0.334326
-0.334326
-0.334326
-0.334326
-0.334326
-0.334326
-0.334326
-0.334326
-0.334326
-0.334326
-0.334326
-0.334326
-0.334326
-0.334326
-0.334326
-0.334326
-0.334326
-0.334326
-0.334326
-0.334326
-0.334326
-0.334326
-0.334326
-0.334326
-0.334326
-0.334326
-0.334326
-0.334326
-0.334326
-0.334326
-0.334326
-0.334326
-0.334326
-0.334326
-0.334326
-0.334326
-0.334326
-0.334326
-0.334326
-0.334326
-0.334326
-0.334326
-0.334326
-0.334326
-0.334326
-0.334326
-0.334326
-0.334326
-0.334326
-0.334326
-0.334326
-0.334326
-0.334326
-0.334326
-0.334326
-0.334326
-0.334326
-0.334326
-0.334326
-0.334326
-0.334326
-0.334326
-0.334326
-0.334326
-0.334326
-0.334326
-0.334326
-0.334326
-0.334326
-0.334326
-0.334326
-0.334326
-0.334326
-0.334326
-0.334326
-0.334326
-0.334326
-0.334326
-0.334326
-0.334326
-0.334326
-0.334326
-0.334326
-0.334326
-0.334326
-0.334326
-0.334326
-0.334326
-0.334326
-0.334326
-0.334326
-0.334326
-0.334326
-0.334326
-0.334326
-0.334326
-0.334326
-0.334326
-0.334326
-0.334326
-0.334326
-0.334326
-0.334326
-0.334326
-0.334326
-0.334326
-0.334326
-0.334326
-0.334326
-0.334326
-0.334326
-0.334326
-0.334326
-0.334326
-0.334326
-0.334326
-0.334326
-0.334326
-0.334326
-0.334326
-0.334326
-0.334326
-0.334326
-0.334326
-0.334326
-0.334326
-0.334326
-0.334326
-0.334326
-0.334326
-0.334326
-0.334326
-0.334326
-0.334326
-0.334326
-0.334326
-0.334326
-0.334326
-0.334326
-0.334326
-0.334326
-0.334326
-0.334326
-0.334326
-0.334326
-0.334326
-0.334326
-0.334326
-0.334326
-0.334326
-0.334326
-0.334326
-0.334326
-0.334326
-0.334326
-0.334326
-0.334326
-0.334326
-0.334326
-0.334326
-0.334326
-0.334326
-0.334326
-0.334326
-0.334326
-0.334326
-0.334326
-0.334326
-0.334326
-0.334326
-0.334326
-0.334326
-0.334326
-0.334326
-0.334326
-0.334326
-0.334326
-0.334326
-0.334326
-0.334326
-0.334326
-0.334326
-0.334326
-0.334326
-0.334326
-0.334326
-0.334326
-0.334326
-0.334326
-0.334326
-0.334326
-0.334326
-0.334326
-0.334326
-0.334326
-0.334326
-0.334326
-0.334326
-0.334326
-0.334326
-0.334326
-0.334326
-0.334326
-0.334326
-0.334326
-0.334326
-0.334326
-0.334326
-0.334326
-0.334326
-0.334326
-0.334326
-0.334326
-0.334326
-0.334326
-0.334326
-0.334326
-0.334326
-0.334326
-0.334326
-0.334326
-0.334326
-0.334326
-0.334326
-0.334326
-0.334326
-0.334326
-0.334326
-0.334326
-0.334326
-0.334326
-0.334326
-0.334326
-0.334326
-0.334326
-0.334326
-0.334326
-0.334326
-0.334326
-0.334326
-0.334326
-0.334326
-0.334326
-0.334326
-0.334326
-0.334326
-0.334326
-0.334326
-0.334326
-0.334326
-0.334326
-0.334326
-0.334326
-0.334326
-0.334326
-0.334326
-0.334326
-0.334326
-0.334326
-0.334326
-0.334326
-0.334326
-0.334326
-0.334326
-0.334326
-0.334326
-0.334326
-0.334326
-0.334326
-0.334326
-0.334326
-0.334326
-0.334326
-0.334326
-0.334326
-0.334326
-0.334326
-0.334326
-0.334326
-0.334326
-0.334326
-0.334326
-0.334326
-0.334326
-0.334326
-0.334326
-0.334326
-0.334326
-0.334326
-0.334326
-0.334326
-0.334326
-0.334326
-0.334326
-0.334326
-0.334326
-0.334326
-0.334326
-0.334326
-0.334326
-0.334326
-0.334326
-0.334326
-0.334326
-0.334326
-0.334326
-0.334326
-0.334326
-0.334326
-0.334326
-0.334326
-0.334326
-0.334326
-0.334326
-0.334326
-0.334326
-0.334326
-0.334326
-0.334326
-0.334326
-0.334326
-0.334326
-0.334326
-0.334326
-0.334326
-0.334326
-0.334326
-0.334326
-0.334326
-0.334326
-0.334326
-0.334326
-0.334326
-0.334326
-0.334326
-0.334326
-0.334326
-0.334326
-0.334326
-0.334326
-0.334326
-0.334326
-0.334326
-0.334326
-0.334326
-0.334326
-0.334326
-0.334326
-0.334326
-0.334326
-0.334326
-0.334326
-0.334326
-0.334326
-0.334326
-0.334326
-0.334326
-0.334326
-0.334326
-0.334326
-0.334326
-0.334326
-0.334326
-0.334326
-0.334326
-0.334326
-0.334326
-0.334326
-0.334326
-0.334326
-0.334326
-0.334326
-0.334326
-0.334326
-0.334326
-0.334326
-0.334326
-0.334326
-0.334326
-0.334326
-0.334326
-0.334326
-0.334326
-0.334326
-0.334326
-0.334326
-0.334326
-0.334326
-0.334326
-0.334326
-0.334326
-0.334326
-0.334326
-0.334326
-0.334326
-0.334326
-0.334326
-0.334326
-0.334326
-0.334326
-0.334326
-0.334326
-0.334326
-0.334326
-0.334326
-0.334326
-0.334326
-0.334326
-0.334326
-0.334326
-0.334326
-0.334326
-0.334326
-0.334326
-0.334326
-0.334326
-0.334326
-0.334326
-0.334326
-0.334326
-0.334326
-0.334326
-0.334326
-0.334326
-0.334326
-0.334326
-0.334326
-0.334326
-0.334326
-0.334326
-0.334326
-0.334326
-0.334326
-0.334326
-0.334326
-0.334326
-0.334326
-0.334326
-0.334326
-0.334326
-0.334326
-0.334326
-0.334326
-0.334326
-0.334326
-0.334326
-0.334326
-0.334326
-0.334326
-0.334326
-0.334326
-0.334326
-0.334326
-0.334326
-0.334326
-0.334326
-0.334326
-0.334326
-0.334326
-0.334326
-0.334326
-0.334326
-0.334326
-0.334326
-0.334326
-0.334326
-0.334326
-0.334326
-0.334326
-0.334326
-0.334326
-0.334326
-0.334326
-0.334326
-0.334326
-0.334326
-0.334326
-0.334326
-0.334326
-0.334326
-0.334326
-0.334326
-0.334326
-0.334326
-0.334326
-0.334326
-0.334326
-0.334326
-0.334326
-0.334326
-0.334326
-0.334326
-0.334326
-0.334326
-0.334326
-0.334326
-0.334326
-0.334326
-0.334326
-0.334326
-0.334326
-0.334326
-0.334326
-0.334326
-0.334326
-0.334326
-0.334326
-0.334326
-0.334326
-0.334326
-0.334326
-0.334326
-0.334326
-0.334326
-0.334326
-0.334326
-0.334326
-0.334326
-0.334326
-0.334326
-0.334326
-0.334326
-0.334326
-0.334326
-0.334326
-0.334326
-0.334326
-0.334326
-0.334326
-0.334326
-0.334326
-0.334326
-0.334326
-0.334326
-0.334326
-0.334326
-0.334326
-0.334326
-0.334326
-0.334326
-0.334326
-0.334326
-0.334326
-0.334326
-0.334326
-0.334326
-0.334326
-0.334326
-0.334326
-0.334326
-0.334326
-0.334326
-0.334326
-0.334326
-0.334326
-0.334326
-0.334326
-0.334326
-0.334326
-0.334326
-0.334326
-0.334326
-0.334326
-0.334326
-0.334326
-0.334326
-0.334326
-0.334326
-0.334326
-0.334326
-0.334326
-0.334326
-0.334326
-0.334326
-0.334326
-0.334326
-0.334326
-0.334326
-0.334326
-0.334326
-0.334326
-0.334326
-0.334326
-0.334326
-0.334326
-0.334326
-0.334326
-0.334326
-0.334326
-0.334326
-0.334326
-0.334326
-0.334326
-0.334326
-0.334326
-0.334326
-0.334326
-0.334326
-0.334326
-0.334326
-0.334326
-0.334326
-0.334326
-0.334326
-0.334326
-0.334326
-0.334326
-0.334326
-0.334326
-0.334326
-0.334326
-0.334326
-0.334326
-0.334326
-0.334326
-0.334326
-0.334326
-0.334326
-0.334326
-0.334326
-0.334326
-0.334326
-0.334326
-0.334326
-0.334326
-0.334326
-0.334326
-0.334326
-0.334326
-0.334326
-0.334326
-0.334326
-0.334326
-0.334326
-0.334326
-0.334326
-0.334326
-0.334326
-0.334326
-0.334326
-0.334326
-0.334326
-0.334326
-0.334326
-0.334326
-0.334326
-0.334326
-0.334326
-0.334326
-0.334326
-0.334326
-0.334326
-0.334326
-0.334326
-0.334326
-0.334326
-0.334326
-0.334326
-0.334326
-0.334326
-0.334326
-0.334326
-0.334326
-0.334326
-0.334326
-0.334326
-0.334326
-0.334326
-0.334326
-0.334326
-0.334326
-0.334326
-0.334326
-0.334326
-0.334326
-0.334326
-0.334326
-0.334326
-0.334326
-0.334326
-0.334326
-0.334326
-0.334326
-0.334326
-0.334326
-0.334326
-0.334326
-0.334326
-0.334326
-0.334326
-0.334326
-0.334326
-0.334326
-0.334326
-0.334326
-0.334326
-0.334326
-0.334326
-0.334326
-0.334326
-0.334326
-0.334326
-0.334326
-0.334326
-0.334326
-0.334326
-0.334326
-0.334326
-0.334326
-0.334326
-0.334326
-0.334326
-0.334326
-0.334326
-0.334326
-0.334326
-0.334326
-0.334326
-0.334326
-0.334326
-0.334326
-0.334326
-0.334326
-0.334326
-0.334326
-0.334326
-0.334326
-0.334326
-0.334326
-0.334326
-0.334326
-0.334326
-0.334326
-0.334326
-0.334326
-0.334326
-0.334326
-0.334326
-0.334326
-0.334326
-0.334326
-0.334326
-0.334326
-0.334326
-0.334326
-0.334326
-0.334326
-0.334326
-0.334326
-0.334326
-0.334326
-0.334326
-0.334326
-0.334326
-0.334326
-0.334326
-0.334326
-0.334326
-0.334326
-0.334326
-0.334326
-0.334326
-0.334326
-0.334326
-0.334326
-0.334326
-0.334326
-0.334326
-0.334326
-0.334326
-0.334326
-0.334326
-0.334326
-0.334326
-0.334326
-0.334326
-0.334326
-0.334326
-0.334326
-0.334326
-0.334326
-0.334326
-0.334326
-0.334326
-0.334326
-0.334326
-0.334326
-0.334326
-0.334326
-0.334326
-0.334326
-0.334326
-0.334326
-0.334326
-0.334326
-0.334326
-0.334326
-0.334326
-0.334326
-0.334326
-0.334326
-0.334326
-0.334326
-0.334326
-0.334326
-0.334326
-0.334326
-0.334326
-0.334326
-0.334326
-0.334326
-0.334326
-0.334326
-0.334326
-0.334326
-0.334326
-0.334326
-0.334326
-0.334326
-0.334326
-0.334326
-0.334326
-0.334326
-0.334326
-0.334326
-0.334326
-0.334326
-0.334326
-0.334326
-0.334326
-0.334326
-0.334326
-0.334326
-0.334326
-0.334326
-0.334326
-0.334326
-0.334326
-0.334326
-0.334326
-0.334326
-0.334326
-0.334326
-0.334326
-0.334326
-0.334326
-0.334326
-0.334326
-0.334326
-0.334326
-0.334326
-0.334326
-0.334326
-0.334326
-0.334326
-0.334326
-0.334326
-0.334326
-0.334326
-0.334326
-0.334326
-0.334326
-0.334326
-0.334326
-0.334326
-0.334326
-0.334326
-0.334326
-0.334326
-0.334326
-0.334326
-0.334326
-0.334326
-0.334326
-0.334326
-0.334326
-0.334326
-0.334326
-0.334326
-0.334326
-0.334326
-0.334326
-0.334326
-0.334326
-0.334326
-0.334326
-0.334326
-0.334326
-0.334326
-0.334326
-0.334326
-0.334326
-0.334326
-0.334326
-0.334326
-0.334326
-0.334326
-0.334326
-0.334326
-0.334326
-0.334326
-0.334326
-0.334326
-0.334326
-0.334326
-0.334326
-0.334326
-0.334326
-0.334326
-0.334326
-0.334326
-0.334326
-0.334326
-0.334326
-0.334326
-0.334326
-0.334326
-0.334326
-0.334326
-0.334326
-0.334326
-0.334326
-0.334326
-0.334326
-0.334326
-0.334326
-0.334326
-0.334326
-0.334326
-0.334326
-0.334326
-0.334326
-0.334326
-0.334326
-0.334326
-0.334326
-0.334326
-0.334326
-0.334326
-0.334326
-0.334326
-0.334326
-0.334326
-0.334326
-0.334326
-0.334326
-0.334326
-0.334326
-0.334326
-0.334326
-0.334326
-0.334326
-0.334326
-0.334326
-0.334326
-0.334326
-0.334326
-0.334326
-0.334326
-0.334326
-0.334326
-0.334326
-0.334326
-0.334326
-0.334326
-0.334326
-0.334326
-0.334326
-0.334326
-0.334326
-0.334326
-0.334326
-0.334326
-0.334326
-0.334326
-0.334326
-0.334326
-0.334326
-0.334326
-0.334326
-0.334326
-0.334326
-0.334326
-0.334326
-0.334326
-0.334326
-0.334326
-0.334326
-0.334326
-0.334326
-0.334326
-0.334326
-0.334326
-0.334326
-0.334326
-0.334326
-0.334326
-0.334326
-0.334326
-0.334326
-0.334326
-0.334326
-0.334326
-0.334326
-0.334326
-0.334326
-0.334326
-0.334326
-0.334326
-0.334326
-0.334326
-0.334326
-0.334326
-0.334326
-0.334326
-0.334326
-0.334326
-0.334326
-0.334326
-0.334326
-0.334326
-0.334326
-0.334326
-0.334326
-0.334326
-0.334326
-0.334326
-0.334326
-0.334326
-0.334326
-0.334326
-0.334326
-0.334326
-0.334326
-0.334326
-0.334326
-0.334326
-0.334326
-0.334326
-0.334326
-0.334326
-0.334326
-0.334326
-0.334326
-0.334326
-0.334326
-0.334326
-0.334326
-0.334326
-0.334326
-0.334326
-0.334326
-0.334326
-0.334326
-0.334326
-0.334326
-0.334326
-0.334326
-0.334326
-0.334326
-0.334326
-0.334326
-0.334326
-0.334326
-0.334326
-0.334326
-0.334326
-0.334326
-0.334326
-0.334326
-0.334326
-0.334326
-0.334326
-0.334326
-0.334326
-0.334326
-0.334326
-0.334326
-0.334326
-0.334326
-0.334326
-0.334326
-0.334326
-0.334326
-0.334326
-0.334326
-0.334326
-0.334326
-0.334326
-0.334326
-0.334326
-0.334326
-0.334326
-0.334326
-0.334326
-0.334326
-0.334326
-0.334326
-0.334326
-0.334326
-0.334326
-0.334326
-0.334326
-0.334326
-0.334326
-0.334326
-0.334326
-0.334326
-0.334326
-0.334326
-0.334326
-0.334326
-0.334326
-0.334326
-0.334326
-0.334326
-0.334326
-0.334326
-0.334326
-0.334326
-0.334326
-0.334326
-0.334326
-0.334326
-0.334326
-0.334326
-0.334326
-0.334326
-0.334326
-0.334326
-0.334326
-0.334326
-0.334326
-0.334326
-0.334326
-0.334326
-0.334326
-0.334326
-0.334326
-0.334326
-0.334326
-0.334326
-0.334326
-0.334326
-0.334326
-0.334326
-0.334326
-0.334326
-0.334326
-0.334326
-0.334326
-0.334326
-0.334326
-0.334326
