-0.746312
-0.729583
-0.71462
-0.701207
-0.689163
-0.678325
-0.668549
-0.659708
-0.651691
-0.644401
-0.63775
-0.631661
-0.626068
-0.62091
-0.616135
-0.611695
-0.60755
-0.603663
-0.600001
-0.596536
-0.593241
-0.590093
-0.587072
-0.584159
-0.581338
-0.578593
-0.575911
-0.573279
-0.570687
-0.568123
-0.565795
-0.56412
-0.562992
-0.561889
-0.560687
-0.559367
-0.557962
-0.556449
-0.554861
-0.553169
-0.551407
-0.549541
-0.547615
-0.545571
-0.543484
-0.541262
-0.538997
-0.536601
-0.534156
-0.531624
-0.529099
-0.526415
-0.523685
-0.520849
-0.517932
-0.514908
-0.511797
-0.50858
-0.505272
-0.501858
-0.49835
-0.494739
-0.49103
-0.487224
-0.483316
-0.479291
-0.475123
-0.471666
-0.469125
-0.466363
-0.463435
-0.460267
-0.456921
-0.453318
-0.449529
-0.445471
-0.441658
-0.437696
-0.433625
-0.429421
-0.425107
-0.420672
-0.416134
-0.411487
-0.406746
-0.401913
-0.396979
-0.391901
-0.386658
-0.381263
-0.375708
-0.370008
-0.364156
-0.358166
-0.352034
-0.345776
-0.339388
-0.332887
-0.326271
-0.319558
-0.312747
-0.305856
-0.298887
-0.291857
-0.28477
-0.277644
-0.270482
-0.263302
-0.256109
-0.248922
-0.241744
-0.234593
-0.227475
-0.220406
-0.21339
-0.206444
-0.199572
-0.192789
-0.186097
-0.179512
-0.173034
-0.166677
-0.160442
-0.15434
-0.14837
-0.142544
-0.136858
-0.131323
-0.125935
-0.120702
-0.11562
-0.110695
-0.105923
-0.101308
-0.0968454
-0.0925383
-0.0883812
-0.0843767
-0.0805184
-0.0768081
-0.0732391
-0.0698126
-0.0665216
-0.0633666
-0.0603405
-0.0574437
-0.0546685
-0.0520153
-0.0494765
-0.0470521
-0.0447345
-0.0425239
-0.0404126
-0.0384007
-0.0364808
-0.034653
-0.0329102
-0.0312523
-0.0296724
-0.0281708
-0.0267407
-0.0253823
-0.0240893
-0.022862
-0.0216942
-0.0205865
-0.0195327
-0.0185338
-0.017584
-0.016684
-0.0158284
-0.0150181
-0.0142479
-0.0135188
-0.0128258
-0.0121702
-0.011547
-0.0109577
-0.0103977
-0.00986822
-0.00936501
-0.00888948
-0.0084375
-0.00801054
-0.00760466
-0.00722141
-0.00685701
-0.00651305
-0.00618594
-0.0058773
-0.00558368
-0.00530676
-0.00504323
-0.00479479
-0.00455827
-0.00433537
-0.00412308
-0.0039231
-0.00373254
-0.00355311
-0.00338204
-0.00322104
-0.00306743
-0.00292295
-0.002785
-0.00265532
-0.00253141
-0.00241498
-0.00230364
-0.00219909
-0.00209901
-0.0020051
-0.00191511
-0.00183073
-0.00174978
-0.00167393
-0.00160108
-0.00153287
-0.00146728
-0.00140591
-0.00134682
-0.00129158
-0.00123831
-0.00118856
-0.0011405
-0.00109568
-0.00105229
-0.00101187
-0.000972671
-0.000936195
-0.000900752
-0.000867812
-0.000835733
-0.000805962
-0.000776904
-0.000749973
-0.000723619
-0.000699231
-0.000675303
-0.000653204
-0.000631438
-0.000611392
-0.000591605
-0.000573399
-0.000555371
-0.000538809
-0.000522348
-0.000507266
-0.000492233
-0.000478482
-0.000464727
-0.000452168
-0.000439558
-0.000428074
-0.0004165
-0.000405981
-0.000395338
-0.000385689
-0.000375883
-0.000367017
-0.000357969
-0.00034981
-0.000341445
-0.000333922
-0.000326172
-0.000319224
-0.000312038
-0.000305609
-0.000298923
-0.000292962
-0.000286735
-0.0002812
-0.00027539
-0.000270238
-0.000264802
-0.000259999
-0.000254906
-0.000250419
-0.00024564
-0.00024144
-0.00023694
-0.000233001
-0.000228766
-0.000225066
-0.000221067
-0.000217582
-0.000213799
-0.000210513
-0.000206927
-0.000203822
-0.000200421
-0.000197482
-0.000194245
-0.000191458
-0.000188382
-0.000185736
-0.000182798
-0.000180279
-0.000177475
-0.000175075
-0.00017239
-0.0001701
-0.000167536
-0.000165348
-0.000162879
-0.000160785
-0.000158419
-0.000156413
-0.000154142
-0.000152216
-0.000150027
-0.000148176
-0.00014607
-0.000144291
-0.000142258
-0.000140544
-0.000138581
-0.00013693
-0.000135037
-0.000133445
-0.000131613
-0.000130075
-0.000128301
-0.000126815
-0.000125098
-0.000123661
-0.000122002
-0.000120611
-0.000118996
-0.000117648
-0.000116087
-0.000114782
-0.000113266
-0.000112
-0.000110526
-0.000109298
-0.000107866
-0.000106674
-0.000105283
-0.000104125
-0.000102773
-0.000101647
-0.000100332
-9.92382e-05
-9.79592e-05
-9.68955e-05
-9.5651e-05
-9.46162e-05
-9.34049e-05
-9.23977e-05
-9.12134e-05
-9.02325e-05
-8.90866e-05
-8.81332e-05
-8.70111e-05
-8.6081e-05
-8.49943e-05
-8.40891e-05
-8.3024e-05
-8.21401e-05
-8.10979e-05
-8.02368e-05
-7.92296e-05
-7.83924e-05
-7.74052e-05
-7.65871e-05
-7.56259e-05
-7.48287e-05
-7.38873e-05
-7.31093e-05
-7.2194e-05
-7.14361e-05
-7.05451e-05
-6.98057e-05
-6.89319e-05
-6.82094e-05
-6.73541e-05
-6.66494e-05
-6.58242e-05
-6.51384e-05
-6.43283e-05
-6.3657e-05
-6.28678e-05
-6.22125e-05
-6.14382e-05
-6.07976e-05
-6.00447e-05
-5.94201e-05
-5.86819e-05
-5.80714e-05
-5.73539e-05
-5.67587e-05
-5.60606e-05
-5.54793e-05
-5.47933e-05
-5.42241e-05
-5.35568e-05
-5.30015e-05
-5.23464e-05
-5.18032e-05
-5.1161e-05
-5.06305e-05
-5.00135e-05
-4.94975e-05
-4.8885e-05
-4.83782e-05
-4.77835e-05
-4.72896e-05
-4.67122e-05
-4.62302e-05
-4.56627e-05
-4.51904e-05
-4.46333e-05
-4.41714e-05
-4.36313e-05
-4.31816e-05
-4.26573e-05
-4.22177e-05
-4.16961e-05
-4.12641e-05
-4.07646e-05
-4.03451e-05
-3.98482e-05
-3.94358e-05
-3.89544e-05
-3.85527e-05
-3.80806e-05
-3.76877e-05
-3.72304e-05
-3.68473e-05
-3.63981e-05
-3.60227e-05
-3.55875e-05
-3.52211e-05
-3.4787e-05
-3.44267e-05
-3.40073e-05
-3.36569e-05
-3.32518e-05
-3.29066e-05
-3.25092e-05
-3.21748e-05
-3.17833e-05
-3.1455e-05
-3.10704e-05
-3.07492e-05
-3.03782e-05
-3.00656e-05
-2.97014e-05
-2.93952e-05
-2.90373e-05
-2.87376e-05
-2.83865e-05
-2.80935e-05
-2.77555e-05
-2.74702e-05
-2.71383e-05
-2.68589e-05
-2.65391e-05
-2.62666e-05
-2.59455e-05
-2.56766e-05
-2.53674e-05
-2.51056e-05
-2.4802e-05
-2.45458e-05
-2.42539e-05
-2.40044e-05
-2.37112e-05
-2.34651e-05
-2.31772e-05
-2.29369e-05
-2.26616e-05
-2.24285e-05
-2.21525e-05
-2.19232e-05
-2.16592e-05
-2.14369e-05
-2.11783e-05
-2.09608e-05
-2.07131e-05
-2.05013e-05
-2.02514e-05
-2.0042e-05
-1.98026e-05
-1.95991e-05
-1.9364e-05
-1.91645e-05
-1.89334e-05
-1.87379e-05
-1.8511e-05
-1.83196e-05
-1.81032e-05
-1.79173e-05
-1.77045e-05
-1.7522e-05
-1.73065e-05
-1.71261e-05
-1.69269e-05
-1.67533e-05
-1.65515e-05
-1.63797e-05
-1.6181e-05
-1.60127e-05
-1.58242e-05
-1.56611e-05
-1.5476e-05
-1.53159e-05
-1.51336e-05
-1.49764e-05
-1.47971e-05
-1.46429e-05
-1.44669e-05
-1.4316e-05
-1.41433e-05
-1.39958e-05
-1.38328e-05
-1.36899e-05
-1.35297e-05
-1.33894e-05
-1.32316e-05
-1.30937e-05
-1.29383e-05
-1.28029e-05
-1.26501e-05
-1.25175e-05
-1.23675e-05
-1.22377e-05
-1.20906e-05
-1.19637e-05
-1.18439e-05
-1.16949e-05
-1.15699e-05
-1.14349e-05
-1.13155e-05
-1.11836e-05
-1.10667e-05
-1.09309e-05
-1.08149e-05
-1.07058e-05
-1.05739e-05
-1.04611e-05
-1.0355e-05
-1.0226e-05
-1.01162e-05
-1.00131e-05
-9.88709e-06
-9.78035e-06
-9.68037e-06
-9.55765e-06
-9.4542e-06
-9.35752e-06
-9.24435e-06
-9.14561e-06
-9.05211e-06
-8.94162e-06
-8.84547e-06
-8.75454e-06
-8.64659e-06
-8.55303e-06
-8.46453e-06
-8.35921e-06
-8.26839e-06
-8.18284e-06
-8.08042e-06
-7.99249e-06
-7.90978e-06
-7.81647e-06
-7.73277e-06
-7.65277e-06
-7.55549e-06
-7.47259e-06
-7.39483e-06
-7.31857e-06
-7.23075e-06
-7.15234e-06
-7.07755e-06
-6.99166e-06
-6.91534e-06
-6.84269e-06
-6.759e-06
-6.68494e-06
-6.61455e-06
-6.54533e-06
-6.46447e-06
-6.39311e-06
-6.32537e-06
-6.25879e-06
-6.1928e-06
-6.11494e-06
-6.0466e-06
-5.98186e-06
-5.9183e-06
-5.85536e-06
-5.78059e-06
-5.71539e-06
-5.65382e-06
-5.59345e-06
-5.53375e-06
-5.47447e-06
-5.40335e-06
-5.34185e-06
-5.28395e-06
-5.22726e-06
-5.1712e-06
-5.11563e-06
-5.06049e-06
-5.00574e-06
-4.95139e-06
-4.89742e-06
-4.84384e-06
-4.79065e-06
-4.72555e-06
-4.67012e-06
-4.61829e-06
-4.56769e-06
-4.51777e-06
-4.46839e-06
-4.41947e-06
-4.37101e-06
-4.32298e-06
-4.27538e-06
-4.22819e-06
-4.18142e-06
-4.13507e-06
-4.08913e-06
-4.04361e-06
-3.9985e-06
-3.95382e-06
-3.91211e-06
-3.86668e-06
-3.82239e-06
-3.77898e-06
-3.73623e-06
-3.69405e-06
-3.65239e-06
-3.6112e-06
-3.57047e-06
-3.53018e-06
-3.49035e-06
-3.45095e-06
-3.41198e-06
-3.37346e-06
-3.33536e-06
-3.29769e-06
-3.26045e-06
-3.22367e-06
-3.18738e-06
-3.15146e-06
-3.11589e-06
-3.08068e-06
-3.04586e-06
-3.01142e-06
-2.97738e-06
-2.94375e-06
-2.91053e-06
-2.87771e-06
-2.84527e-06
-2.81322e-06
-2.78155e-06
-2.75024e-06
-2.7193e-06
-2.68872e-06
-2.65848e-06
-2.6286e-06
-2.59906e-06
-2.56986e-06
-2.541e-06
-2.51247e-06
-2.48427e-06
-2.45639e-06
-2.42883e-06
-2.40159e-06
-2.37466e-06
-2.34805e-06
-2.3216e-06
-2.29563e-06
-2.26995e-06
-2.24456e-06
-2.21944e-06
-2.19461e-06
-2.17006e-06
-2.14578e-06
-2.12178e-06
-2.09806e-06
-2.0746e-06
-2.0514e-06
-2.02848e-06
-2.00581e-06
-1.9834e-06
-1.96124e-06
-1.93933e-06
-1.91768e-06
-1.89626e-06
-1.87509e-06
-1.85416e-06
-1.83347e-06
-1.813e-06
-1.79277e-06
-1.77277e-06
-1.753e-06
-1.73345e-06
-1.71411e-06
-1.69499e-06
-1.67609e-06
-1.6574e-06
-1.63892e-06
-1.62065e-06
-1.60258e-06
-1.58472e-06
-1.56706e-06
-1.54959e-06
-1.53232e-06
-1.51525e-06
-1.49837e-06
-1.48167e-06
-1.46516e-06
-1.44885e-06
-1.4327e-06
-1.41674e-06
-1.40096e-06
-1.38536e-06
-1.36993e-06
-1.35467e-06
-1.33958e-06
-1.32467e-06
-1.30992e-06
-1.29533e-06
-1.28091e-06
-1.26664e-06
-1.25254e-06
-1.2386e-06
-1.22481e-06
-1.21117e-06
-1.19769e-06
-1.18435e-06
-1.17117e-06
-1.15813e-06
-1.14524e-06
-1.13249e-06
-1.11989e-06
-1.10742e-06
-1.09509e-06
-1.08291e-06
-1.07085e-06
-1.05893e-06
-1.04715e-06
-1.0355e-06
-1.02397e-06
-1.01257e-06
-1.0013e-06
-9.90159e-07
-9.79141e-07
-9.68245e-07
-9.57471e-07
-9.46816e-07
-9.3628e-07
-9.25861e-07
-9.15558e-07
-9.0537e-07
-8.95295e-07
-8.85333e-07
-8.75481e-07
-8.65739e-07
-8.56106e-07
-8.46579e-07
-8.37159e-07
-8.27844e-07
-8.18632e-07
-8.09523e-07
-8.00515e-07
-7.91608e-07
-7.828e-07
-7.74089e-07
-7.65476e-07
-7.56959e-07
-7.48536e-07
-7.40207e-07
-7.31971e-07
-7.23826e-07
-7.15772e-07
-7.07808e-07
-6.99932e-07
-6.92144e-07
-6.84442e-07
-6.76827e-07
-6.69295e-07
-6.61848e-07
-6.54484e-07
-6.47201e-07
-6.39999e-07
-6.32878e-07
-6.25836e-07
-6.18872e-07
-6.11986e-07
-6.05176e-07
-5.98442e-07
-5.91783e-07
-5.85198e-07
-5.78686e-07
-5.72246e-07
-5.65879e-07
-5.59582e-07
-5.53355e-07
-5.47197e-07
-5.41108e-07
-5.35086e-07
-5.29132e-07
-5.23243e-07
-5.17421e-07
-5.11663e-07
-5.05969e-07
-5.00339e-07
-4.9477e-07
-4.89264e-07
-4.83819e-07
-4.78435e-07
-4.7311e-07
-4.67845e-07
-4.62638e-07
-4.57489e-07
-4.52397e-07
-4.47362e-07
-4.42383e-07
-4.3746e-07
-4.32591e-07
-4.27776e-07
-4.23015e-07
-4.18307e-07
-4.13651e-07
-4.09046e-07
-4.04494e-07
-3.99991e-07
-3.95539e-07
-3.91136e-07
-3.86782e-07
-3.82477e-07
-3.78219e-07
-3.78011e-07
-3.73022e-07
-3.68168e-07
-3.63507e-07
-3.59044e-07
-3.54757e-07
-3.5061e-07
-3.46571e-07
-3.42616e-07
-3.38729e-07
-3.34899e-07
-3.31119e-07
-3.27386e-07
-3.23699e-07
-3.20055e-07
-3.16454e-07
-3.12894e-07
-3.09377e-07
-3.059e-07
-3.02463e-07
-2.99067e-07
-2.9571e-07
-2.92393e-07
-2.89114e-07
-2.85873e-07
-2.8267e-07
-2.79503e-07
-2.76374e-07
-2.7328e-07
-2.70222e-07
-2.672e-07
-2.64211e-07
-2.61257e-07
-2.58337e-07
-2.5545e-07
-2.52596e-07
-2.49774e-07
-2.46984e-07
-2.44226e-07
-2.41499e-07
-2.38802e-07
-2.36137e-07
-2.33501e-07
-2.30895e-07
-2.28318e-07
-2.2577e-07
-2.23251e-07
-2.2076e-07
-2.18298e-07
-2.15862e-07
-2.13454e-07
-2.11073e-07
-2.08719e-07
-2.06391e-07
-2.04089e-07
-2.01813e-07
-1.99563e-07
-1.97337e-07
-1.95137e-07
-1.92961e-07
-1.90809e-07
-1.88681e-07
-1.86577e-07
-1.84497e-07
-1.8244e-07
-1.80405e-07
-1.78394e-07
-1.76339e-07
-1.74367e-07
-1.72422e-07
-1.70504e-07
-1.68609e-07
-1.66736e-07
-1.64886e-07
-1.63059e-07
-1.61253e-07
-1.59467e-07
-1.57699e-07
-1.55948e-07
-1.54214e-07
-1.52497e-07
-1.50798e-07
-1.49115e-07
-1.47451e-07
-1.45805e-07
-1.44177e-07
-1.42567e-07
-1.40976e-07
-1.39402e-07
-1.37846e-07
-1.36307e-07
-1.34786e-07
-1.33283e-07
-1.31795e-07
-1.30325e-07
-1.28871e-07
-1.27433e-07
-1.26012e-07
-1.24606e-07
-1.23216e-07
1.22566e-07
1.22185e-07
1.21808e-07
1.21435e-07
1.21066e-07
1.207e-07
1.20342e-07
1.1999e-07
1.19642e-07
1.19298e-07
1.18956e-07
1.18618e-07
1.18283e-07
1.17951e-07
1.17623e-07
1.17297e-07
1.16975e-07
1.16656e-07
1.1634e-07
1.16034e-07
1.15734e-07
1.15432e-07
1.15133e-07
1.14837e-07
1.14544e-07
1.14254e-07
1.13965e-07
1.1368e-07
1.13398e-07
1.13118e-07
1.12842e-07
1.12568e-07
1.12303e-07
1.12041e-07
1.1178e-07
1.11523e-07
1.11267e-07
1.11014e-07
1.10763e-07
1.10515e-07
1.10268e-07
1.10024e-07
1.09782e-07
1.09542e-07
1.09305e-07
1.09071e-07
1.08843e-07
1.08617e-07
1.08393e-07
1.08171e-07
1.07951e-07
1.07733e-07
1.07517e-07
1.07302e-07
1.0709e-07
1.06879e-07
1.06671e-07
1.06464e-07
1.06258e-07
1.06059e-07
1.05862e-07
1.05667e-07
1.05474e-07
1.05282e-07
1.05092e-07
1.04903e-07
1.04716e-07
1.04531e-07
1.04347e-07
1.04164e-07
1.03983e-07
1.03804e-07
1.03627e-07
1.03455e-07
1.03285e-07
1.03115e-07
1.02948e-07
1.02781e-07
1.02616e-07
1.02452e-07
1.02289e-07
1.02128e-07
1.01968e-07
1.0181e-07
1.01652e-07
1.01496e-07
1.01341e-07
1.01191e-07
1.01042e-07
1.00895e-07
1.00748e-07
1.00603e-07
1.00459e-07
1.00316e-07
1.00174e-07
1.00033e-07
9.98929e-08
9.97541e-08
9.96163e-08
9.94795e-08
9.93436e-08
9.92089e-08
9.90778e-08
9.89484e-08
9.882e-08
9.86925e-08
9.85658e-08
9.84401e-08
9.83153e-08
9.81913e-08
9.80682e-08
9.7946e-08
9.78246e-08
9.7704e-08
9.75843e-08
9.74654e-08
9.73473e-08
9.72301e-08
9.71152e-08
9.70025e-08
9.68906e-08
9.67794e-08
9.66689e-08
9.65592e-08
9.64502e-08
9.63419e-08
9.62342e-08
9.61273e-08
9.60211e-08
9.59155e-08
9.58106e-08
9.57064e-08
9.56028e-08
9.54998e-08
9.53976e-08
9.52964e-08
9.5198e-08
9.51002e-08
9.50029e-08
9.49063e-08
9.48102e-08
9.47147e-08
9.46197e-08
9.45252e-08
9.44314e-08
9.43381e-08
9.42453e-08
9.4153e-08
9.40613e-08
9.39701e-08
9.38794e-08
9.37892e-08
9.36995e-08
9.36103e-08
9.35216e-08
9.34352e-08
9.33496e-08
9.32645e-08
9.31799e-08
9.30957e-08
9.3012e-08
9.29287e-08
9.28458e-08
9.27634e-08
9.26887e-08
9.2619e-08
9.25553e-08
9.24899e-08
9.24235e-08
9.23569e-08
9.22906e-08
9.22249e-08
9.21598e-08
9.20951e-08
9.20307e-08
9.19664e-08
9.1902e-08
9.18375e-08
9.17729e-08
9.17084e-08
9.16441e-08
9.15799e-08
9.1516e-08
9.14523e-08
9.13889e-08
9.13258e-08
9.12629e-08
9.12004e-08
9.11379e-08
9.10758e-08
9.10139e-08
9.09522e-08
9.08907e-08
9.08294e-08
9.07683e-08
9.07073e-08
9.06466e-08
9.05861e-08
9.05258e-08
9.04656e-08
9.04056e-08
9.03458e-08
9.02862e-08
9.02268e-08
9.35588e-08
9.48275e-08
9.23355e-08
9.06732e-08
9.02935e-08
9.01253e-08
8.99853e-08
8.98482e-08
8.97156e-08
8.9594e-08
8.94879e-08
8.93974e-08
8.93204e-08
8.92538e-08
8.91948e-08
8.91413e-08
8.90914e-08
8.90439e-08
8.89977e-08
8.89522e-08
8.89069e-08
8.88614e-08
8.88156e-08
8.87693e-08
8.87225e-08
8.86751e-08
8.86272e-08
8.85787e-08
8.85297e-08
8.84803e-08
8.84305e-08
8.83802e-08
8.83297e-08
8.82789e-08
8.82279e-08
8.81766e-08
8.81252e-08
8.80736e-08
8.80219e-08
8.79701e-08
8.79182e-08
8.78663e-08
8.78143e-08
8.77623e-08
8.77103e-08
8.76583e-08
8.76063e-08
8.75543e-08
8.75023e-08
8.74504e-08
8.73985e-08
8.73467e-08
8.72949e-08
8.72433e-08
8.71916e-08
8.71401e-08
8.70886e-08
8.70372e-08
8.69858e-08
8.69346e-08
8.68834e-08
8.68323e-08
8.67813e-08
8.67304e-08
8.66796e-08
8.66288e-08
8.65781e-08
8.65276e-08
8.64771e-08
8.64267e-08
8.63764e-08
8.63262e-08
8.62761e-08
8.6226e-08
8.61761e-08
8.61262e-08
8.60764e-08
8.60267e-08
8.59771e-08
8.59276e-08
8.58782e-08
8.58288e-08
8.57796e-08
8.57304e-08
8.56813e-08
8.56323e-08
8.55833e-08
8.55345e-08
8.54857e-08
8.5437e-08
8.53884e-08
8.53399e-08
8.52914e-08
8.5243e-08
8.51947e-08
8.51465e-08
8.50984e-08
8.50503e-08
8.50023e-08
8.49544e-08
8.49065e-08
8.48588e-08
8.4811e-08
8.47634e-08
8.47158e-08
8.46684e-08
8.46209e-08
8.45736e-08
8.45263e-08
8.44791e-08
8.44319e-08
8.43848e-08
8.43378e-08
8.42909e-08
8.4244e-08
8.41972e-08
8.41505e-08
8.41038e-08
8.40572e-08
8.40106e-08
8.39641e-08
8.39177e-08
8.38713e-08
8.3825e-08
8.37788e-08
8.37326e-08
8.36865e-08
8.36404e-08
8.35944e-08
8.35485e-08
8.35026e-08
8.34568e-08
8.3411e-08
8.33653e-08
8.33196e-08
8.3274e-08
8.32285e-08
8.3183e-08
8.31376e-08
8.30922e-08
8.30469e-08
8.30016e-08
8.29564e-08
8.29113e-08
8.28662e-08
8.28211e-08
8.27762e-08
8.27312e-08
8.26863e-08
8.26415e-08
8.25967e-08
8.2552e-08
8.25073e-08
8.24626e-08
8.2418e-08
8.23735e-08
8.2329e-08
8.22846e-08
8.22402e-08
8.21959e-08
8.2389e-08
8.22582e-08
8.21051e-08
8.20287e-08
8.1978e-08
8.1932e-08
8.18871e-08
8.18426e-08
8.17986e-08
8.17545e-08
8.17106e-08
8.16668e-08
8.1623e-08
8.15794e-08
8.15358e-08
8.14923e-08
8.14488e-08
8.14054e-08
8.1362e-08
8.13186e-08
8.12752e-08
8.12319e-08
8.11886e-08
8.11454e-08
8.11022e-08
8.1059e-08
8.10159e-08
8.09728e-08
8.09297e-08
8.08867e-08
8.08438e-08
8.08008e-08
8.07579e-08
8.07151e-08
8.06723e-08
8.06295e-08
8.05867e-08
8.05441e-08
8.05014e-08
8.04588e-08
8.04162e-08
8.03736e-08
8.03311e-08
8.02887e-08
8.02462e-08
8.02038e-08
8.01615e-08
8.01192e-08
8.00769e-08
8.00346e-08
7.99924e-08
7.99502e-08
7.99081e-08
7.9866e-08
7.98239e-08
7.97819e-08
7.97399e-08
7.96979e-08
7.9656e-08
7.96141e-08
7.95723e-08
7.95304e-08
7.94886e-08
7.94469e-08
7.94052e-08
7.93635e-08
7.93218e-08
7.92802e-08
7.92386e-08
7.91971e-08
7.91556e-08
7.91141e-08
7.90726e-08
7.90312e-08
7.89898e-08
7.89484e-08
7.89071e-08
7.88658e-08
7.88245e-08
7.87833e-08
7.87421e-08
7.8701e-08
7.86598e-08
7.86187e-08
7.85777e-08
7.85366e-08
7.84956e-08
7.84547e-08
7.84137e-08
7.83728e-08
7.83319e-08
7.8291e-08
7.82502e-08
7.82094e-08
7.81686e-08
7.81279e-08
7.80872e-08
7.80465e-08
7.80059e-08
7.79652e-08
7.79247e-08
7.78841e-08
7.78436e-08
7.78031e-08
7.77626e-08
7.77221e-08
7.76817e-08
7.76413e-08
7.7601e-08
7.75607e-08
7.75204e-08
7.74801e-08
7.74398e-08
7.73996e-08
7.73594e-08
7.73193e-08
7.72791e-08
7.7239e-08
7.7199e-08
7.71589e-08
7.71189e-08
7.70789e-08
7.70389e-08
7.6999e-08
7.69591e-08
7.69192e-08
7.68793e-08
7.68395e-08
7.67997e-08
7.67599e-08
7.67202e-08
7.66804e-08
7.66407e-08
7.6601e-08
7.65614e-08
7.65218e-08
7.64821e-08
7.64426e-08
7.6403e-08
7.63635e-08
7.6324e-08
7.62846e-08
7.62451e-08
7.62057e-08
7.61663e-08
7.61269e-08
7.60876e-08
7.60483e-08
7.6009e-08
7.59697e-08
7.59305e-08
7.58913e-08
7.58521e-08
7.58129e-08
7.57738e-08
7.57347e-08
7.56955e-08
7.56565e-08
7.56175e-08
7.55784e-08
7.55394e-08
7.55005e-08
7.54615e-08
7.54226e-08
7.53837e-08
7.53448e-08
7.5306e-08
7.52671e-08
7.52283e-08
7.51896e-08
7.51508e-08
7.51121e-08
7.50734e-08
7.50347e-08
7.4996e-08
7.49574e-08
7.49188e-08
7.48802e-08
7.48416e-08
7.48031e-08
7.47646e-08
7.47261e-08
7.46876e-08
7.46492e-08
7.46107e-08
7.45723e-08
7.45339e-08
7.44956e-08
7.44573e-08
7.44189e-08
7.43807e-08
7.43424e-08
7.43041e-08
7.42659e-08
7.42277e-08
7.41895e-08
7.41514e-08
7.41133e-08
7.40752e-08
7.40371e-08
7.3999e-08
7.3961e-08
7.39229e-08
7.3885e-08
7.3847e-08
7.3809e-08
7.37711e-08
7.37332e-08
7.36953e-08
7.36574e-08
7.36196e-08
7.35818e-08
7.3544e-08
7.35062e-08
7.34684e-08
7.34307e-08
7.3393e-08
7.33553e-08
7.33176e-08
7.328e-08
7.32424e-08
7.32048e-08
7.31672e-08
7.31296e-08
7.30921e-08
7.30546e-08
7.30171e-08
7.29796e-08
7.29421e-08
7.29047e-08
7.28673e-08
7.28299e-08
7.27925e-08
7.27552e-08
7.27179e-08
7.26806e-08
7.26433e-08
7.2606e-08
7.25688e-08
7.25315e-08
7.24943e-08
7.24572e-08
7.242e-08
7.23829e-08
7.23457e-08
7.23087e-08
7.22716e-08
7.22345e-08
7.21975e-08
7.21605e-08
7.21235e-08
7.20865e-08
7.20495e-08
7.20126e-08
7.19757e-08
7.19388e-08
7.1902e-08
7.18651e-08
7.18283e-08
7.17915e-08
7.17547e-08
7.17179e-08
7.16811e-08
7.16444e-08
7.16077e-08
7.1571e-08
7.15343e-08
7.14977e-08
7.14611e-08
7.14245e-08
7.13879e-08
7.13513e-08
7.13147e-08
7.12782e-08
7.12417e-08
7.12052e-08
7.11688e-08
7.11323e-08
7.10959e-08
7.10595e-08
7.10231e-08
7.09867e-08
7.09504e-08
7.0914e-08
7.08777e-08
7.08414e-08
7.08052e-08
7.07689e-08
7.07327e-08
7.06965e-08
7.06603e-08
7.06241e-08
7.0588e-08
7.05518e-08
7.05157e-08
7.04796e-08
7.04435e-08
7.04075e-08
7.03715e-08
7.03354e-08
7.02994e-08
7.02635e-08
7.02275e-08
7.01916e-08
7.01557e-08
7.01197e-08
7.00838e-08
7.0048e-08
7.00122e-08
6.99763e-08
6.99405e-08
6.99047e-08
6.9869e-08
6.98332e-08
6.97975e-08
6.97618e-08
6.97261e-08
6.96904e-08
6.96548e-08
6.96192e-08
6.95835e-08
6.95479e-08
6.95124e-08
6.94768e-08
6.94413e-08
6.94058e-08
6.93702e-08
6.93348e-08
6.92993e-08
6.92639e-08
6.92284e-08
6.9193e-08
6.91576e-08
6.91223e-08
6.90869e-08
6.90516e-08
6.90163e-08
6.8981e-08
6.89457e-08
6.89104e-08
6.88752e-08
6.884e-08
6.88048e-08
6.87696e-08
6.87345e-08
6.86993e-08
6.86642e-08
6.8629e-08
6.8594e-08
6.85589e-08
6.85239e-08
6.84888e-08
6.84538e-08
6.84188e-08
6.83838e-08
6.83489e-08
6.83139e-08
6.8279e-08
6.82441e-08
6.82092e-08
6.81743e-08
6.81395e-08
6.81047e-08
6.80698e-08
6.8035e-08
6.80003e-08
6.79655e-08
6.79308e-08
6.7896e-08
6.78613e-08
6.78267e-08
6.7792e-08
6.77573e-08
6.77227e-08
6.76881e-08
6.76535e-08
6.76189e-08
6.75843e-08
6.75498e-08
6.75153e-08
6.74808e-08
6.74463e-08
6.74118e-08
6.73774e-08
6.73429e-08
6.73064e-08
6.72753e-08
6.72403e-08
6.72055e-08
6.71711e-08
6.71367e-08
6.71024e-08
6.70681e-08
6.70338e-08
6.69996e-08
6.69653e-08
6.69311e-08
6.6897e-08
6.68627e-08
6.68286e-08
6.67944e-08
6.67603e-08
6.67262e-08
6.66921e-08
6.6658e-08
6.6624e-08
6.65899e-08
6.65559e-08
6.65219e-08
6.64879e-08
6.64539e-08
6.642e-08
6.6386e-08
6.63521e-08
6.63182e-08
6.62843e-08
6.62505e-08
6.62166e-08
6.61828e-08
6.6149e-08
6.61152e-08
6.60814e-08
6.60476e-08
6.60139e-08
6.59802e-08
6.59465e-08
6.59128e-08
6.58791e-08
6.58455e-08
6.58118e-08
6.57782e-08
6.57446e-08
6.5711e-08
6.56774e-08
6.56439e-08
6.56104e-08
6.55769e-08
6.55433e-08
6.55099e-08
6.54764e-08
6.54429e-08
6.5412e-08
6.53761e-08
6.53425e-08
6.53093e-08
6.5276e-08
6.52426e-08
6.52093e-08
6.5176e-08
6.51427e-08
6.51094e-08
6.50762e-08
6.50429e-08
6.50097e-08
6.49765e-08
6.49433e-08
6.49101e-08
6.4877e-08
6.48439e-08
6.48107e-08
6.47776e-08
6.47445e-08
6.47115e-08
6.46784e-08
6.46454e-08
6.46124e-08
6.45794e-08
6.45464e-08
6.45134e-08
6.44805e-08
6.44475e-08
6.44146e-08
6.43817e-08
6.43488e-08
6.4316e-08
6.42831e-08
6.42503e-08
6.42175e-08
6.41847e-08
6.41519e-08
6.41191e-08
6.40864e-08
6.40537e-08
6.40209e-08
6.39882e-08
6.39556e-08
6.39229e-08
6.38902e-08
6.38576e-08
6.3825e-08
6.37924e-08
6.37598e-08
6.37273e-08
6.36947e-08
6.36622e-08
6.36297e-08
6.35972e-08
6.35647e-08
6.35322e-08
6.34998e-08
6.34674e-08
6.34349e-08
6.34025e-08
6.33702e-08
6.33378e-08
6.33054e-08
6.32731e-08
6.32408e-08
6.32085e-08
6.31762e-08
6.3144e-08
6.31117e-08
6.30795e-08
6.30473e-08
6.30151e-08
6.29829e-08
6.29507e-08
6.29186e-08
6.28865e-08
6.28543e-08
6.28223e-08
6.27902e-08
6.27581e-08
6.27261e-08
6.2694e-08
6.2662e-08
6.263e-08
6.2598e-08
6.25661e-08
6.25341e-08
6.25022e-08
6.24703e-08
6.24384e-08
6.24065e-08
6.23746e-08
6.23428e-08
6.23109e-08
6.22791e-08
6.22473e-08
6.22155e-08
6.21837e-08
6.2152e-08
6.21202e-08
6.20885e-08
6.20568e-08
6.20251e-08
6.19935e-08
6.19618e-08
6.19301e-08
6.18985e-08
6.18669e-08
6.18353e-08
6.18038e-08
6.17722e-08
6.17406e-08
6.17091e-08
6.16776e-08
6.16461e-08
6.16146e-08
6.15832e-08
6.15517e-08
6.15203e-08
6.14889e-08
6.14575e-08
6.14261e-08
6.13947e-08
6.13634e-08
6.13321e-08
6.13007e-08
6.12694e-08
6.12381e-08
6.12069e-08
6.11756e-08
6.11444e-08
6.11132e-08
6.10819e-08
6.10508e-08
6.10196e-08
6.09884e-08
6.09573e-08
6.09262e-08
6.0895e-08
6.08639e-08
6.08329e-08
6.08018e-08
6.07707e-08
6.07397e-08
6.07087e-08
6.06777e-08
6.06467e-08
6.06158e-08
6.05848e-08
6.05539e-08
6.05229e-08
6.0492e-08
6.04612e-08
6.04303e-08
6.03994e-08
6.03686e-08
6.03378e-08
6.03069e-08
6.02761e-08
6.02454e-08
6.02146e-08
6.01838e-08
6.01531e-08
6.01224e-08
6.00917e-08
6.0061e-08
6.00304e-08
5.99997e-08
5.99691e-08
5.99384e-08
5.99078e-08
5.98772e-08
5.98467e-08
5.98161e-08
5.97856e-08
5.9755e-08
5.97245e-08
5.9694e-08
5.96636e-08
5.96331e-08
5.96026e-08
5.95722e-08
5.95418e-08
5.95114e-08
5.9481e-08
5.94506e-08
5.94202e-08
5.93899e-08
5.93596e-08
5.93293e-08
5.9299e-08
5.92687e-08
5.92384e-08
5.92082e-08
5.91779e-08
5.91477e-08
5.91175e-08
5.90874e-08
5.90572e-08
5.9027e-08
5.89969e-08
5.89668e-08
5.89366e-08
5.89065e-08
5.88765e-08
5.88464e-08
5.88163e-08
5.87863e-08
5.87563e-08
5.87263e-08
5.86963e-08
5.86663e-08
5.86364e-08
5.86064e-08
5.85765e-08
5.85466e-08
5.85167e-08
5.84868e-08
5.8457e-08
5.84271e-08
5.83973e-08
5.83674e-08
5.83377e-08
5.83079e-08
5.82781e-08
5.82483e-08
5.82186e-08
5.81889e-08
5.81591e-08
5.81294e-08
5.80998e-08
5.80701e-08
5.80404e-08
5.80108e-08
5.79812e-08
5.79516e-08
5.7922e-08
5.78924e-08
5.78629e-08
5.78333e-08
5.78038e-08
5.77743e-08
5.77447e-08
5.77152e-08
5.76858e-08
5.76563e-08
5.76269e-08
5.75974e-08
5.75681e-08
5.75387e-08
5.75093e-08
5.74799e-08
5.74505e-08
5.74212e-08
5.73919e-08
5.73626e-08
5.73333e-08
5.7304e-08
5.72747e-08
5.72455e-08
5.72163e-08
5.71871e-08
5.71579e-08
5.71287e-08
5.70995e-08
5.70703e-08
5.70412e-08
5.70121e-08
5.69829e-08
5.69539e-08
5.69248e-08
5.68957e-08
5.68666e-08
5.68376e-08
5.68086e-08
5.67796e-08
5.67506e-08
5.67216e-08
5.66926e-08
5.66637e-08
5.66347e-08
5.66058e-08
5.65769e-08
5.6548e-08
5.65192e-08
5.64903e-08
5.64614e-08
5.64326e-08
5.64038e-08
5.6375e-08
5.63462e-08
5.63174e-08
5.62887e-08
5.62599e-08
5.62312e-08
5.62025e-08
5.61738e-08
5.61451e-08
5.61164e-08
5.60877e-08
5.60591e-08
5.60305e-08
5.60019e-08
5.59733e-08
5.59447e-08
5.59161e-08
5.58876e-08
5.5859e-08
5.58305e-08
5.5802e-08
5.57735e-08
5.5745e-08
5.57166e-08
5.56881e-08
5.56597e-08
5.56313e-08
5.56028e-08
5.55744e-08
5.5546e-08
5.55177e-08
5.54893e-08
5.5461e-08
5.54326e-08
5.54044e-08
5.53761e-08
5.53478e-08
5.53195e-08
5.52913e-08
5.5263e-08
5.52348e-08
5.52066e-08
5.51784e-08
5.51502e-08
5.51221e-08
5.50939e-08
5.50658e-08
5.50377e-08
5.50096e-08
5.49815e-08
5.49534e-08
5.49253e-08
5.48973e-08
5.48692e-08
5.48412e-08
5.48132e-08
5.47852e-08
5.47572e-08
5.47293e-08
5.47013e-08
5.46734e-08
5.46455e-08
5.46176e-08
5.45897e-08
5.45618e-08
5.45339e-08
5.45061e-08
5.44782e-08
5.44504e-08
5.44226e-08
5.43948e-08
5.4367e-08
5.43393e-08
5.43115e-08
5.42838e-08
5.42561e-08
5.42284e-08
5.42007e-08
5.4173e-08
5.41453e-08
5.41176e-08
5.409e-08
5.40624e-08
5.40348e-08
5.40072e-08
5.39796e-08
5.3952e-08
5.39245e-08
5.38969e-08
5.38694e-08
5.38419e-08
5.38144e-08
5.37869e-08
5.37595e-08
5.3732e-08
5.37046e-08
5.36771e-08
5.36497e-08
5.36223e-08
5.35949e-08
5.35676e-08
5.35402e-08
5.35128e-08
5.34855e-08
5.34582e-08
5.34309e-08
5.34036e-08
5.33764e-08
5.33491e-08
5.33218e-08
5.32946e-08
5.32674e-08
5.32402e-08
5.3213e-08
5.31858e-08
5.31587e-08
5.31315e-08
5.31043e-08
5.30772e-08
5.30501e-08
5.3023e-08
5.2996e-08
5.29689e-08
5.29418e-08
5.29148e-08
5.28878e-08
5.28608e-08
5.28338e-08
5.28068e-08
5.27798e-08
5.27529e-08
5.27259e-08
5.2699e-08
5.26721e-08
5.26452e-08
5.26183e-08
5.25914e-08
5.25646e-08
5.25377e-08
5.25108e-08
5.2484e-08
5.24572e-08
5.24304e-08
5.24037e-08
5.23769e-08
5.23502e-08
5.23234e-08
5.22967e-08
5.227e-08
5.22432e-08
5.22166e-08
5.21899e-08
5.21633e-08
5.21366e-08
5.211e-08
5.20834e-08
5.20568e-08
5.20302e-08
5.20036e-08
5.1977e-08
5.19505e-08
5.1924e-08
5.18974e-08
5.18709e-08
5.18444e-08
5.1818e-08
5.17915e-08
5.1765e-08
5.17386e-08
5.17122e-08
5.16857e-08
5.16594e-08
5.1633e-08
5.16066e-08
5.15802e-08
5.15539e-08
5.15276e-08
5.15012e-08
5.14749e-08
5.14486e-08
5.14223e-08
5.13961e-08
5.13698e-08
5.13436e-08
5.13174e-08
5.12912e-08
5.1265e-08
5.12388e-08
5.12126e-08
5.11865e-08
5.11603e-08
5.11341e-08
5.11081e-08
5.10819e-08
5.10559e-08
5.10298e-08
5.10037e-08
5.09777e-08
5.09516e-08
5.09256e-08
5.08996e-08
5.08736e-08
5.08476e-08
5.08216e-08
5.07957e-08
5.07697e-08
5.07438e-08
5.07179e-08
5.0692e-08
5.06661e-08
5.06402e-08
5.06143e-08
5.05885e-08
5.05626e-08
5.05368e-08
5.0511e-08
5.04852e-08
5.04594e-08
5.04336e-08
5.04079e-08
5.03821e-08
5.03564e-08
5.03306e-08
5.03049e-08
5.02792e-08
5.02535e-08
5.02279e-08
5.02022e-08
5.01766e-08
5.0151e-08
5.01253e-08
5.00997e-08
5.00741e-08
5.00486e-08
5.0023e-08
4.99974e-08
4.99719e-08
4.99464e-08
4.99208e-08
4.98954e-08
4.98699e-08
4.98444e-08
4.98189e-08
4.97935e-08
4.9768e-08
4.97426e-08
4.97172e-08
4.96918e-08
4.96664e-08
4.96411e-08
4.96157e-08
4.95904e-08
4.9565e-08
4.95397e-08
4.95144e-08
4.94891e-08
4.94638e-08
4.94386e-08
4.94133e-08
4.93881e-08
4.93628e-08
4.93376e-08
4.93124e-08
4.92872e-08
4.9262e-08
4.92369e-08
4.92117e-08
4.91866e-08
4.91614e-08
4.91363e-08
4.91112e-08
4.90861e-08
4.90611e-08
4.9036e-08
4.9011e-08
4.89859e-08
4.89609e-08
4.89359e-08
4.89109e-08
4.88859e-08
4.88609e-08
4.88359e-08
4.8811e-08
4.87861e-08
4.87612e-08
4.87362e-08
4.87113e-08
4.86865e-08
4.86616e-08
4.86367e-08
4.86119e-08
4.8587e-08
4.85622e-08
4.85374e-08
4.85126e-08
4.84879e-08
4.84631e-08
4.84383e-08
4.84136e-08
4.83888e-08
4.83641e-08
4.83394e-08
4.83147e-08
4.829e-08
4.82653e-08
4.82407e-08
4.82161e-08
4.81914e-08
4.81668e-08
4.81422e-08
4.81176e-08
4.8093e-08
4.80684e-08
4.80439e-08
4.80193e-08
4.79948e-08
4.79703e-08
4.79458e-08
4.79213e-08
4.78968e-08
4.78723e-08
4.78478e-08
4.78234e-08
4.7799e-08
4.77745e-08
4.77502e-08
4.77258e-08
4.77014e-08
4.7677e-08
4.76526e-08
4.76283e-08
4.7604e-08
4.75797e-08
4.75553e-08
4.75311e-08
4.75067e-08
4.74825e-08
4.74582e-08
4.7434e-08
4.74097e-08
4.73855e-08
4.73613e-08
4.73371e-08
4.73129e-08
4.72888e-08
4.72646e-08
4.72405e-08
4.72163e-08
4.71922e-08
4.71681e-08
4.7144e-08
4.71199e-08
4.70958e-08
4.70718e-08
4.70477e-08
4.70237e-08
4.69996e-08
4.69756e-08
4.69516e-08
4.69276e-08
4.69037e-08
4.68797e-08
4.68557e-08
4.68318e-08
4.68079e-08
4.6784e-08
4.67601e-08
4.67362e-08
4.67123e-08
4.66884e-08
4.66646e-08
4.66407e-08
4.66169e-08
4.65931e-08
4.65693e-08
4.65455e-08
4.65217e-08
4.64979e-08
4.64741e-08
4.64504e-08
4.64267e-08
4.6403e-08
4.63792e-08
4.63555e-08
4.63319e-08
4.63082e-08
4.62845e-08
4.62609e-08
4.62372e-08
4.62136e-08
4.619e-08
4.61664e-08
4.61428e-08
4.61192e-08
4.60957e-08
4.60721e-08
4.60486e-08
4.6025e-08
4.60015e-08
4.5978e-08
4.59545e-08
4.59311e-08
4.59076e-08
4.58841e-08
4.58607e-08
4.58372e-08
4.58138e-08
4.57904e-08
4.5767e-08
4.57436e-08
4.57203e-08
4.56969e-08
4.56735e-08
4.56502e-08
4.56269e-08
4.56036e-08
4.55803e-08
4.5557e-08
4.55337e-08
4.55104e-08
4.54872e-08
4.54639e-08
4.54407e-08
4.54175e-08
4.53943e-08
4.53711e-08
4.53479e-08
4.53247e-08
4.53015e-08
4.52784e-08
4.52553e-08
4.52321e-08
4.5209e-08
4.51859e-08
4.51628e-08
4.51397e-08
4.51167e-08
4.50936e-08
4.50706e-08
4.50476e-08
4.50245e-08
4.50015e-08
4.49785e-08
4.49556e-08
4.49326e-08
4.49096e-08
4.48867e-08
4.48637e-08
4.48408e-08
4.48179e-08
4.4795e-08
4.47721e-08
4.47492e-08
4.47263e-08
4.47035e-08
4.46806e-08
4.46578e-08
4.4635e-08
4.46122e-08
4.45894e-08
4.45666e-08
4.45438e-08
4.4521e-08
4.44983e-08
4.44756e-08
4.44528e-08
4.44301e-08
4.44074e-08
4.43847e-08
4.4362e-08
4.43394e-08
4.43167e-08
4.42941e-08
4.42714e-08
4.42488e-08
4.42262e-08
4.42036e-08
4.4181e-08
4.41584e-08
4.41359e-08
4.41133e-08
4.40907e-08
4.40682e-08
4.40457e-08
4.40232e-08
4.40007e-08
4.39782e-08
4.39557e-08
4.39333e-08
4.39108e-08
4.38884e-08
4.38659e-08
4.38436e-08
4.38211e-08
4.37987e-08
4.37764e-08
4.3754e-08
4.37316e-08
4.37092e-08
4.36869e-08
4.36646e-08
4.36423e-08
4.362e-08
4.35977e-08
4.35754e-08
4.35531e-08
4.35309e-08
4.35086e-08
4.34864e-08
4.34642e-08
4.3442e-08
4.34197e-08
4.33976e-08
4.33754e-08
4.33532e-08
4.33311e-08
4.33089e-08
4.32868e-08
4.32646e-08
4.32425e-08
4.32204e-08
4.31983e-08
4.31763e-08
4.31542e-08
4.31321e-08
4.31101e-08
4.30881e-08
4.3066e-08
4.3044e-08
4.3022e-08
4.30001e-08
4.29781e-08
4.29561e-08
4.29342e-08
4.29122e-08
4.28903e-08
4.28684e-08
4.28464e-08
4.28245e-08
4.28027e-08
4.27808e-08
4.27589e-08
4.2737e-08
4.27152e-08
4.26934e-08
4.26716e-08
4.26498e-08
4.2628e-08
4.26062e-08
4.25844e-08
4.25626e-08
4.25409e-08
4.25191e-08
4.24974e-08
4.24757e-08
4.2454e-08
4.24323e-08
4.24106e-08
4.23889e-08
4.23672e-08
4.23456e-08
4.2324e-08
4.23023e-08
4.22807e-08
4.22591e-08
4.22375e-08
4.22159e-08
4.21943e-08
4.21727e-08
4.21512e-08
4.21286e-08
4.21084e-08
4.20866e-08
4.2065e-08
4.20436e-08
4.20221e-08
4.20006e-08
4.19791e-08
4.19577e-08
4.19362e-08
4.19148e-08
4.18934e-08
4.1872e-08
4.18505e-08
4.18292e-08
4.18078e-08
4.17864e-08
4.1765e-08
4.17437e-08
4.17224e-08
4.1701e-08
4.16798e-08
4.16584e-08
4.16371e-08
4.16159e-08
4.15946e-08
4.15733e-08
4.15521e-08
4.15308e-08
4.15096e-08
4.14884e-08
4.14672e-08
4.1446e-08
4.14248e-08
4.14036e-08
4.13824e-08
4.13613e-08
4.13401e-08
4.1319e-08
4.12979e-08
4.12768e-08
4.12557e-08
4.12346e-08
4.12135e-08
4.11925e-08
4.11714e-08
4.11504e-08
4.11293e-08
4.11083e-08
4.10873e-08
4.10663e-08
4.10453e-08
4.10243e-08
4.10033e-08
4.09824e-08
4.09614e-08
4.09405e-08
4.09196e-08
4.08986e-08
4.08777e-08
4.08568e-08
4.08359e-08
4.08151e-08
4.07942e-08
4.07719e-08
4.0753e-08
4.0732e-08
4.07109e-08
4.069e-08
4.06692e-08
4.06485e-08
4.06277e-08
4.06069e-08
4.05862e-08
4.05654e-08
4.05447e-08
4.05239e-08
4.05032e-08
4.04825e-08
4.04618e-08
4.04411e-08
4.04205e-08
4.03998e-08
4.03791e-08
4.03585e-08
4.03379e-08
4.03172e-08
4.02966e-08
4.0276e-08
4.02554e-08
4.02349e-08
4.02143e-08
4.01944e-08
4.01752e-08
4.0156e-08
4.01369e-08
4.01177e-08
4.00985e-08
4.00794e-08
4.00602e-08
4.00411e-08
4.0022e-08
4.00028e-08
3.99837e-08
3.99647e-08
3.99456e-08
3.99265e-08
3.99074e-08
3.98884e-08
3.98693e-08
3.98503e-08
3.98312e-08
3.98122e-08
3.97932e-08
3.97742e-08
3.97552e-08
3.97362e-08
3.97172e-08
3.96983e-08
3.96793e-08
3.96603e-08
3.96414e-08
3.96225e-08
3.96035e-08
3.95846e-08
3.95657e-08
3.95468e-08
3.95279e-08
3.9509e-08
3.94902e-08
3.94713e-08
3.94525e-08
3.94336e-08
3.94148e-08
3.9396e-08
3.93771e-08
3.93583e-08
3.93395e-08
3.93207e-08
3.9302e-08
3.92832e-08
3.92644e-08
3.92457e-08
3.92269e-08
3.92082e-08
3.91895e-08
3.91707e-08
3.9152e-08
3.91333e-08
3.91146e-08
3.90959e-08
3.90772e-08
3.90586e-08
3.90399e-08
3.90213e-08
3.90026e-08
3.8984e-08
3.89654e-08
3.89468e-08
3.89281e-08
3.89095e-08
3.8891e-08
3.88724e-08
3.88538e-08
3.88352e-08
3.88167e-08
3.87981e-08
3.87796e-08
3.87611e-08
3.87426e-08
3.87241e-08
3.87055e-08
3.8687e-08
3.86686e-08
3.86501e-08
3.86316e-08
3.86132e-08
3.85947e-08
3.85763e-08
3.85579e-08
3.85394e-08
3.8521e-08
3.85026e-08
3.84842e-08
3.84658e-08
3.84474e-08
3.84291e-08
3.84107e-08
3.83923e-08
3.8374e-08
3.83557e-08
3.83373e-08
3.8319e-08
3.83007e-08
3.82824e-08
3.82641e-08
3.82458e-08
3.82275e-08
3.82093e-08
3.8191e-08
3.81728e-08
3.81545e-08
3.81363e-08
3.81181e-08
3.80999e-08
3.80817e-08
3.80634e-08
3.80452e-08
3.80271e-08
3.80089e-08
3.79907e-08
3.79726e-08
3.79544e-08
3.79363e-08
3.79181e-08
3.79e-08
3.78819e-08
3.78638e-08
3.78457e-08
3.78276e-08
3.78095e-08
3.77915e-08
3.77734e-08
3.77553e-08
3.77373e-08
3.77193e-08
3.77013e-08
3.76832e-08
3.76652e-08
3.76472e-08
3.76292e-08
3.76112e-08
3.75933e-08
3.75753e-08
3.75573e-08
3.75394e-08
3.75214e-08
3.75035e-08
3.74856e-08
3.74676e-08
3.74497e-08
3.74318e-08
3.74139e-08
3.73961e-08
3.73782e-08
3.73603e-08
3.73425e-08
3.73246e-08
3.73068e-08
3.72889e-08
3.72711e-08
3.72533e-08
3.72355e-08
3.72177e-08
3.71999e-08
3.71821e-08
3.71643e-08
3.71466e-08
3.71288e-08
3.71111e-08
3.70933e-08
3.70756e-08
3.70578e-08
3.70401e-08
3.70224e-08
3.70047e-08
3.6987e-08
3.69693e-08
3.69517e-08
3.6934e-08
3.69163e-08
3.68987e-08
3.68811e-08
3.68634e-08
3.68458e-08
3.68282e-08
3.68106e-08
3.6793e-08
3.67754e-08
3.67578e-08
3.67402e-08
3.67227e-08
3.67051e-08
3.66876e-08
3.667e-08
3.66525e-08
3.6635e-08
3.66174e-08
3.65999e-08
3.65824e-08
3.65649e-08
3.65475e-08
3.653e-08
3.65125e-08
3.6495e-08
3.64776e-08
3.64602e-08
3.64427e-08
3.64253e-08
3.64079e-08
3.63905e-08
3.6373e-08
3.63557e-08
3.63383e-08
3.63209e-08
3.63035e-08
3.62862e-08
3.62688e-08
3.62515e-08
3.62341e-08
3.62168e-08
3.61995e-08
3.61822e-08
3.61649e-08
3.61476e-08
3.61303e-08
3.6113e-08
3.60957e-08
3.60785e-08
3.60612e-08
3.6044e-08
3.60267e-08
3.60095e-08
3.59923e-08
3.59751e-08
3.59579e-08
3.59407e-08
3.59235e-08
3.59063e-08
3.58891e-08
3.5872e-08
3.58548e-08
3.58377e-08
3.58205e-08
3.58034e-08
3.57862e-08
3.57691e-08
3.5752e-08
3.57349e-08
3.57178e-08
3.57007e-08
3.56837e-08
3.56666e-08
3.56495e-08
3.56325e-08
3.56154e-08
3.55984e-08
3.55814e-08
3.55644e-08
3.55474e-08
3.55303e-08
3.55133e-08
3.54963e-08
3.54794e-08
3.54624e-08
3.54454e-08
3.54285e-08
3.54115e-08
3.53946e-08
3.53776e-08
3.53607e-08
3.53438e-08
3.53269e-08
3.531e-08
3.52931e-08
3.52762e-08
3.52593e-08
3.52425e-08
3.52256e-08
3.52088e-08
3.51919e-08
3.51751e-08
3.51583e-08
3.51414e-08
3.51246e-08
3.51078e-08
3.5091e-08
3.50742e-08
3.50575e-08
3.50407e-08
3.50239e-08
3.50072e-08
3.49904e-08
3.49737e-08
3.49569e-08
3.49402e-08
3.49235e-08
3.49068e-08
3.48901e-08
3.48734e-08
3.48567e-08
3.484e-08
3.48234e-08
3.48067e-08
3.479e-08
3.47734e-08
3.47567e-08
3.47401e-08
3.47235e-08
3.47069e-08
3.46903e-08
3.46737e-08
3.46571e-08
3.46405e-08
3.46239e-08
3.46073e-08
3.45908e-08
3.45742e-08
3.45577e-08
3.45411e-08
3.45246e-08
3.45081e-08
3.44916e-08
3.44751e-08
3.44586e-08
3.44421e-08
3.44256e-08
3.44091e-08
3.43926e-08
3.43762e-08
3.43597e-08
3.43433e-08
3.43269e-08
3.43104e-08
3.4294e-08
3.42776e-08
3.42612e-08
3.42448e-08
3.42284e-08
3.4212e-08
3.41957e-08
3.41793e-08
3.41629e-08
3.41466e-08
3.41302e-08
3.41139e-08
3.40976e-08
3.40812e-08
3.40649e-08
3.40487e-08
3.40323e-08
3.40161e-08
3.39998e-08
3.39835e-08
3.39672e-08
3.3951e-08
3.39347e-08
3.39185e-08
3.39022e-08
3.3886e-08
3.38698e-08
3.38536e-08
3.38374e-08
3.38212e-08
3.3805e-08
3.37888e-08
3.37726e-08
3.37565e-08
3.37403e-08
3.37242e-08
3.3708e-08
3.36919e-08
3.36757e-08
3.36596e-08
3.36435e-08
3.36274e-08
3.36113e-08
3.35952e-08
3.35791e-08
3.3563e-08
3.3547e-08
3.35309e-08
3.35149e-08
3.34988e-08
3.34828e-08
3.34668e-08
3.34507e-08
3.34347e-08
3.34187e-08
3.34027e-08
3.33867e-08
3.33707e-08
3.33548e-08
3.33388e-08
3.33228e-08
3.33069e-08
3.32909e-08
3.3275e-08
3.32591e-08
3.32431e-08
3.32272e-08
3.32113e-08
3.31954e-08
3.31795e-08
3.31636e-08
3.31477e-08
3.31319e-08
3.3116e-08
3.31002e-08
3.30843e-08
3.30685e-08
3.30526e-08
3.30368e-08
3.3021e-08
3.30052e-08
3.29894e-08
3.29736e-08
3.29578e-08
3.2942e-08
3.29262e-08
3.29104e-08
3.28947e-08
3.2879e-08
3.28632e-08
3.28475e-08
3.28317e-08
3.2816e-08
3.28003e-08
3.27846e-08
3.27689e-08
3.27532e-08
3.27375e-08
3.27218e-08
3.27062e-08
3.26905e-08
3.26748e-08
3.26592e-08
3.26436e-08
3.26279e-08
3.26123e-08
3.25967e-08
3.25811e-08
3.25655e-08
3.25498e-08
3.25343e-08
3.25187e-08
3.25031e-08
3.24876e-08
3.2472e-08
3.24564e-08
3.24409e-08
3.24254e-08
3.24098e-08
3.23943e-08
3.23788e-08
3.23633e-08
3.23478e-08
3.23323e-08
3.23168e-08
3.23013e-08
3.22858e-08
3.22704e-08
3.22549e-08
3.22395e-08
3.2224e-08
3.22086e-08
3.21932e-08
3.21777e-08
3.21623e-08
3.21469e-08
3.21315e-08
3.21161e-08
3.21007e-08
3.20854e-08
3.207e-08
3.20546e-08
3.20393e-08
3.20239e-08
3.20086e-08
3.19932e-08
3.19779e-08
3.19626e-08
3.19473e-08
3.1932e-08
3.19167e-08
3.19014e-08
3.18861e-08
3.18708e-08
3.18556e-08
3.18403e-08
3.18251e-08
3.18098e-08
3.17946e-08
3.17793e-08
3.17641e-08
3.17489e-08
3.17337e-08
3.17185e-08
3.17033e-08
3.16881e-08
3.16729e-08
3.16577e-08
3.16426e-08
3.16274e-08
3.16122e-08
3.15971e-08
3.1582e-08
3.15668e-08
3.15517e-08
3.15366e-08
3.15215e-08
3.15064e-08
3.14913e-08
3.14762e-08
3.14611e-08
3.1446e-08
3.1431e-08
3.14159e-08
3.14008e-08
3.13858e-08
3.13708e-08
3.13557e-08
3.13407e-08
3.13257e-08
3.13107e-08
3.12957e-08
3.12807e-08
3.12657e-08
3.12507e-08
3.12357e-08
3.12208e-08
3.12058e-08
3.11908e-08
3.11759e-08
3.1161e-08
3.1146e-08
3.11311e-08
3.11162e-08
3.11013e-08
3.10864e-08
3.10715e-08
3.10566e-08
3.10417e-08
3.10268e-08
3.1012e-08
3.09971e-08
3.09822e-08
3.09674e-08
3.09525e-08
3.09377e-08
3.09229e-08
3.09081e-08
3.08932e-08
3.08784e-08
3.08636e-08
3.08488e-08
3.08341e-08
3.08193e-08
3.08045e-08
3.07897e-08
3.0775e-08
3.07602e-08
3.07455e-08
3.07307e-08
3.0716e-08
3.07013e-08
3.06866e-08
3.06719e-08
3.06572e-08
3.06425e-08
3.06278e-08
3.06131e-08
3.05984e-08
3.05838e-08
3.05691e-08
3.05544e-08
3.05398e-08
3.05252e-08
3.05105e-08
3.04959e-08
3.04813e-08
3.04667e-08
3.04521e-08
3.04375e-08
3.04229e-08
3.04083e-08
3.03937e-08
3.03791e-08
3.03646e-08
3.035e-08
3.03355e-08
3.03209e-08
3.03064e-08
3.02919e-08
3.02773e-08
3.02628e-08
3.02483e-08
3.02338e-08
3.02193e-08
3.02048e-08
3.01904e-08
3.01759e-08
3.01614e-08
3.01469e-08
3.01325e-08
3.01181e-08
3.01036e-08
3.00892e-08
3.00747e-08
3.00603e-08
3.00459e-08
3.00315e-08
3.00171e-08
3.00027e-08
2.99883e-08
2.9974e-08
2.99596e-08
2.99452e-08
2.99309e-08
2.99165e-08
2.99022e-08
2.98878e-08
2.98735e-08
2.98592e-08
2.98448e-08
2.98305e-08
2.98162e-08
2.98019e-08
2.97876e-08
2.97734e-08
2.97591e-08
2.97448e-08
2.97305e-08
2.97163e-08
2.9702e-08
2.96878e-08
2.96736e-08
2.96593e-08
2.96451e-08
2.96309e-08
2.96167e-08
2.96025e-08
2.95883e-08
2.95741e-08
2.95599e-08
2.95457e-08
2.95316e-08
2.95174e-08
2.95033e-08
2.94891e-08
2.94749e-08
2.94608e-08
2.94467e-08
2.94326e-08
2.94184e-08
2.94043e-08
2.93902e-08
2.93761e-08
2.93621e-08
2.9348e-08
2.93339e-08
2.93198e-08
2.93058e-08
2.92917e-08
2.92776e-08
2.92636e-08
2.92496e-08
2.92355e-08
2.92215e-08
2.92075e-08
2.91935e-08
2.91795e-08
2.91655e-08
2.91515e-08
2.91375e-08
2.91235e-08
2.91096e-08
2.90956e-08
2.90817e-08
2.90677e-08
2.90538e-08
2.90398e-08
2.90259e-08
2.9012e-08
2.8998e-08
2.89842e-08
2.89702e-08
2.89563e-08
2.89424e-08
2.89286e-08
2.89147e-08
2.89008e-08
2.8887e-08
2.88731e-08
2.88592e-08
2.88454e-08
2.88316e-08
2.88177e-08
2.88039e-08
2.87901e-08
2.87763e-08
2.87625e-08
2.87487e-08
2.87349e-08
2.87211e-08
2.87073e-08
2.86935e-08
2.86798e-08
2.8666e-08
2.86523e-08
2.86385e-08
2.86248e-08
2.86111e-08
2.85973e-08
2.85836e-08
2.85699e-08
2.85562e-08
2.85425e-08
2.85288e-08
2.85151e-08
2.85014e-08
2.84877e-08
2.8474e-08
2.84604e-08
2.84468e-08
2.84331e-08
2.84195e-08
2.84058e-08
2.83922e-08
2.83786e-08
2.83649e-08
2.83513e-08
2.83377e-08
2.83241e-08
2.83105e-08
2.8297e-08
2.82834e-08
2.82698e-08
2.82562e-08
2.82427e-08
2.82291e-08
2.82155e-08
2.8202e-08
2.81885e-08
2.8175e-08
2.81614e-08
2.81479e-08
2.81344e-08
2.81209e-08
2.81074e-08
2.8094e-08
2.80804e-08
2.8067e-08
2.80535e-08
2.804e-08
2.80266e-08
2.80131e-08
2.79997e-08
2.79863e-08
2.79728e-08
2.79594e-08
2.7946e-08
2.79326e-08
2.79192e-08
2.79058e-08
2.78924e-08
2.7879e-08
2.78656e-08
2.78522e-08
2.78389e-08
2.78255e-08
2.78121e-08
2.77988e-08
2.77855e-08
2.77721e-08
2.77588e-08
2.77455e-08
2.77321e-08
2.77188e-08
2.77055e-08
2.76922e-08
2.76789e-08
2.76656e-08
2.76524e-08
2.76391e-08
2.76258e-08
2.76126e-08
2.75993e-08
2.75861e-08
2.75728e-08
2.75596e-08
2.75464e-08
2.75331e-08
2.75199e-08
2.75067e-08
2.74935e-08
2.74803e-08
2.74671e-08
2.74539e-08
2.74407e-08
2.74276e-08
2.74144e-08
2.74013e-08
2.73881e-08
2.73749e-08
2.73618e-08
2.73487e-08
2.73355e-08
2.73224e-08
2.73093e-08
2.72962e-08
2.72831e-08
2.727e-08
2.72569e-08
2.72438e-08
2.72307e-08
2.72176e-08
2.72046e-08
2.71915e-08
2.71784e-08
2.71654e-08
2.71523e-08
2.71393e-08
2.71263e-08
2.71133e-08
2.71002e-08
2.70872e-08
2.70742e-08
2.70612e-08
2.70482e-08
2.70352e-08
2.70223e-08
2.70093e-08
2.69963e-08
2.69834e-08
2.69704e-08
2.69575e-08
2.69445e-08
2.69316e-08
2.69186e-08
2.69057e-08
2.68928e-08
2.68799e-08
2.6867e-08
2.68541e-08
2.68412e-08
2.68283e-08
2.68154e-08
2.68025e-08
2.67896e-08
2.67768e-08
2.6764e-08
2.67511e-08
2.67382e-08
2.67254e-08
2.67125e-08
2.66997e-08
2.66869e-08
2.66741e-08
2.66613e-08
2.66485e-08
2.66357e-08
2.66229e-08
2.66101e-08
2.65973e-08
2.65846e-08
2.65718e-08
2.6559e-08
2.65462e-08
2.65335e-08
2.65208e-08
2.6508e-08
2.64953e-08
2.64826e-08
2.64698e-08
2.64571e-08
2.64444e-08
2.64317e-08
2.6419e-08
2.64063e-08
2.63937e-08
2.6381e-08
2.63683e-08
2.63556e-08
2.6343e-08
2.63303e-08
2.63177e-08
2.6305e-08
2.62924e-08
2.62798e-08
2.62671e-08
2.62545e-08
2.62419e-08
2.62293e-08
2.62167e-08
2.62041e-08
2.61915e-08
2.61789e-08
2.61664e-08
2.61538e-08
2.61412e-08
2.61287e-08
2.61161e-08
2.61036e-08
2.6091e-08
2.60785e-08
2.6066e-08
2.60535e-08
2.60409e-08
2.60284e-08
2.60159e-08
2.60034e-08
2.59909e-08
2.59785e-08
2.5966e-08
2.59535e-08
2.5941e-08
2.59286e-08
2.59161e-08
2.59036e-08
2.58912e-08
2.58788e-08
2.58663e-08
2.58539e-08
2.58415e-08
2.58291e-08
2.58166e-08
2.58043e-08
2.57919e-08
2.57795e-08
2.57671e-08
2.57547e-08
2.57423e-08
2.57299e-08
2.57176e-08
2.57052e-08
2.56929e-08
2.56806e-08
2.56682e-08
2.56559e-08
2.56435e-08
2.56312e-08
2.56189e-08
2.56066e-08
2.55943e-08
2.5582e-08
2.55697e-08
2.55574e-08
2.55451e-08
2.55328e-08
2.55206e-08
2.55083e-08
2.5496e-08
2.54838e-08
2.54715e-08
2.54593e-08
2.54471e-08
2.54349e-08
2.54226e-08
2.54104e-08
2.53982e-08
2.5386e-08
2.53738e-08
2.53616e-08
2.53494e-08
2.53372e-08
2.53251e-08
2.53129e-08
2.53007e-08
2.52886e-08
2.52764e-08
2.52642e-08
2.52521e-08
2.524e-08
2.52278e-08
2.52157e-08
2.52036e-08
2.51915e-08
2.51794e-08
2.51673e-08
2.51552e-08
2.51431e-08
2.5131e-08
2.51189e-08
2.51068e-08
2.50948e-08
2.50827e-08
2.50707e-08
2.50586e-08
2.50466e-08
2.50345e-08
2.50225e-08
2.50105e-08
2.49984e-08
2.49864e-08
2.49744e-08
2.49624e-08
2.49504e-08
2.49384e-08
2.49264e-08
2.49144e-08
2.49025e-08
2.48905e-08
2.48785e-08
2.48666e-08
2.48546e-08
2.48427e-08
2.48307e-08
2.48188e-08
2.48068e-08
2.47949e-08
2.4783e-08
2.47711e-08
2.47592e-08
2.47473e-08
2.47354e-08
2.47235e-08
2.47116e-08
2.46997e-08
2.46879e-08
2.4676e-08
2.46641e-08
2.46523e-08
2.46404e-08
2.46286e-08
2.46167e-08
2.46049e-08
2.45931e-08
2.45812e-08
2.45694e-08
2.45576e-08
2.45458e-08
2.4534e-08
2.45222e-08
2.45104e-08
2.44986e-08
2.44869e-08
2.44751e-08
2.44633e-08
2.44515e-08
2.44398e-08
2.4428e-08
2.44163e-08
2.44045e-08
2.43928e-08
2.43811e-08
2.43694e-08
2.43576e-08
2.43459e-08
2.43342e-08
2.43225e-08
2.43108e-08
2.42991e-08
2.42875e-08
2.42758e-08
2.42641e-08
2.42524e-08
2.42408e-08
2.42291e-08
2.42175e-08
2.42058e-08
2.41942e-08
2.41825e-08
2.41709e-08
2.41593e-08
2.41477e-08
2.4136e-08
2.41245e-08
2.41129e-08
2.41013e-08
2.40897e-08
2.40781e-08
2.40665e-08
2.40549e-08
2.40433e-08
2.40318e-08
2.40202e-08
2.40087e-08
2.39971e-08
2.39856e-08
2.39741e-08
2.39625e-08
2.3951e-08
2.39395e-08
2.3928e-08
2.39164e-08
2.3905e-08
2.38934e-08
2.3882e-08
2.38705e-08
2.3859e-08
2.38475e-08
2.3836e-08
2.38246e-08
2.38131e-08
2.38017e-08
2.37902e-08
2.37788e-08
2.37673e-08
2.37559e-08
2.37445e-08
2.37331e-08
2.37216e-08
2.37102e-08
2.36988e-08
2.36874e-08
2.3676e-08
2.36646e-08
2.36532e-08
2.36419e-08
2.36305e-08
2.36191e-08
2.36078e-08
2.35964e-08
2.35851e-08
2.35737e-08
2.35624e-08
2.3551e-08
2.35397e-08
2.35284e-08
2.35171e-08
2.35058e-08
2.34945e-08
2.34832e-08
2.34718e-08
2.34606e-08
2.34493e-08
2.3438e-08
2.34267e-08
2.34154e-08
2.34042e-08
2.33929e-08
2.33817e-08
2.33704e-08
2.33592e-08
2.33479e-08
2.33367e-08
2.33255e-08
2.33142e-08
2.3303e-08
2.32918e-08
2.32806e-08
2.32694e-08
2.32582e-08
2.3247e-08
2.32358e-08
2.32246e-08
2.32135e-08
2.32023e-08
2.31911e-08
2.318e-08
2.31688e-08
2.31577e-08
2.31465e-08
2.31354e-08
2.31243e-08
2.31131e-08
2.3102e-08
2.30909e-08
2.30798e-08
2.30687e-08
2.30576e-08
2.30465e-08
2.30354e-08
2.30243e-08
2.30132e-08
2.30022e-08
2.29911e-08
2.298e-08
2.2969e-08
2.29579e-08
2.29469e-08
2.29358e-08
2.29248e-08
2.29138e-08
2.29027e-08
2.28917e-08
2.28807e-08
2.28697e-08
2.28587e-08
2.28477e-08
2.28367e-08
2.28257e-08
2.28147e-08
2.28037e-08
2.27927e-08
2.27818e-08
2.27708e-08
2.27598e-08
2.27489e-08
2.2738e-08
2.2727e-08
2.27161e-08
2.27051e-08
2.26942e-08
2.26833e-08
2.26724e-08
2.26614e-08
2.26505e-08
2.26396e-08
2.26287e-08
2.26179e-08
2.2607e-08
2.25961e-08
2.25852e-08
2.25743e-08
2.25635e-08
2.25526e-08
2.25418e-08
2.25309e-08
2.252e-08
2.25092e-08
2.24984e-08
2.24875e-08
2.24767e-08
2.24659e-08
2.24551e-08
2.24443e-08
2.24335e-08
2.24227e-08
2.24119e-08
2.24011e-08
2.23903e-08
2.23795e-08
2.23687e-08
2.2358e-08
2.23472e-08
2.23365e-08
2.23257e-08
2.23149e-08
2.23042e-08
2.22935e-08
2.22827e-08
2.2272e-08
2.22613e-08
2.22506e-08
2.22399e-08
2.22292e-08
2.22185e-08
2.22077e-08
2.21971e-08
2.21864e-08
2.21757e-08
2.2165e-08
2.21543e-08
2.21437e-08
2.2133e-08
2.21223e-08
2.21117e-08
2.21011e-08
2.20904e-08
2.20798e-08
2.20691e-08
2.20585e-08
2.20479e-08
2.20373e-08
2.20267e-08
2.20161e-08
2.20055e-08
2.19949e-08
2.19843e-08
2.19737e-08
2.19631e-08
2.19525e-08
2.1942e-08
2.19314e-08
2.19208e-08
2.19103e-08
2.18997e-08
2.18892e-08
2.18786e-08
2.18681e-08
2.18576e-08
2.18471e-08
2.18365e-08
2.1826e-08
2.18155e-08
2.1805e-08
2.17945e-08
2.1784e-08
2.17735e-08
2.1763e-08
2.17525e-08
2.17421e-08
2.17316e-08
2.17211e-08
2.17107e-08
2.17002e-08
2.16897e-08
2.16793e-08
2.16689e-08
2.16584e-08
2.1648e-08
2.16376e-08
2.16272e-08
2.16167e-08
2.16063e-08
2.15959e-08
2.15855e-08
2.15751e-08
2.15647e-08
2.15543e-08
2.1544e-08
2.15336e-08
