1291.67
0.699065
0.698043
108.925
0.691802
432.704
0.739752
344.33
0.697187
409.67
0.691833
329.487
0.686985
382.635
0.695388
333.026
0.696123
346.944
0.699717
319.914
0.688633
317.917
0.700542
299.514
0.677054
289.318
0.679297
277.665
0.683567
268.036
0.676101
259.64
0.684649
247.258
0.690645
241.762
0.684448
229.185
0.689806
225.525
0.683756
220.321
0.682116
209.38
0.68253
207.678
0.703019
197.384
0.688322
198.059
0.695682
193.07
0.685575
186.502
0.687121
186.101
0.690154
180.027
0.685957
180.212
0.690862
174.5
0.700845
175.407
0.698888
165.47
0.699031
167.927
0.704866
161.092
0.703519
161.042
0.707048
154.283
0.69895
155.558
0.693332
148.46
0.688881
141.747
0.692307
143.167
0.685576
134.713
0.687798
129.431
0.707002
127.266
0.695669
119.393
0.700396
113.086
0.702215
110.633
0.703924
101.486
0.703188
95.5804
0.697476
93.3296
0.698243
82.7174
0.688646
81.0504
0.697941
73.4179
0.69914
68.5105
0.695722
62.8578
0.699547
58.6085
0.694511
50.8384
0.699652
49.7857
0.69679
43.8659
0.703804
37.9942
0.703636
35.6672
0.703968
36.215
0.702239
36.1663
0.704398
34.8581
0.700131
33.1331
0.704227
31.4624
0.6997
29.696
0.703921
27.8266
0.69804
26.09
0.701911
24.271
0.707473
22.6875
0.704117
21.0563
0.702504
19.4333
0.702104
17.8308
0.700387
16.2969
0.700218
14.8756
0.702916
13.4376
0.709509
12.1754
0.696705
11.004
0.713745
9.84673
0.699823
8.80319
0.699916
7.83139
0.708114
6.88415
0.697666
8.36858
0.696888
8.86659
0.701285
8.61627
0.691347
8.42153
0.70328
8.33971
0.702111
8.69737
0.692881
8.35566
0.69837
8.34148
0.693906
8.12228
0.693939
8.02989
0.695411
7.8785
0.694367
7.70594
0.708524
7.60124
0.701801
7.48716
0.702653
7.21171
0.691046
7.00121
0.694141
6.83649
0.696754
6.64586
0.701031
6.48936
0.697607
6.33888
0.703999
6.15322
0.70377
5.9973
0.695368
5.86989
0.690431
5.75178
0.690414
5.59358
0.693686
5.48851
0.69011
5.34913
0.68634
5.25149
0.688998
5.14879
0.688053
5.04034
0.692008
4.91767
0.68989
4.81329
0.69533
4.71497
0.694931
4.62444
0.692908
4.51443
0.697586
4.42742
0.69045
4.41467
0.688199
4.55977
0.689352
4.47968
0.702842
4.35889
0.693313
4.34875
0.702283
4.25971
0.683133
4.13142
0.691791
4.05495
0.683436
3.95429
0.686937
3.82012
0.685569
3.7546
0.688752
3.67781
0.689815
3.60624
0.690093
3.55384
0.689609
3.42624
0.693963
3.37524
0.6996
3.3011
0.684599
3.22916
0.681689
3.16746
0.683071
3.11636
0.685714
3.03288
0.687992
3.01033
0.69421
2.9158
0.691984
2.87859
0.704832
2.82436
0.682566
2.76257
0.693787
2.69888
0.683871
2.68465
0.689063
2.6077
0.692947
2.58771
0.689735
2.51546
0.690207
2.5036
0.685666
2.41834
0.687038
2.40942
0.680735
2.35216
0.695685
2.31675
0.691412
2.27638
0.687114
2.22602
0.686905
2.18842
0.696905
2.17111
0.692586
2.11818
0.69816
2.0975
0.690079
2.05525
0.693549
2.03447
0.691416
1.9767
0.690284
1.98171
0.689307
1.93091
0.695751
1.90502
0.689931
1.87564
0.691719
1.84867
0.69406
1.825
0.690915
1.80321
0.692042
1.76044
0.680051
1.7349
0.686356
1.70958
0.688099
1.678
0.682448
1.68663
0.688299
1.6337
0.688301
1.63389
0.686973
1.58368
0.684551
1.58205
0.688123
1.5831
0.686679
1.5216
0.693329
1.52069
0.683731
1.49311
0.690489
1.50118
0.688284
1.46996
0.695656
1.43508
0.688213
1.43876
0.687267
1.44321
0.688497
1.38251
0.688247
1.39342
0.686763
1.35773
0.687848
1.3594
0.69692
1.33786
0.698785
1.33826
0.693321
1.30554
0.694626
1.27723
0.695599
1.29653
0.688615
1.26123
0.686953
1.26235
0.678621
1.25584
0.686643
1.19916
0.687309
1.21966
0.690571
1.19632
0.688187
1.1711
0.683137
1.17859
0.687504
1.17626
0.693164
1.14496
0.680183
1.1268
0.703667
1.1626
0.693032
1.0886
0.686449
1.12557
0.685935
1.08811
0.68924
1.0874
0.698367
1.07162
0.69498
1.06127
0.692115
1.04493
0.683785
1.07044
0.695227
1.03356
0.692699
1.02019
0.677427
1.01258
0.674791
0.999588
0.684853
1.0057
0.684816
0.974419
0.683995
0.9728
0.688307
0.975899
0.687077
0.976477
0.678286
0.956215
0.680429
0.956039
0.692691
0.933042
0.682314
0.955117
0.682775
0.931195
0.676103
0.924597
0.677259
0.904689
0.685683
0.926371
0.680048
0.92211
0.681627
0.901306
0.674394
0.920007
0.686328
0.89325
0.679064
0.892808
0.677427
0.872034
0.685387
0.905832
0.679706
0.870955
0.686966
0.872581
0.683988
0.874593
0.693888
0.877256
0.680294
0.840905
0.67848
0.842635
0.699591
0.890596
0.684171
0.816317
0.680486
0.840084
0.701054
0.852797
0.678879
0.81064
0.686582
0.820431
0.67926
0.819505
0.692155
0.818416
0.686037
0.815934
0.68613
0.815904
0.67642
0.790534
0.682682
0.786143
0.675717
0.786052
0.686554
0.797743
0.6813
0.793151
0.68102
0.790887
0.686593
0.79558
0.677374
0.685347
0.812122
0.677428
0.765988
0.676532
0.758532
0.684556
0.785617
0.677575
0.68467
0.785084
0.678296
0.684931
0.785041
0.677608
0.684728
0.784933
0.677583
0.684429
0.785154
0.677447
0.684485
0.757958
0.677536
0.684238
0.757789
0.677131
0.685059
0.757836
0.677914
0.685085
0.758254
0.677346
0.685379
0.759409
0.677447
0.684725
0.730969
0.677568
0.684483
0.75815
0.677724
0.685251
0.677359
0.731423
0.684532
0.676359
0.731938
0.684863
0.677016
0.731447
0.685437
0.677047
0.677947
0.738733
0.67724
0.677257
0.684567
0.676534
0.731813
0.684642
0.677019
0.678101
0.686874
0.730793
0.677057
0.684538
0.677215
0.677407
0.684123
0.730837
0.67718
0.685335
0.676892
0.677818
0.684536
0.677087
0.677638
0.685016
0.676777
0.676975
0.685038
0.731471
0.67763
0.684521
0.676777
0.676885
0.684835
0.676327
0.677713
0.685098
0.676986
0.6773
0.684839
0.676965
0.677542
0.684539
0.677863
0.677884
0.678815
0.671313
0.671958
0.679486
0.671633
0.671972
0.679501
0.671648
0.672231
0.679268
0.67153
0.671921
0.679375
0.671996
0.672141
0.679251
0.671284
0.672044
0.681818
0.671827
0.672024
0.679844
0.671592
0.67251
0.679318
0.67173
0.672126
0.679083
0.671579
0.672446
0.679306
0.671243
0.67261
0.679912
0.671762
0.672294
0.679181
0.671701
0.672579
0.679673
0.672246
0.671722
0.679119
0.6733
0.672303
0.679073
0.671537
0.671353
0.679329
0.671151
0.671971
0.679234
0.671263
0.6723
0.679313
0.671235
0.671867
0.679382
0.671806
0.671942
0.678696
0.671552
0.671862
0.679304
0.671415
0.671646
0.679245
0.671608
0.672452
0.679428
0.671446
0.67183
0.679172
0.671557
0.672197
0.679023
0.671863
0.671893
0.679873
0.671367
0.672341
0.679193
0.671195
0.671975
0.679098
0.671236
0.672268
0.679543
0.672445
0.671744
0.679293
0.671259
0.671843
0.679416
0.671403
0.672141
0.67928
0.671071
0.672464
0.679479
0.67157
0.671785
0.678986
0.672168
0.672232
0.679338
0.671621
0.671687
0.679484
0.671764
0.672347
0.680342
0.672757
0.672428
0.679061
0.671653
0.672237
0.679519
0.671946
0.672491
0.678978
0.671439
0.672224
0.679489
0.671475
0.671936
0.679465
0.671566
0.672522
0.680696
0.672252
0.671727
0.679888
0.671914
0.672075
0.679195
0.671376
0.671602
0.680107
0.671523
0.672272
0.679938
0.671981
0.672153
0.679039
0.67142
0.672241
0.680731
0.671947
0.671692
0.678785
0.671121
0.672159
0.679501
0.671329
0.672035
0.67917
0.671541
0.672312
0.679511
0.671267
0.6715
0.679159
0.671655
0.672112
0.679198
0.671366
0.671667
0.679192
0.6713
0.671773
0.679551
0.671426
0.672308
0.679366
0.67123
0.671924
0.680604
0.671444
0.672365
0.679011
0.671186
0.672368
0.681855
0.671444
0.671822
0.679169
0.6717
0.672082
0.679603
0.67142
0.671739
0.679147
0.671731
0.672584
0.67877
0.671328
0.671375
0.679495
0.671572
0.672547
0.679529
0.671358
0.672277
0.67927
0.671902
0.672081
0.679092
0.671745
0.666453
0.67412
0.666098
0.666405
0.674077
0.666301
0.666883
0.674194
0.666323
0.667105
0.673935
0.666064
0.66762
0.674088
0.667595
0.667188
0.674044
0.666385
0.66586
0.673905
0.66667
0.667089
0.674544
0.666282
0.66656
0.673552
0.666169
0.66684
0.673733
0.666696
0.666731
0.673984
0.665614
0.666717
0.674459
0.666332
0.667225
0.674421
0.666253
0.666653
0.673658
0.666369
0.665953
0.673789
0.666603
0.667352
0.67375
0.666542
0.666121
0.67419
0.666448
0.666758
0.674399
0.666013
0.667131
0.674151
0.66634
0.667292
0.674352
0.668594
0.666784
0.673687
0.665688
0.666677
0.674459
0.666024
0.667092
0.674019
0.666163
0.66693
0.674126
0.666165
0.666384
0.673775
0.666201
0.666842
0.673803
0.665918
0.666358
0.674001
0.666374
0.666997
0.674509
0.666431
0.666618
0.674358
0.666076
0.666661
0.673674
0.666653
0.66652
0.673651
0.665981
0.666641
0.673995
0.665902
0.666552
0.673842
0.665603
0.666923
0.673867
0.66603
0.66875
0.673782
0.666838
0.666906
0.673643
0.666074
0.666458
0.673854
0.666234
0.668421
0.67422
0.666212
0.666676
0.673969
0.665549
0.66685
0.674297
0.666603
0.666668
0.673863
0.666382
0.666571
0.673688
0.666233
0.666901
0.674109
0.665937
0.66672
0.673715
0.666213
0.666558
0.673687
0.666372
0.666801
0.673959
0.666068
0.666426
0.673767
0.666308
0.66668
0.67414
0.666333
0.666187
0.673935
0.666294
0.668127
0.674246
0.668349
0.667128
0.674071
0.666064
0.667077
0.67387
0.666173
0.666412
0.67379
0.665805
0.666828
0.673922
0.66621
0.66635
0.67365
0.666636
0.666681
0.67361
0.666279
0.666526
0.673996
0.665908
0.667457
0.675167
0.666415
0.667116
0.67386
0.666324
0.666374
0.673767
0.666474
0.666826
0.67368
0.666072
0.666505
0.673941
0.666088
0.666648
0.673941
0.666121
0.667266
0.674226
0.666452
0.666523
0.673753
0.66646
0.666813
0.67415
0.666044
0.666883
0.674019
0.665999
0.667075
0.673949
0.666132
0.667199
0.6738
0.666331
0.666794
0.673591
0.666248
0.666783
0.674009
0.666191
0.666789
0.673961
0.666049
0.666807
0.674097
0.665921
0.666854
0.673942
0.666406
0.66636
0.673955
0.666044
0.667518
0.674301
0.666484
0.66629
0.673866
0.665794
0.666888
0.674116
0.666085
0.666546
0.674227
0.666686
0.666696
0.67359
0.666521
0.667122
0.674131
0.666293
0.668716
0.674126
0.66612
0.667148
0.674512
0.66623
0.667141
0.673902
0.666559
0.666609
0.673685
0.666364
0.666579
0.674279
0.666512
0.667152
0.674175
0.665922
0.667664
0.674755
0.666202
0.666317
0.673744
0.66627
0.666531
0.673757
0.666168
0.666638
0.673796
0.666193
0.666236
0.674312
0.666078
0.666506
0.674303
0.666325
0.667642
0.67397
0.666503
0.666328
0.673318
0.666329
0.666573
0.67427
0.666094
0.666348
0.674057
0.666947
0.667033
0.673737
0.666239
0.666923
0.674217
0.666459
0.667042
0.674179
0.66646
0.666686
0.673794
0.666257
0.666868
0.668904
0.660452
0.661255
0.668531
0.660554
0.661452
0.668874
0.661107
0.660816
0.667688
0.661295
0.663057
0.668724
0.661124
0.660961
0.669125
0.660938
0.661739
0.668534
0.660645
0.661545
0.668536
0.661161
0.661889
0.667761
0.661155
0.660871
0.668376
0.66075
0.661224
0.668986
0.660833
0.661306
0.668244
0.66058
0.661544
0.668384
0.661392
0.660616
0.668398
0.660616
0.661362
0.668418
0.660914
0.661525
0.669152
0.660553
0.661462
0.668471
0.660587
0.66113
0.66833
0.661144
0.661113
0.668106
0.661049
0.660958
0.668393
0.66074
0.661309
0.668381
0.660498
0.661585
0.668681
0.660747
0.661217
0.668783
0.66111
0.662287
0.668473
0.660879
0.661497
0.668372
0.661061
0.66149
0.668795
0.660665
0.661139
0.668638
0.661249
0.661446
0.668561
0.661119
0.660926
0.668454
0.660933
0.660933
0.668453
0.66075
0.661074
0.668041
0.660886
0.661179
0.668383
0.660751
0.661783
0.668592
0.662351
0.662414
0.668316
0.661239
0.661022
0.668554
0.660735
0.661041
0.668426
0.660491
0.661435
0.668535
0.660898
0.661173
0.668522
0.660854
0.661091
0.668224
0.661414
0.661073
0.668564
0.660623
0.660948
0.669303
0.660904
0.661401
0.66847
0.660849
0.661255
0.668342
0.661176
0.660986
0.66849
0.660985
0.661382
0.668646
0.661251
0.660815
0.668762
0.660902
0.661383
0.668718
0.660758
0.661136
0.668603
0.661516
0.660886
0.668056
0.660734
0.660855
0.668574
0.660758
0.661268
0.6687
0.661285
0.661173
0.668088
0.660983
0.661455
0.668341
0.664253
0.663141
0.668494
0.660963
0.661188
0.66846
0.661058
0.660748
0.668493
0.660888
0.664722
0.66824
0.660536
0.661193
0.668656
0.660978
0.660714
0.668477
0.660921
0.660856
0.668247
0.661067
0.66086
0.668503
0.660875
0.661326
0.668459
0.660779
0.661517
0.66856
0.660935
0.663226
0.668279
0.660884
0.661039
0.668387
0.660703
0.66073
0.668369
0.660399
0.661266
0.668538
0.660677
0.661486
0.668577
0.661245
0.660663
0.668932
0.660917
0.661197
0.668806
0.66087
0.661628
0.668642
0.66152
0.661686
0.668694
0.66051
0.661625
0.668828
0.661121
0.66103
0.667974
0.661138
0.661127
0.668301
0.66099
0.66108
0.668693
0.661643
0.661617
0.668515
0.660699
0.660782
0.668549
0.660992
0.66101
0.668132
0.660743
0.661189
0.668756
0.660886
0.661399
0.668224
0.660674
0.661404
0.668523
0.660707
0.661485
0.668474
0.661737
0.66084
0.668873
0.660813
0.661251
0.668716
0.660705
0.660662
0.668601
0.660761
0.661317
0.668647
0.661085
0.661095
0.668377
0.661096
0.660979
0.668329
0.661302
0.66098
0.668871
0.660869
0.660863
0.668371
0.66035
0.661267
0.668331
0.66059
0.661392
0.668292
0.660916
0.66122
0.668042
0.660868
0.661079
0.668346
0.663609
0.660936
0.668355
0.660591
0.661449
0.668548
0.660918
0.661132
0.668413
0.661179
0.660899
0.668983
0.660922
0.661242
0.668278
0.660738
0.661069
0.668415
0.661269
0.661663
0.66853
0.661145
0.661521
0.668527
0.660979
0.660664
0.668058
0.661272
0.661212
0.668594
0.660586
0.660728
0.668133
0.66059
0.661267
0.668668
0.661653
0.661444
0.668169
0.661288
0.660896
0.668212
0.660971
0.66108
0.668455
0.660796
0.661187
0.668967
0.661103
0.661051
0.668144
0.660786
0.661281
0.668429
0.661063
0.661144
0.6691
0.660975
0.661358
0.66814
0.660597
0.661124
0.668298
0.660829
0.661595
0.669297
0.661011
0.661253
0.668623
0.661088
0.660816
0.668651
0.661411
0.662574
0.668949
0.660963
0.661155
0.668397
0.660383
0.661427
0.66856
0.66077
0.66117
0.668286
0.66114
0.660734
0.668049
0.660993
0.661526
0.668758
0.661169
0.661942
0.668637
0.660666
0.661689
0.668617
0.660551
0.661078
0.668724
0.661541
0.660819
0.668172
0.661548
0.660808
0.66837
0.660987
0.661047
0.668781
0.660747
0.661484
0.668353
0.661154
0.661286
0.668356
0.660946
0.66069
0.668231
0.66072
0.661432
0.668264
0.661073
0.661173
0.668395
0.660743
0.661471
0.668418
0.660791
0.662606
0.668488
0.660975
0.661585
0.668092
0.661115
0.660899
0.668393
0.660881
0.661101
0.668411
0.660407
0.661234
0.668475
0.660729
0.661631
0.668468
0.660913
0.662911
0.668292
0.663476
0.661157
0.668477
0.660915
0.660907
0.668496
0.660821
0.661561
0.669032
0.660725
0.661431
0.668364
0.661317
0.660616
0.66818
0.660995
0.661551
0.669231
0.66092
0.661131
0.668293
0.660715
0.661121
0.66852
0.660721
0.661681
0.668366
0.661284
0.661449
0.668309
0.660957
0.661357
0.668454
0.660682
0.661013
0.668655
0.660918
0.661564
0.668722
0.660655
0.661444
0.668397
0.661183
0.66087
0.668274
0.662461
0.661007
0.668597
0.66107
0.661283
0.668509
0.661022
0.661298
0.668138
0.660607
0.661579
0.668703
0.660885
0.660941
0.668293
0.661036
0.661053
0.668668
0.66089
0.66118
0.668395
0.660639
0.661396
0.668601
0.660975
0.662116
0.670226
0.661086
0.660864
0.668001
0.660668
0.660822
0.668461
0.66086
0.661167
0.668735
0.660445
0.661098
0.668168
0.660706
0.661455
0.669018
0.661242
0.661192
0.669327
0.661909
0.661215
0.668572
0.660733
0.661318
0.66805
0.660821
0.661584
0.668403
0.661851
0.66168
0.668978
0.661256
0.660726
0.668109
0.661065
0.661176
0.668713
0.660948
0.661077
0.66815
0.661101
0.661287
0.668565
0.660738
0.66137
0.668607
0.660885
0.660412
0.668394
0.660776
0.661394
0.66882
0.66047
0.660472
0.668718
0.660629
0.661452
0.668652
0.660884
0.661164
0.668635
0.661122
0.661376
0.668849
0.661147
0.663372
0.668307
0.660862
0.661155
0.669156
0.660539
0.661269
0.66838
0.660717
0.661571
0.66827
0.661097
0.660328
0.667988
0.660798
0.660934
0.668714
0.660834
0.66102
0.668296
0.6607
0.663272
0.668466
0.66066
0.661292
0.668326
0.660825
0.661034
0.668469
0.660963
0.660974
0.668295
0.660628
0.661542
0.66854
0.660931
0.661794
0.668836
0.660876
0.661802
0.668779
0.660835
0.660868
0.668574
0.661978
0.661892
0.668501
0.661108
0.66099
0.668779
0.660699
0.661651
0.668317
0.660866
0.661244
0.668706
0.661174
0.661445
0.668322
0.661168
0.660864
0.668894
0.660614
0.66146
0.668667
0.660776
0.661515
0.669094
0.660864
0.662093
0.668911
0.661475
0.660733
0.668318
0.661239
0.661754
0.668949
0.660951
0.661292
0.668776
0.660847
0.661611
0.668925
0.66077
0.661199
0.668656
0.660921
0.660962
0.668487
0.661135
0.662499
0.675581
0.665915
0.661806
0.668616
0.660385
0.661071
0.668577
0.664446
0.662899
0.671972
0.661951
0.662414
0.670386
0.661325
0.662715
0.670572
0.660637
0.661787
0.669136
0.662749
0.663194
0.668811
0.661041
0.661996
0.671184
0.661049
0.661016
0.668344
0.661246
0.661293
0.66943
0.663375
0.66161
0.669424
0.660582
0.661354
0.668192
0.660699
0.66165
0.668724
0.664263
0.661289
0.668676
0.662247
0.661718
0.668846
0.660854
0.661133
0.668893
0.661022
0.661404
0.668438
0.663317
0.665353
0.668252
0.662165
0.661274
0.668138
0.660884
0.660906
0.668947
0.661178
0.661288
0.669336
0.66047
0.661658
0.668196
0.663018
0.66187
0.668833
0.660971
0.661898
0.669221
0.66099
0.661522
0.668825
0.661578
0.660775
0.668368
0.660372
0.661357
0.668259
0.660809
0.661569
0.668647
0.661117
0.660957
0.671176
0.661019
0.661488
0.669554
0.660791
0.661744
0.669639
0.660884
0.661413
0.668488
0.660759
0.661535
0.668652
0.660979
0.66052
0.668425
0.661116
0.661211
0.66859
0.661128
0.661238
0.668321
0.66067
0.661087
0.668365
0.660722
0.663434
0.668816
0.661027
0.661341
0.668468
0.661639
0.661216
0.669302
0.660441
0.661085
0.668775
0.660513
0.661899
0.668424
0.660799
0.661752
0.669358
0.661258
0.66099
0.6681
0.660622
0.661667
0.669452
0.661098
0.661588
0.66881
0.660787
0.661423
0.668972
0.66066
0.661515
0.668787
0.660721
0.661282
0.671032
0.66074
0.661014
0.668588
0.661001
0.661306
0.668682
0.660736
0.661574
0.669056
0.660904
0.661714
0.669072
0.66105
0.661021
0.668485
0.66085
0.661369
0.668618
0.660687
0.661104
0.668594
0.660665
0.661269
0.668146
0.660407
0.661209
0.668478
0.661156
0.66128
0.668196
0.661187
0.661687
0.668848
0.66059
0.661332
0.66853
0.660488
0.661378
0.668541
0.660603
0.661344
0.66836
0.66119
0.662556
0.668312
0.660857
0.661201
0.668685
0.660634
0.661049
0.668355
0.660637
0.661604
0.668608
0.660996
0.662418
0.668696
0.66088
0.660775
0.668655
0.661009
0.6614
0.668859
0.660823
0.661536
0.668508
0.660802
0.660942
0.6685
0.661185
0.661846
0.668929
0.661026
0.661055
0.668288
0.660712
0.661428
0.668999
0.660866
0.660711
0.668703
0.660472
0.661667
0.668655
0.660795
0.661946
0.668607
0.661081
0.660807
0.668264
0.660976
0.661414
0.668638
0.660676
0.661203
0.668945
0.660396
0.661259
0.668099
0.660865
0.664634
0.669028
0.6609
0.661368
0.668865
0.66074
0.661554
0.668755
0.660716
0.661131
0.668676
0.660687
0.661625
0.668692
0.660977
0.662844
0.668439
0.660621
0.661402
0.668239
0.660534
0.661136
0.669022
0.660724
0.661156
0.668841
0.660944
0.661307
0.668205
0.660703
0.661575
0.66856
0.660451
0.661473
0.668595
0.660479
0.661396
0.668579
0.66055
0.661459
0.66826
0.660323
0.661421
0.668477
0.660891
0.66148
0.66861
0.660646
0.661621
0.668516
0.660577
0.661519
0.668483
0.660329
0.661698
0.668407
0.660999
0.661126
0.66862
0.660485
0.661648
0.668377
0.660821
0.661741
0.668823
0.660286
0.661517
0.668543
0.662036
0.663624
0.668565
0.660755
0.661243
0.668789
0.660908
0.661415
0.668294
0.660697
0.661575
0.668638
0.660473
0.661601
0.668659
0.660464
0.661289
0.668989
0.660775
0.66182
0.669182
0.660942
0.661694
0.668402
0.66143
0.661412
0.668525
0.660772
0.661364
0.668404
0.661069
0.661496
0.668855
0.660745
0.661573
0.668391
0.660956
0.661623
0.668697
0.660592
0.661494
0.669107
0.660963
0.661517
0.668742
0.660619
0.661604
0.668665
0.660688
0.661652
0.668355
0.660654
0.661557
0.668455
0.660784
0.662009
0.668421
0.660503
0.661858
0.668637
0.660619
0.661609
0.668613
0.660706
0.661275
0.66829
0.660364
0.661635
0.668632
0.660608
0.661505
0.668582
0.660829
0.661345
0.66877
0.660635
0.661773
0.668167
0.660806
0.661126
0.6686
0.660566
0.66133
0.668481
0.660848
0.661217
0.668385
0.663513
0.663005
0.669015
0.66117
0.661182
0.668705
0.6606
0.661621
0.668668
0.660841
0.661251
0.670128
0.660413
0.661364
0.668114
0.660631
0.6615
0.668933
0.660821
0.661423
0.668387
0.660906
0.66098
0.669304
0.660636
0.66126
0.6688
0.661601
0.661533
0.668665
0.660851
0.661421
0.668373
0.660174
0.661713
0.668923
0.660334
0.661981
0.668517
0.660744
0.661564
0.668444
0.660419
0.66134
0.668588
0.661001
0.661922
0.668648
0.660702
0.661701
0.668612
0.660333
0.661379
0.669254
0.660473
0.661814
0.668356
0.660636
0.661554
0.669065
0.660654
0.661508
0.668175
0.661021
0.661181
0.668656
0.660585
0.6614
0.668539
0.66128
0.661764
0.668533
0.660809
0.66159
0.668502
0.660748
0.661608
0.668562
0.660379
0.661363
0.668488
0.660785
0.661317
0.668486
0.660412
0.661743
0.668377
0.661003
0.661378
0.668578
0.660488
0.663754
0.668735
0.66054
0.662386
0.668446
0.660497
0.661001
0.668401
0.660786
0.661794
0.668433
0.660881
0.661776
0.668336
0.661462
0.661622
0.668541
0.660606
0.661792
0.668427
0.66076
0.661487
0.668922
0.661381
0.661435
0.668833
0.660923
0.661412
0.668597
0.660388
0.661512
0.668445
0.660737
0.661436
0.668309
0.660521
0.661117
0.668438
0.660632
0.661416
0.668783
0.660701
0.661465
0.668729
0.660907
0.661353
0.668517
0.660501
0.662096
0.668385
0.660644
0.661896
0.668694
0.660526
0.661482
0.668485
0.660712
0.661481
0.668545
0.660803
0.661402
0.668192
0.660745
0.661893
0.668802
0.660582
0.66162
0.668365
0.660479
0.661683
0.668983
0.660434
0.66147
0.668699
0.660795
0.661485
0.66831
0.660943
0.661623
0.668579
0.660622
0.661375
0.668661
0.660762
0.661411
0.668596
0.660831
0.661171
0.668118
0.660631
0.66181
0.668332
0.660885
0.66164
0.668761
0.662968
0.661808
0.668428
0.660971
0.661884
0.668752
0.663372
0.661366
0.668514
0.661347
0.661644
0.668666
0.660426
0.661492
0.668282
0.660771
0.661514
0.668431
0.660904
0.661781
0.66897
0.660461
0.661598
0.668547
0.660671
0.661796
0.66854
0.660643
0.66166
0.668425
0.660621
0.661476
0.668532
0.661161
0.661159
0.668762
0.660804
0.661554
0.668824
0.660566
0.660952
0.668959
0.660611
0.661415
0.668539
0.660521
0.661646
0.668727
0.661042
0.66143
0.668687
0.660699
0.661637
0.668736
0.660946
0.661371
0.66853
0.660389
0.661387
0.668755
0.660432
0.661376
0.669048
0.66093
0.661327
0.668573
0.660652
0.661458
0.668853
0.660596
0.661478
0.66875
0.66171
0.663094
0.668666
0.660713
0.661721
0.668539
0.660464
0.661411
0.668447
0.660465
0.661828
0.668666
0.660592
0.661475
0.668334
0.66077
0.661239
0.669217
0.660654
0.662418
0.66872
0.660789
0.661411
0.668554
0.660791
0.661595
0.668564
0.660713
0.661703
0.668615
0.660533
0.661457
0.668701
0.660525
0.66153
0.668665
0.660399
0.661767
0.668729
0.660758
0.661822
0.668767
0.661533
0.66142
0.668343
0.660795
0.661785
0.668515
0.660607
0.66143
0.668623
0.660477
0.661744
0.668268
0.660616
0.661932
0.66846
0.660652
0.661252
0.668158
0.660907
0.661722
0.668985
0.660859
0.661545
0.668642
0.660568
0.661512
0.668501
0.660571
0.661978
0.668663
0.660446
0.663529
0.669088
0.660633
0.661976
0.668486
0.66069
0.660929
0.668599
0.660521
0.66143
0.668389
0.660692
0.661543
0.66948
0.660877
0.661374
0.668513
0.660703
0.662218
0.669168
0.660524
0.66166
0.668587
0.660717
0.661537
0.66823
0.660694
0.661655
0.668789
0.660365
0.661403
0.668422
0.660872
0.661312
0.668864
0.660092
0.661909
0.668601
0.660657
0.661436
0.668506
0.660629
0.66434
0.668294
0.660919
0.661838
0.669128
0.660594
0.661555
0.668528
0.660754
0.662079
0.668559
0.660704
0.661389
0.668653
0.660716
0.661633
0.668481
0.660379
0.661633
0.668485
0.660349
0.661567
0.6685
0.660549
0.661215
0.667935
0.660724
0.661181
0.668737
0.660771
0.661981
0.670051
0.661147
0.661531
0.668722
0.660529
0.66159
0.66844
0.660088
0.661223
0.668766
0.660338
0.66146
0.668552
0.660448
0.661274
0.668322
0.660452
0.662081
0.66834
0.660412
0.661641
0.668668
0.660524
0.661068
0.668539
0.660348
0.660991
0.668485
0.660585
0.661612
0.668557
0.660446
0.661366
0.668631
0.660831
0.661446
0.668344
0.660793
0.661401
0.668534
0.660599
0.661692
0.668168
0.660989
0.661428
0.66858
0.660392
0.661376
0.668572
0.660702
0.661342
0.668867
0.660779
0.660914
0.668513
0.661091
0.661565
0.671259
0.660994
0.661366
0.668755
0.660334
0.660997
0.669313
0.660548
0.661657
0.668629
0.660195
0.661399
0.668582
0.660405
0.661642
0.66827
0.660404
0.661325
0.668414
0.660264
0.661337
0.668695
0.660588
0.661212
0.668457
0.660455
0.661512
0.668712
0.661004
0.66333
0.668999
0.660289
0.661517
0.668184
0.660389
0.661107
0.668516
0.660357
0.661421
0.66881
0.660846
0.661253
0.668528
0.660407
0.660914
0.668582
0.660247
0.661518
0.668741
0.660468
0.66118
0.669302
0.661474
0.661434
0.668763
0.660481
0.661169
0.668586
0.660336
0.661617
0.668377
0.660668
0.661226
0.668362
0.660334
0.661305
0.668367
0.660394
0.661216
0.66834
0.660871
0.661409
0.668802
0.660986
0.661132
0.668481
0.660429
0.661291
0.668459
0.660535
0.661286
0.66896
0.660492
0.661274
0.668801
0.660758
0.661348
0.66883
0.660937
0.661219
0.668788
0.66066
0.662017
0.669051
0.660329
0.661267
0.668516
0.660301
0.661147
0.668543
0.66023
0.661674
0.668665
0.660514
0.661075
0.668316
0.660536
0.661487
0.668717
0.660607
0.661446
0.668761
0.660193
0.661393
0.66848
0.660498
0.661044
0.668386
0.660466
0.660949
0.668798
0.660612
0.661497
0.668333
0.664413
0.661433
0.668323
0.660477
0.661115
0.668628
0.660707
0.663256
0.669115
0.66054
0.661346
0.668501
0.660473
0.661293
0.668504
0.660269
0.661267
0.668443
0.661967
0.661604
0.668712
0.660679
0.661379
0.668505
0.660553
0.661605
0.668473
0.66069
0.661303
0.66825
0.660756
0.661513
0.669016
0.660306
0.661309
0.668639
0.660842
0.661695
0.668707
0.660622
0.661014
0.668283
0.660481
0.661025
0.668717
0.660561
0.661625
0.668186
0.660246
0.661088
0.66878
0.660498
0.662184
0.668407
0.661009
0.661455
0.668389
0.660614
0.661481
0.668548
0.660347
0.661369
0.668829
0.660621
0.661424
0.668046
0.660285
0.661064
0.668763
0.660267
0.660918
0.668464
0.661963
0.662637
0.668537
0.660437
0.661323
0.668365
0.659989
0.661447
0.668612
0.66069
0.661272
0.668429
0.660453
0.661135
0.668158
0.660805
0.661201
0.668355
0.660882
0.662161
0.668465
0.660702
0.661583
0.668591
0.66029
0.661721
0.668628
0.660312
0.661245
0.668166
0.660465
0.661093
0.668767
0.660606
0.661557
0.668196
0.660669
0.661285
0.669198
0.660447
0.661621
0.668326
0.660583
0.660965
0.668591
0.660701
0.661284
0.668594
0.660274
0.661176
0.668349
0.66051
0.661285
0.668591
0.660391
0.661584
0.668252
0.660256
0.661512
0.668587
0.660624
0.66092
0.668942
0.660467
0.661328
0.66851
0.660769
0.661159
0.668423
0.660251
0.661397
0.668381
0.660105
0.662951
0.668947
0.660447
0.661165
0.669981
0.661263
0.661233
0.668515
0.660611
0.661496
0.668491
0.660732
0.661622
0.668424
0.660776
0.661626
0.668551
0.660341
0.662103
0.66902
0.660623
0.661284
0.668654
0.660407
0.661601
0.668555
0.66059
0.661274
0.668607
0.66035
0.66122
0.668352
0.660828
0.661394
0.668568
0.660496
0.661422
0.668494
0.660381
0.661425
0.668533
0.660288
0.661239
0.669091
0.660504
0.661362
0.66834
0.660832
0.661149
0.668673
0.660437
0.661203
0.668313
0.660648
0.661624
0.668359
0.660277
0.661486
0.668528
0.66041
0.661164
0.668219
0.66044
0.661087
0.668665
0.660396
0.661266
0.668374
0.660469
0.661442
0.668249
0.66046
0.662763
0.670196
0.660659
0.661284
0.669158
0.660531
0.661516
0.668357
0.660398
0.661415
0.668868
0.660179
0.66135
0.668396
0.660793
0.661275
0.668613
0.66072
0.661357
0.668935
0.660721
0.661345
0.668682
0.660723
0.661454
0.668935
0.660537
0.661317
0.66844
0.660452
0.66101
0.668795
0.660354
0.661271
0.668736
0.660318
0.661463
0.668241
0.660752
0.661293
0.66831
0.660377
0.661446
0.668318
0.660749
0.661321
0.668498
0.66033
0.661651
0.668318
0.660954
0.661362
0.668244
0.660225
0.661142
0.668808
0.66025
0.661478
0.668316
0.660485
0.661408
0.668395
0.660711
0.661047
0.669177
0.660765
0.661083
0.668413
0.660426
0.661635
0.669023
0.659961
0.661234
0.668355
0.660366
0.661229
0.668424
0.660148
0.661299
0.668635
0.660903
0.661681
0.668852
0.660497
0.661075
0.668356
0.66129
0.663083
0.668945
0.660517
0.661543
0.668717
0.660304
0.661733
0.668224
0.660241
0.661266
0.668869
0.660567
0.660988
0.668152
0.660499
0.660955
0.668854
0.660401
0.661314
0.669317
0.660724
0.661487
0.669387
0.661115
0.661085
0.668054
0.662526
0.661484
0.669357
0.660709
0.661255
0.668659
0.66063
0.661166
0.668216
0.660441
0.661524
0.668141
0.660463
0.661786
0.668895
0.660667
0.661405
0.668209
0.66016
0.66177
0.668985
0.660158
0.661285
0.668674
0.660478
0.661038
0.668534
0.660456
0.661578
0.668397
0.660629
0.661273
0.668741
0.660635
0.661395
0.668378
0.660611
0.661496
0.668578
0.660722
0.661401
0.668481
0.660232
0.661556
0.668618
0.660467
0.661099
0.668055
0.660266
0.661302
0.6679
0.660746
0.661601
0.668465
0.660169
0.661442
0.66852
0.660045
0.661348
0.668226
0.660289
0.661465
0.668653
0.660205
0.661591
0.668524
0.660124
0.661439
0.668837
0.662811
0.661858
0.668062
0.660578
0.661587
0.668344
0.660144
0.661525
0.66868
0.660792
0.660881
0.66849
0.660468
0.661224
0.668412
0.661963
0.660969
0.66865
0.661958
0.661533
0.668307
0.660432
0.661123
0.668557
0.660254
0.661687
0.668422
0.66048
0.661263
0.668418
0.660535
0.661466
0.668575
0.660396
0.661193
0.66847
0.660327
0.661265
0.66885
0.660346
0.661454
0.668743
0.660581
0.661209
0.668226
0.660384
0.661158
0.669062
0.660354
0.661173
0.668372
0.660622
0.661402
0.668476
0.660932
0.661226
0.668559
0.660131
0.661087
0.668562
0.660985
0.661294
0.668581
0.660449
0.661414
0.668568
0.660573
0.661249
0.66854
0.660724
0.660737
0.668193
0.662746
0.662917
0.668505
0.660362
0.660779
0.668476
0.660423
0.661241
0.668535
0.660386
0.661439
0.668452
0.66034
0.661546
0.668679
0.66071
0.661614
0.668207
0.660954
0.662067
0.66842
0.660546
0.661622
0.668615
0.660371
0.66102
0.668504
0.660747
0.661512
0.66841
0.660489
0.661238
0.66874
0.661063
0.661302
0.668715
0.660702
0.661595
0.668795
0.660641
0.664247
0.668161
0.660519
0.661024
0.668304
0.660417
0.661649
0.668624
0.660481
0.661117
0.668532
0.660406
0.661352
0.668423
0.660907
0.66115
0.668615
0.660518
0.661401
0.668997
0.660388
0.661094
0.668663
0.660668
0.661464
0.668492
0.660433
0.66122
0.668433
0.660067
0.660954
0.668294
0.660677
0.663424
0.66883
0.660443
0.660987
0.668341
0.661298
0.662073
0.668347
0.66029
0.661406
0.668735
0.660682
0.661066
0.668304
0.66053
0.661443
0.668018
0.660372
0.662769
0.668811
0.660332
0.661221
0.668599
0.660671
0.661376
0.668144
0.66053
0.660935
0.668433
0.661316
0.661469
0.668461
0.660403
0.661195
0.668443
0.660396
0.661318
0.668722
0.660436
0.660869
0.668711
0.660656
0.661399
0.669536
0.660487
0.661137
0.668984
0.660392
0.661202
0.668861
0.660445
0.66143
0.668397
0.660859
0.661661
0.668694
0.660557
0.661101
0.668479
0.660329
0.661131
0.668551
0.660375
0.661247
0.668796
0.660986
0.661683
0.668334
0.660637
0.661445
0.668371
0.660532
0.662735
0.670386
0.660927
0.6612
0.668707
0.6602
0.66152
0.668286
0.660486
0.661441
0.668455
0.6606
0.660999
0.668519
0.660509
0.660889
0.668478
0.660532
0.661183
0.669228
0.660728
0.661234
0.668526
0.660634
0.66295
0.66815
0.660582
0.660918
0.668286
0.660224
0.661477
0.668187
0.660583
0.661316
0.668355
0.660295
0.661211
0.668205
0.660339
0.661245
0.668511
0.660658
0.66165
0.668726
0.660908
0.66134
0.668481
0.660521
0.661388
0.668292
0.660363
0.660889
0.668339
0.660403
0.661349
0.668191
0.660701
0.661027
0.668297
0.6609
0.661136
0.668447
0.660763
0.661485
0.66914
0.660554
0.661454
0.668675
0.659924
0.661677
0.668846
0.660385
0.660828
0.668392
0.660321
0.661816
0.671636
0.660327
0.661508
0.668275
0.660652
0.661266
0.668287
0.660649
0.661057
0.668443
0.661964
0.662808
0.668843
0.660461
0.661524
0.668359
0.660027
0.661336
0.668292
0.660156
0.661266
0.668613
0.660458
0.661232
0.668572
0.660628
0.661098
0.668509
0.66068
0.661259
0.668133
0.660795
0.661449
0.668735
0.660995
0.661367
0.668875
0.660196
0.661476
0.668397
0.661126
0.660976
0.668376
0.66036
0.661318
0.668361
0.66055
0.661379
0.668932
0.660931
0.661847
0.66836
0.660868
0.66129
0.668436
0.660445
0.661528
0.668386
0.660656
0.661368
0.668738
0.660413
0.66167
0.668825
0.660948
0.661472
0.668527
0.660663
0.661275
0.668551
0.660805
0.661205
0.668355
0.66076
0.661067
0.668384
0.660561
0.661501
0.668447
0.660287
0.661322
0.668193
0.660457
0.661416
0.669072
0.660393
0.661071
0.668605
0.661438
0.661242
0.66846
0.660257
0.661637
0.668724
0.660883
0.661478
0.668516
0.660368
0.661646
0.668888
0.660082
0.663317
0.668695
0.66062
0.66105
0.668368
0.66076
0.661096
0.668343
0.660504
0.661345
0.668697
0.660796
0.661398
0.668664
0.660532
0.661332
0.668124
0.660306
0.661792
0.668772
0.660184
0.661163
0.668773
0.661284
0.661176
0.668565
0.66068
0.66161
0.668595
0.661098
0.660939
0.668347
0.660605
0.661323
0.668681
0.660492
0.661084
0.668245
0.660413
0.661428
0.668209
0.660506
0.661183
0.668382
0.660491
0.661073
0.668502
0.660515
0.661497
0.66802
0.660441
0.661089
0.668737
0.660747
0.661083
0.66859
0.660474
0.661091
0.668155
0.661376
0.661561
0.668223
0.660551
0.661556
0.668553
0.660654
0.661229
0.668239
0.660838
0.661267
0.66839
0.660722
0.661752
0.668853
0.660447
0.661391
0.668689
0.66095
0.661672
0.668761
0.662484
0.661192
0.668343
0.660614
0.66122
0.668757
0.6605
0.661354
0.669219
0.660789
0.661605
0.668552
0.660277
0.661353
0.668687
0.662593
0.662109
0.668989
0.660694
0.661151
0.668372
0.660328
0.661694
0.66873
0.660478
0.661164
0.668807
0.66066
0.661544
0.668713
0.660514
0.661941
0.668311
0.660843
0.662441
0.668745
0.66058
0.661011
0.668844
0.661641
0.661149
0.668678
0.660439
0.661398
0.668468
0.661007
0.661185
0.668784
0.660633
0.661228
0.668506
0.661102
0.661477
0.668591
0.66066
0.661441
0.668562
0.660794
0.661267
0.668528
0.660306
0.661408
0.668521
0.66045
0.661736
0.668317
0.660649
0.661365
0.668472
0.660474
0.661572
0.668657
0.660847
0.661248
0.66853
0.660738
0.6629
0.66868
0.660558
0.661963
0.668378
0.660822
0.661781
0.669
0.662101
0.661278
0.668309
0.660638
0.663406
0.668689
0.66026
0.661511
0.668876
0.660729
0.661567
0.668391
0.660575
0.661507
0.66856
0.660839
0.661084
0.668288
0.660612
0.661458
0.668634
0.66064
0.663309
0.668554
0.660586
0.661447
0.668439
0.660466
0.661582
0.669124
0.660698
0.661441
0.668537
0.661269
0.661286
0.668563
0.660353
0.661291
0.668676
0.660694
0.661739
0.669451
0.66036
0.661642
0.66851
0.660907
0.66118
0.668717
0.660285
0.66122
0.668572
0.660644
0.661716
0.668421
0.660527
0.661243
0.668679
0.660702
0.661605
0.66886
0.660544
0.661665
0.668542
0.660501
0.661112
0.66831
0.660179
0.661351
0.668507
0.660474
0.661152
0.668894
0.660478
0.66116
0.668352
0.660659
0.662841
0.669017
0.660588
0.661345
0.66858
0.660769
0.661516
0.668926
0.66063
0.661361
0.668472
0.660253
0.661559
0.668518
0.661088
0.661104
0.668458
0.660473
0.661658
0.66898
0.660497
0.662355
0.668728
0.660623
0.661124
0.668861
0.660712
0.661197
0.668224
0.660376
0.661462
0.668336
0.660415
0.661184
0.668638
0.660315
0.661264
0.669215
0.66087
0.661308
0.668213
0.661391
0.661335
0.668614
0.660813
0.661447
0.668455
0.66108
0.661692
0.668729
0.660609
0.661412
0.66842
0.660498
0.660934
0.668717
0.660557
0.661432
0.66882
0.660465
0.662758
0.668634
0.660537
0.661575
0.668588
0.660444
0.661635
0.668752
0.660487
0.661457
0.668436
0.660643
0.661221
0.668584
0.661101
0.661212
0.668797
0.660308
0.661383
0.668336
0.660562
0.661343
0.668651
0.660524
0.661468
0.668541
0.661518
0.662995
0.668557
0.660791
0.661032
0.668725
0.660497
0.66143
0.668367
0.66013
0.661014
0.668863
0.660367
0.661365
0.668579
0.660666
0.661237
0.668068
0.660703
0.6627
0.668389
0.660647
0.661339
0.669366
0.660494
0.660921
0.668284
0.660436
0.661444
0.668881
0.660412
0.661524
0.668907
0.660437
0.661387
0.668918
0.660168
0.661382
0.668191
0.660837
0.661396
0.668588
0.660622
0.661403
0.66865
0.661034
0.661752
0.668485
0.660628
0.661411
0.668085
0.660371
0.661493
0.668782
0.660395
0.661353
0.668463
0.661673
0.661038
0.668696
0.660572
0.661303
0.668249
0.660697
0.661405
0.668347
0.6606
0.661041
0.668651
0.660814
0.661028
0.668376
0.660301
0.661175
0.668659
0.660661
0.661388
0.668443
0.660611
0.661651
0.668358
0.660657
0.660936
0.668538
0.660599
0.661133
0.668612
0.660777
0.661389
0.668933
0.660818
0.663692
0.668642
