0.538384
0.528065
0.526279
0.527794
0.519823
0.571491
0.543653
0.559181
0.520925
0.533785
0.521175
0.523742
0.516499
0.526889
0.524131
0.522579
0.524871
0.526492
0.528421
0.52152
0.516963
0.529577
0.52892
0.513717
0.504616
0.506518
0.506691
0.508846
0.511285
0.507596
0.5038
0.509687
0.512513
0.507428
0.517922
0.526547
0.5122
0.518444
0.516248
0.517724
0.511669
0.508673
0.509778
0.513592
0.509642
0.527752
0.531101
0.517343
0.515852
0.525077
0.523439
0.524622
0.51338
0.509932
0.51351
0.521442
0.518233
0.519581
0.513687
0.51585
0.51863
0.51983
0.52837
0.517482
0.526419
0.527633
0.526223
0.523442
0.532349
0.522688
0.530774
0.526333
0.534138
0.529965
0.526619
0.522533
0.520826
0.534999
0.516766
0.52662
0.519856
0.519925
0.512052
0.524922
0.515093
0.531291
0.534576
0.529116
0.52343
0.522476
0.526465
0.522853
0.530199
0.527189
0.531286
0.538513
0.530577
0.527635
0.525039
0.524331
0.525651
0.523958
0.516485
0.524092
0.525058
0.527808
0.52614
0.521581
0.523477
0.529187
0.527159
0.517359
0.521442
0.518913
0.527222
0.53027
0.52409
0.530915
0.531276
0.528732
0.531199
0.532759
0.531307
0.532786
0.529306
0.537475
0.531341
0.537164
0.527392
0.541031
0.530749
0.54052
0.52626
0.526627
0.53103
0.542774
0.523697
0.534125
0.528888
0.530896
0.53424
0.546411
0.530006
0.538582
0.529928
0.52196
0.529357
0.533316
0.525732
0.528261
0.526048
0.532741
0.530091
0.527145
0.535865
0.531744
0.523436
0.528543
0.540707
0.527812
0.526807
0.539184
0.527366
0.53965
0.534894
0.523813
0.524787
0.531655
0.523543
0.529636
0.52806
0.537773
0.518339
0.530717
0.530357
0.5241
0.528991
0.526625
0.519894
0.524913
0.524927
0.529215
0.520977
0.532861
0.521019
0.526844
0.522786
0.520108
0.521324
0.523595
0.535038
0.522264
0.52894
0.520606
0.529122
0.521082
0.517669
0.516174
0.521064
0.519678
0.523909
0.523537
0.526316
0.521571
0.52423
0.528039
0.53083
0.520955
0.529041
0.522761
0.522252
0.525085
0.517155
0.523822
0.517493
0.525072
0.519834
0.523917
0.516179
0.524253
0.513011
0.522155
0.515148
0.518087
0.514468
0.520926
0.518029
0.517462
0.516511
0.522796
0.522083
0.517955
0.521848
0.520422
0.519707
0.520547
0.523972
0.522731
0.516994
0.519887
0.512961
0.518787
0.515449
0.525213
0.528211
0.509676
0.519861
0.511331
0.527298
0.526207
0.509923
0.521919
0.517998
0.513519
0.510301
0.508487
0.51346
0.506823
0.512049
0.507928
0.513818
0.517657
0.516628
0.522393
0.516741
0.517836
0.516189
0.508364
0.520371
0.507906
0.524805
0.512258
0.510898
0.516593
0.508439
0.52109
0.510242
0.512699
0.512468
0.516337
0.514741
0.518815
0.520115
0.512622
0.518706
0.517038
0.527139
0.520148
0.507682
0.517257
0.520546
0.508047
0.510925
0.516455
0.516067
0.515392
0.519496
0.523486
0.516292
0.511432
0.515759
0.525035
0.51175
0.515817
0.513315
0.513396
0.506788
0.509472
0.520417
0.522037
0.518609
0.511494
0.513122
0.517626
0.513874
0.50649
0.52312
0.515432
0.51878
0.510619
0.523117
0.519105
0.516813
0.508203
0.518583
0.510729
0.518073
0.511686
0.516837
0.514195
0.515838
0.51804
0.520942
0.52068
0.516647
0.513578
0.518753
0.515916
0.520633
0.516106
0.516919
0.521015
0.517111
0.510516
0.506016
0.507634
0.513228
0.509174
0.51305
0.509237
0.507688
0.514061
0.513196
0.514812
0.514655
0.514429
0.514011
0.519886
0.510661
0.516716
0.513486
0.519759
0.513235
0.51502
0.519403
0.509059
0.510233
0.510139
0.517205
0.517086
0.5154
0.51402
0.521984
0.507148
0.514813
0.51163
0.513305
0.512285
0.51513
0.509093
0.515081
0.516432
0.513193
0.510634
0.51466
0.512055
0.522201
0.517508
0.523913
0.514381
0.519875
0.508594
0.519559
0.511679
0.521772
0.528895
0.515173
0.519692
0.512406
0.524167
0.50483
0.516441
0.512927
0.512254
0.513903
0.508276
0.517395
0.510631
0.514705
0.512332
0.509517
0.517964
0.514167
0.51746
0.518147
0.511697
0.506658
0.519955
0.530272
0.530002
0.520046
0.508896
0.513299
0.519862
0.51224
0.51018
0.515506
0.510553
0.524671
0.519338
0.521728
0.51135
0.517812
0.521829
0.51062
0.517347
0.522051
0.510583
0.518111
0.523796
0.50452
0.516612
0.501624
0.503344
0.511756
0.50854
0.511531
0.505368
0.510971
0.50348
0.514887
0.506654
0.513629
0.505743
0.503681
0.514059
0.506302
0.511366
0.519157
0.515579
0.508825
0.509568
0.509485
0.513954
0.502257
0.509122
0.503635
0.515475
0.512199
0.508403
0.506214
0.503778
0.506667
0.510417
0.501322
0.503957
0.513027
0.503186
0.504843
0.503013
0.504041
0.509167
0.512008
0.516571
0.506428
0.508233
0.513289
0.510306
0.510847
0.511449
0.520646
0.513399
0.507253
0.506025
0.505068
0.504913
0.526396
0.527714
0.511172
0.50796
0.506621
0.50506
0.526545
0.517328
0.50565
0.502092
0.513098
0.51132
0.505643
0.510544
0.518011
0.508489
0.51277
0.506645
0.511142
0.505779
0.503211
0.507703
0.509507
0.504709
0.501763
0.50501
0.513391
0.514475
0.507295
0.511691
0.507612
0.50906
0.513474
0.514033
0.503503
0.511266
0.503485
0.503458
0.51085
0.503317
0.503802
0.510954
0.504017
0.503818
0.511071
0.503628
0.504399
0.51118
0.503619
0.50358
0.51096
0.503409
0.503435
0.510673
0.503502
0.503681
0.510755
0.503505
0.503665
0.510766
0.503428
0.503375
0.511393
0.503324
0.503931
0.511248
0.503741
0.503384
0.511681
0.504975
0.503678
0.511107
0.503628
0.50368
0.510935
0.503706
0.503929
0.51145
0.504089
0.503304
0.510788
0.503157
0.503754
0.51111
0.503691
0.503762
0.511409
0.503778
0.504091
0.510686
0.503959
0.503503
0.511097
0.503275
0.503705
0.510897
0.50375
0.504033
0.513119
0.503305
0.5032
0.510866
0.503813
0.503596
0.510538
0.503376
0.503403
0.511521
0.503573
0.503847
0.51064
0.503853
0.503645
0.511179
0.503438
0.503176
0.511393
0.503932
0.503723
0.510958
0.503558
0.503203
0.511189
0.503143
0.503732
0.511357
0.503862
0.503383
0.511091
0.503645
0.503602
0.51091
0.504609
0.503916
0.505352
0.498129
0.498247
0.505875
0.498416
0.498064
0.505764
0.498444
0.498242
0.505424
0.498291
0.498098
0.505727
0.498693
0.498387
0.50565
0.49805
0.498243
0.507243
0.498565
0.498097
0.505966
0.498357
0.498548
0.50556
0.498538
0.498271
0.505474
0.498405
0.498533
0.505584
0.498036
0.4987
0.506304
0.49846
0.498223
0.505367
0.498447
0.49854
0.505866
0.498509
0.497929
0.505562
0.499988
0.498341
0.505577
0.498367
0.497629
0.505831
0.497985
0.497969
0.50549
0.498111
0.49847
0.505433
0.498054
0.498063
0.505712
0.498545
0.498144
0.505122
0.498338
0.498102
0.505722
0.498277
0.497768
0.50536
0.49851
0.498359
0.505636
0.498298
0.498065
0.505376
0.49835
0.49835
0.505436
0.498349
0.498031
0.506199
0.498126
0.498353
0.505239
0.497922
0.498104
0.505303
0.497996
0.498391
0.505881
0.498763
0.497893
0.505648
0.498002
0.497793
0.505736
0.498087
0.498245
0.505468
0.49788
0.498353
0.505682
0.498263
0.497883
0.505291
0.498765
0.498443
0.505682
0.49834
0.497893
0.505974
0.498451
0.498434
0.50644
0.499463
0.498467
0.505302
0.498344
0.498435
0.505888
0.498519
0.49865
0.505413
0.498255
0.498367
0.505852
0.498217
0.498035
0.505617
0.498338
0.498512
0.506935
0.498513
0.497915
0.506198
0.498428
0.498243
0.505601
0.498147
0.497876
0.506497
0.498301
0.498237
0.506036
0.498416
0.498212
0.505274
0.498122
0.498372
0.50697
0.498641
0.497888
0.505065
0.497948
0.498304
0.50586
0.498228
0.498021
0.505365
0.498273
0.498434
0.505639
0.497992
0.497622
0.505491
0.498465
0.498142
0.505322
0.498129
0.497818
0.505664
0.498161
0.4979
0.505736
0.498207
0.498329
0.505617
0.498082
0.498111
0.505951
0.4982
0.498483
0.50538
0.498083
0.498568
0.50734
0.498262
0.497958
0.505419
0.498415
0.498132
0.505809
0.498229
0.498006
0.505509
0.498438
0.498612
0.50517
0.498076
0.497632
0.505863
0.498403
0.498599
0.505505
0.498134
0.498286
0.505486
0.498662
0.498253
0.505412
0.498533
0.492561
0.500366
0.492863
0.492506
0.500371
0.493091
0.492675
0.500272
0.492992
0.493164
0.500193
0.492865
0.493741
0.500477
0.494165
0.493232
0.500367
0.493125
0.492107
0.500318
0.493438
0.493087
0.500583
0.493061
0.492642
0.499925
0.492915
0.493067
0.500073
0.493357
0.492901
0.500345
0.492367
0.492758
0.500718
0.493064
0.493353
0.500506
0.493142
0.492773
0.499886
0.493085
0.492192
0.500215
0.493321
0.493468
0.500013
0.493263
0.492428
0.500515
0.493156
0.492806
0.500588
0.492718
0.493101
0.500295
0.492967
0.49331
0.500516
0.495045
0.492932
0.499994
0.492649
0.492966
0.500685
0.492766
0.493023
0.500232
0.493003
0.492938
0.500372
0.492873
0.492606
0.500084
0.49304
0.493102
0.500233
0.49268
0.492632
0.500365
0.493045
0.493146
0.50014
0.49317
0.492665
0.500379
0.492856
0.492819
0.500021
0.493353
0.492734
0.500044
0.492822
0.492844
0.500387
0.492656
0.492585
0.500055
0.4925
0.492957
0.500081
0.492867
0.494897
0.500001
0.493336
0.49309
0.500219
0.492877
0.492687
0.500332
0.493071
0.494406
0.500357
0.492968
0.492809
0.500209
0.492317
0.492905
0.500591
0.493228
0.492716
0.500131
0.493237
0.492744
0.500033
0.493013
0.493036
0.500177
0.492725
0.492782
0.500001
0.492898
0.492782
0.50001
0.492988
0.493012
0.500353
0.492808
0.492668
0.50006
0.493163
0.492744
0.500351
0.492983
0.492229
0.500137
0.492994
0.494273
0.500566
0.494951
0.493258
0.500343
0.492832
0.493214
0.50014
0.492967
0.492439
0.499906
0.492608
0.492845
0.500109
0.492895
0.492611
0.500008
0.493285
0.492972
0.500005
0.493002
0.49279
0.500293
0.492588
0.493562
0.500882
0.493146
0.49317
0.500024
0.492958
0.492688
0.50006
0.493106
0.492973
0.500134
0.492888
0.492708
0.500434
0.492883
0.492822
0.500142
0.492972
0.493256
0.500321
0.493203
0.492738
0.500093
0.493251
0.493014
0.500398
0.492778
0.493092
0.50037
0.492739
0.493036
0.500058
0.492808
0.493304
0.500013
0.493128
0.492896
0.499948
0.493054
0.492912
0.500257
0.493055
0.492963
0.500343
0.492793
0.49282
0.500157
0.492776
0.492917
0.500129
0.493053
0.492464
0.500294
0.492897
0.493692
0.50039
0.493323
0.492572
0.500202
0.49259
0.492933
0.500261
0.492954
0.492545
0.500378
0.493361
0.492695
0.499947
0.493161
0.493178
0.500412
0.492987
0.494792
0.500523
0.492886
0.493168
0.500747
0.493008
0.493187
0.500209
0.493255
0.492686
0.500092
0.493068
0.492666
0.500375
0.493185
0.493238
0.500446
0.492692
0.493765
0.50043
0.492967
0.492343
0.499894
0.492994
0.492769
0.500167
0.493024
0.4927
0.500227
0.492939
0.492396
0.500582
0.492899
0.492512
0.500411
0.493187
0.49368
0.500022
0.493325
0.49256
0.499537
0.493122
0.492775
0.500594
0.492843
0.49267
0.500442
0.493665
0.492849
0.49995
0.493018
0.493014
0.500364
0.493226
0.493066
0.500367
0.49327
0.492905
0.500237
0.493067
0.492961
0.495343
0.487172
0.487509
0.494863
0.487327
0.487515
0.494959
0.487835
0.487017
0.494145
0.488056
0.489265
0.495073
0.487926
0.487238
0.495522
0.487752
0.487876
0.49466
0.487358
0.48757
0.494665
0.487812
0.487552
0.49437
0.487881
0.48708
0.494735
0.48753
0.487457
0.495003
0.487574
0.487417
0.494599
0.487424
0.487513
0.494495
0.488167
0.486764
0.494813
0.487457
0.487392
0.49488
0.487756
0.48765
0.495577
0.487268
0.487459
0.494581
0.487385
0.487225
0.494462
0.48779
0.487057
0.494529
0.487761
0.487094
0.494652
0.487441
0.487388
0.494749
0.487341
0.487628
0.494789
0.487465
0.48714
0.494893
0.48772
0.488401
0.49474
0.487616
0.487687
0.494749
0.487759
0.487677
0.494869
0.487443
0.487271
0.494809
0.487964
0.487391
0.494698
0.487883
0.487116
0.494773
0.487706
0.487043
0.494763
0.487566
0.487317
0.494478
0.487692
0.487338
0.494515
0.487663
0.487795
0.494668
0.489234
0.488553
0.49465
0.487977
0.487262
0.49487
0.487535
0.487311
0.494772
0.487367
0.487323
0.494853
0.487769
0.487302
0.494721
0.487689
0.487394
0.494689
0.488149
0.487194
0.494845
0.487377
0.487088
0.494829
0.48775
0.487547
0.494703
0.487655
0.48729
0.49458
0.487908
0.487176
0.494754
0.487667
0.487468
0.494972
0.487987
0.487074
0.494953
0.487533
0.487572
0.494906
0.487583
0.487063
0.494716
0.488145
0.487009
0.494506
0.487453
0.486921
0.494741
0.487399
0.48753
0.494963
0.487986
0.487336
0.494431
0.487769
0.487431
0.494583
0.490862
0.48877
0.494599
0.487556
0.487356
0.49482
0.487792
0.487056
0.494929
0.487563
0.490742
0.494598
0.487284
0.487267
0.494828
0.487721
0.4869
0.49487
0.487687
0.487057
0.494579
0.487832
0.487247
0.494848
0.487647
0.487411
0.494656
0.487556
0.487645
0.494707
0.487678
0.488914
0.494618
0.487606
0.487212
0.494746
0.487497
0.486958
0.494901
0.487211
0.48738
0.494752
0.487465
0.487555
0.49476
0.487874
0.486872
0.494624
0.487653
0.48727
0.495123
0.48764
0.487786
0.495138
0.487783
0.487709
0.49486
0.487412
0.487739
0.49496
0.48792
0.487128
0.494309
0.487932
0.487321
0.494691
0.48784
0.487266
0.495111
0.488374
0.48765
0.494629
0.487456
0.486791
0.494761
0.487741
0.487204
0.494535
0.487563
0.487366
0.495088
0.487637
0.487559
0.494642
0.487537
0.487526
0.494729
0.487493
0.487495
0.494675
0.488289
0.487028
0.495158
0.487564
0.487425
0.494955
0.487444
0.486872
0.494832
0.487535
0.487329
0.494791
0.487847
0.487144
0.494535
0.487732
0.487087
0.494609
0.488052
0.487053
0.495144
0.487627
0.487072
0.494875
0.487133
0.487318
0.494552
0.487235
0.487427
0.494478
0.487615
0.48745
0.494442
0.487596
0.487197
0.494756
0.490351
0.487087
0.494874
0.487236
0.487563
0.49474
0.487716
0.487142
0.494756
0.487775
0.487093
0.495311
0.48761
0.487365
0.494616
0.487589
0.487344
0.494717
0.488023
0.487288
0.494818
0.487863
0.487527
0.494677
0.487687
0.486756
0.494481
0.487914
0.48739
0.494838
0.487439
0.486904
0.494606
0.487336
0.487328
0.494908
0.488369
0.487303
0.494476
0.488031
0.487146
0.494557
0.487706
0.487315
0.494821
0.487454
0.487396
0.495326
0.48782
0.487169
0.494452
0.48753
0.487231
0.494715
0.487795
0.487075
0.495409
0.487778
0.487569
0.494559
0.487521
0.487333
0.494775
0.487622
0.487709
0.495537
0.487648
0.48738
0.494851
0.487795
0.486935
0.494986
0.48825
0.488741
0.495346
0.48773
0.487322
0.494749
0.487269
0.487446
0.494776
0.487627
0.487237
0.494466
0.487789
0.486787
0.494342
0.48769
0.487729
0.495065
0.48801
0.487615
0.495036
0.487478
0.48767
0.494829
0.487375
0.487194
0.494929
0.488176
0.486879
0.49451
0.487504
0.486976
0.494658
0.487755
0.487215
0.4951
0.487409
0.487267
0.494509
0.487826
0.487257
0.494578
0.487668
0.486913
0.494554
0.487482
0.487702
0.494603
0.487813
0.487365
0.494782
0.487577
0.487596
0.494674
0.487527
0.488539
0.494534
0.487712
0.487809
0.494544
0.487951
0.487062
0.494697
0.487733
0.487438
0.49473
0.487254
0.487287
0.494673
0.487568
0.487529
0.494699
0.487712
0.489142
0.494633
0.490181
0.487241
0.494748
0.487693
0.487274
0.494844
0.487577
0.487606
0.495203
0.487464
0.487402
0.494466
0.487971
0.486758
0.494465
0.487593
0.487651
0.495075
0.487667
0.487226
0.494535
0.487476
0.487227
0.494723
0.487351
0.487723
0.494468
0.487897
0.487619
0.494581
0.487609
0.48755
0.49478
0.487405
0.48724
0.494824
0.487652
0.487637
0.495052
0.487347
0.487362
0.494606
0.488036
0.486978
0.494639
0.489244
0.487116
0.494894
0.487791
0.487413
0.494843
0.48778
0.487282
0.49443
0.487457
0.487533
0.494887
0.487681
0.487156
0.494628
0.487732
0.487216
0.494876
0.487709
0.487379
0.494796
0.487513
0.487491
0.494787
0.487739
0.488117
0.49589
0.487686
0.487035
0.494297
0.48754
0.487053
0.494854
0.487596
0.487328
0.495054
0.487188
0.487135
0.494393
0.487369
0.487353
0.495099
0.487895
0.487292
0.4954
0.488624
0.487293
0.494965
0.487549
0.487571
0.494533
0.487378
0.48764
0.494761
0.488394
0.487686
0.495048
0.488006
0.486787
0.49446
0.487905
0.48743
0.495043
0.487709
0.487242
0.494481
0.487849
0.487284
0.494769
0.487568
0.487396
0.494695
0.487595
0.486685
0.494717
0.487453
0.487507
0.495195
0.487223
0.486717
0.495021
0.487489
0.487391
0.494812
0.487631
0.487292
0.494612
0.487929
0.487411
0.494969
0.487643
0.488888
0.494703
0.487571
0.487318
0.49541
0.487399
0.48738
0.49464
0.487434
0.487509
0.494493
0.487804
0.486545
0.494448
0.487642
0.487101
0.494957
0.487575
0.487258
0.494703
0.487554
0.489121
0.494536
0.487533
0.4873
0.494564
0.487676
0.487209
0.494775
0.487735
0.487054
0.494603
0.487322
0.487759
0.494875
0.487684
0.48792
0.495031
0.487641
0.487783
0.494962
0.487606
0.486993
0.495002
0.488211
0.488028
0.494731
0.487788
0.487152
0.495154
0.487377
0.487714
0.494465
0.487661
0.487286
0.494842
0.487889
0.48756
0.494666
0.487921
0.487105
0.49514
0.487269
0.487624
0.495025
0.487555
0.487657
0.495206
0.487608
0.487965
0.495046
0.488159
0.487038
0.494697
0.487934
0.487752
0.495204
0.48773
0.48741
0.495131
0.487449
0.48762
0.495208
0.487497
0.487101
0.494819
0.487706
0.487117
0.494854
0.487929
0.48858
0.495399
0.487556
0.488051
0.495092
0.487309
0.48732
0.494813
0.491048
0.48855
0.497061
0.488694
0.488431
0.49611
0.487952
0.488629
0.496637
0.487451
0.48795
0.495545
0.489723
0.489089
0.495022
0.487918
0.487998
0.496501
0.488127
0.487159
0.494812
0.487993
0.487539
0.495746
0.490037
0.487975
0.495166
0.487521
0.487594
0.494399
0.487575
0.487528
0.495145
0.490827
0.487582
0.495298
0.488767
0.487863
0.495249
0.487701
0.487459
0.495338
0.487755
0.487477
0.494874
0.489955
0.491437
0.494666
0.488192
0.487557
0.494599
0.48773
0.487171
0.495246
0.488029
0.487573
0.495892
0.487287
0.487934
0.494652
0.489901
0.488043
0.495063
0.487793
0.488096
0.495073
0.487918
0.487684
0.495203
0.488442
0.487021
0.494862
0.487386
0.487531
0.494651
0.487465
0.48773
0.495005
0.487913
0.487305
0.497644
0.487867
0.487718
0.494999
0.487778
0.488063
0.495661
0.487864
0.487792
0.494737
0.48769
0.487657
0.494759
0.487748
0.486805
0.494964
0.487893
0.487434
0.49494
0.487989
0.487532
0.494872
0.487546
0.487445
0.494628
0.487645
0.489517
0.495119
0.487929
0.487581
0.494891
0.488593
0.487513
0.494899
0.48748
0.487503
0.495223
0.487502
0.488056
0.494736
0.487703
0.48785
0.49551
0.488024
0.487331
0.494554
0.487679
0.487897
0.495615
0.48803
0.487821
0.495057
0.487635
0.487713
0.495291
0.487626
0.487678
0.495185
0.487729
0.487639
0.496509
0.487585
0.487275
0.494972
0.487908
0.487649
0.49508
0.487691
0.487821
0.494973
0.487901
0.487809
0.495402
0.488076
0.487382
0.494928
0.487641
0.487746
0.495061
0.487606
0.487529
0.495056
0.487537
0.4875
0.494492
0.487374
0.48737
0.49476
0.488101
0.487541
0.494584
0.488025
0.487995
0.495176
0.487421
0.487682
0.495072
0.487388
0.4876
0.49486
0.48744
0.487351
0.494659
0.488101
0.488552
0.494821
0.487659
0.48751
0.495133
0.487617
0.487336
0.494876
0.487711
0.487892
0.495026
0.487848
0.488054
0.495058
0.487844
0.487122
0.495128
0.48789
0.487605
0.495278
0.487709
0.487853
0.495009
0.487728
0.487162
0.494745
0.488125
0.487942
0.495196
0.487828
0.487383
0.494842
0.487614
0.487556
0.49532
0.487739
0.486999
0.49523
0.487383
0.487801
0.494958
0.487771
0.487973
0.494754
0.487971
0.487096
0.494747
0.487897
0.487648
0.495079
0.487541
0.487577
0.495318
0.487456
0.487455
0.494513
0.487798
0.490437
0.495385
0.487861
0.487578
0.495166
0.487689
0.487716
0.494925
0.487665
0.487263
0.495012
0.487537
0.487785
0.495155
0.487871
0.4882
0.49479
0.48767
0.487644
0.494644
0.487394
0.487356
0.495197
0.487551
0.487341
0.495266
0.487861
0.487527
0.494526
0.487638
0.487813
0.494879
0.48747
0.487561
0.49466
0.487342
0.487593
0.494856
0.48739
0.487584
0.494448
0.487186
0.487576
0.494799
0.487706
0.48755
0.494793
0.4876
0.487752
0.494864
0.48747
0.487584
0.494755
0.487262
0.487947
0.494689
0.487874
0.487173
0.495063
0.487433
0.487875
0.494779
0.487602
0.487865
0.495099
0.487179
0.487724
0.495019
0.488469
0.489746
0.494948
0.487592
0.487427
0.495035
0.487709
0.487618
0.494674
0.487644
0.487728
0.495139
0.487434
0.487771
0.494976
0.487356
0.487521
0.495366
0.487608
0.487896
0.495142
0.487736
0.487773
0.494698
0.488312
0.48752
0.494709
0.487659
0.487608
0.494737
0.487889
0.487674
0.495185
0.487601
0.487678
0.494661
0.487807
0.487615
0.494893
0.487469
0.487628
0.495386
0.487683
0.487513
0.495046
0.487467
0.487746
0.494964
0.487616
0.487715
0.494724
0.487485
0.487771
0.494782
0.487671
0.488032
0.494782
0.487417
0.488062
0.494963
0.487497
0.487691
0.494908
0.487562
0.487617
0.494572
0.487312
0.487736
0.494921
0.487496
0.487727
0.494915
0.487894
0.487536
0.494991
0.487439
0.488012
0.494587
0.487632
0.48718
0.494951
0.48746
0.487671
0.494849
0.487836
0.487438
0.494765
0.490422
0.489179
0.495362
0.488079
0.487325
0.495019
0.487396
0.487772
0.494943
0.487788
0.487386
0.496004
0.487318
0.48757
0.494477
0.487544
0.487585
0.495175
0.487664
0.487573
0.494716
0.487844
0.487195
0.494927
0.487556
0.487548
0.495104
0.48855
0.48767
0.495007
0.487769
0.487682
0.494769
0.487082
0.487825
0.495145
0.487268
0.488141
0.494796
0.487664
0.487781
0.494865
0.487395
0.487539
0.494935
0.487953
0.487926
0.49493
0.487595
0.487885
0.494902
0.487392
0.487503
0.495583
0.487308
0.487897
0.494638
0.487506
0.48767
0.49539
0.48766
0.487689
0.494501
0.487976
0.4873
0.495005
0.487534
0.48773
0.49493
0.487992
0.487876
0.494819
0.487715
0.48783
0.494857
0.487632
0.487563
0.494748
0.487121
0.48756
0.494787
0.487737
0.487458
0.494971
0.487282
0.487878
0.49477
0.487836
0.487534
0.494824
0.487336
0.489567
0.495218
0.487507
0.488379
0.494648
0.48732
0.487394
0.494756
0.487808
0.487943
0.494754
0.487717
0.487908
0.494734
0.488396
0.487764
0.494914
0.487434
0.488017
0.494738
0.48767
0.487571
0.495186
0.487799
0.48766
0.495203
0.487739
0.487588
0.4948
0.487213
0.487705
0.494756
0.487657
0.487431
0.494602
0.487487
0.487401
0.494761
0.487481
0.487536
0.494977
0.48751
0.487675
0.495155
0.487705
0.487414
0.494754
0.487442
0.488283
0.494785
0.487522
0.487902
0.494945
0.487295
0.487684
0.494736
0.487634
0.487515
0.494758
0.487608
0.487684
0.49462
0.487846
0.488019
0.494991
0.487402
0.487741
0.494777
0.487379
0.487795
0.495216
0.487329
0.487738
0.4951
0.487741
0.487649
0.49469
0.487758
0.487745
0.494825
0.487519
0.487558
0.494981
0.487649
0.487727
0.494872
0.487693
0.487268
0.494386
0.487477
0.487989
0.494609
0.487782
0.487758
0.494922
0.489908
0.487985
0.494686
0.48797
0.487937
0.495004
0.490279
0.48759
0.494886
0.488191
0.48775
0.495004
0.487346
0.487596
0.494587
0.487712
0.487638
0.494786
0.487943
0.487521
0.495281
0.487371
0.487665
0.494909
0.487383
0.487951
0.494906
0.487551
0.487706
0.494637
0.487539
0.487731
0.494866
0.488081
0.487342
0.495045
0.487719
0.487628
0.495159
0.487468
0.487238
0.495173
0.487644
0.487589
0.494792
0.487557
0.487826
0.495012
0.487852
0.48779
0.495105
0.487656
0.487809
0.495093
0.487813
0.487484
0.494871
0.487343
0.487486
0.495006
0.487426
0.487455
0.495451
0.487874
0.487572
0.494831
0.487568
0.487623
0.495124
0.487556
0.487693
0.495007
0.488517
0.489194
0.495131
0.487721
0.487951
0.494887
0.487429
0.487601
0.494884
0.487333
0.487951
0.494939
0.487498
0.487613
0.494741
0.487732
0.487548
0.495464
0.487527
0.488128
0.495134
0.487776
0.487526
0.494832
0.487607
0.487919
0.494863
0.487625
0.48785
0.49488
0.487459
0.487609
0.494917
0.487515
0.487695
0.494927
0.487263
0.487757
0.494985
0.487756
0.487969
0.495021
0.488342
0.48768
0.494666
0.487656
0.487938
0.494798
0.487566
0.4876
0.494975
0.487365
0.487899
0.494632
0.487496
0.488044
0.494713
0.487496
0.487377
0.494468
0.487643
0.487965
0.495224
0.48761
0.487727
0.494939
0.487404
0.487688
0.494844
0.487404
0.488124
0.494816
0.487473
0.489676
0.495303
0.48765
0.488005
0.49478
0.487532
0.48715
0.494961
0.487536
0.487562
0.494666
0.487581
0.487762
0.495719
0.487704
0.487418
0.494762
0.487522
0.488385
0.494979
0.487422
0.487782
0.494907
0.487577
0.487691
0.494784
0.48771
0.487854
0.495007
0.487176
0.487727
0.494922
0.487745
0.487499
0.495179
0.487022
0.488157
0.494876
0.487509
0.487551
0.494832
0.487543
0.490394
0.494662
0.487734
0.488011
0.495422
0.487461
0.487831
0.494842
0.487594
0.488309
0.494711
0.487576
0.487766
0.494782
0.487557
0.487836
0.49479
0.487271
0.487932
0.494853
0.48739
0.487765
0.494804
0.487588
0.487427
0.494404
0.487699
0.487322
0.494985
0.48771
0.48811
0.495978
0.488117
0.487555
0.495031
0.487474
0.487857
0.494744
0.486953
0.487295
0.495025
0.48723
0.48759
0.494972
0.487439
0.487462
0.494571
0.487404
0.488256
0.494548
0.48739
0.487826
0.494865
0.487414
0.487334
0.494844
0.487286
0.487098
0.494902
0.487413
0.487769
0.494865
0.487376
0.48749
0.494923
0.487698
0.487681
0.494708
0.487725
0.487538
0.494681
0.487395
0.487571
0.494541
0.487861
0.487434
0.494905
0.487158
0.487633
0.494876
0.487669
0.48746
0.495074
0.487588
0.487055
0.494823
0.488118
0.487552
0.497436
0.487677
0.487576
0.495031
0.48734
0.48711
0.495568
0.487318
0.487811
0.495036
0.487232
0.487474
0.494906
0.487374
0.48789
0.494632
0.487296
0.487429
0.494778
0.487187
0.487531
0.494995
0.487565
0.487401
0.494841
0.487356
0.487725
0.495027
0.487919
0.489106
0.495296
0.487206
0.487619
0.494453
0.487225
0.487112
0.494866
0.487221
0.487555
0.495136
0.48775
0.487425
0.494726
0.487376
0.487148
0.494813
0.487217
0.487659
0.495065
0.48731
0.487382
0.495591
0.487907
0.487488
0.494923
0.487222
0.487403
0.494934
0.487287
0.487927
0.494831
0.487546
0.487446
0.494749
0.487422
0.487482
0.494566
0.487247
0.487474
0.494608
0.487737
0.487552
0.495018
0.487948
0.487388
0.494848
0.48734
0.487445
0.49473
0.487413
0.487461
0.495324
0.487464
0.487442
0.495051
0.487612
0.487546
0.495135
0.487817
0.487313
0.495018
0.487496
0.488124
0.494768
0.487203
0.487528
0.494837
0.487149
0.487384
0.494771
0.487087
0.487848
0.49492
0.487389
0.487218
0.494561
0.487258
0.487712
0.494901
0.487435
0.487613
0.495112
0.487176
0.487548
0.49473
0.487295
0.487254
0.49466
0.487423
0.487168
0.495085
0.487282
0.487705
0.494799
0.491065
0.487584
0.494483
0.487388
0.487306
0.495013
0.487476
0.488704
0.495369
0.487358
0.487446
0.494905
0.487459
0.487524
0.494749
0.487013
0.487475
0.494751
0.488151
0.487658
0.495153
0.487517
0.487506
0.494875
0.487439
0.487793
0.494852
0.487471
0.487513
0.494844
0.487543
0.487621
0.495388
0.487348
0.487496
0.494864
0.487711
0.48777
0.49501
0.487382
0.487223
0.494701
0.48734
0.487118
0.495057
0.487358
0.487733
0.494553
0.487228
0.487239
0.495023
0.487349
0.488124
0.494819
0.487847
0.487362
0.494753
0.487394
0.487688
0.494913
0.487359
0.487351
0.495093
0.487421
0.487639
0.494461
0.48729
0.487241
0.495005
0.487196
0.487105
0.494887
0.488921
0.488819
0.494973
0.487296
0.487569
0.494741
0.486977
0.487568
0.494843
0.487524
0.487441
0.494839
0.487388
0.48731
0.494499
0.487606
0.487478
0.494692
0.487878
0.487867
0.494799
0.487539
0.487715
0.494962
0.48718
0.488016
0.494802
0.487258
0.48732
0.494412
0.487417
0.487358
0.494978
0.487556
0.487819
0.494482
0.48756
0.487332
0.495463
0.487323
0.487783
0.494735
0.487541
0.487099
0.494944
0.487474
0.487595
0.494925
0.487246
0.487345
0.494729
0.487389
0.487409
0.495023
0.487259
0.487535
0.494561
0.487121
0.487639
0.494843
0.487518
0.487157
0.495277
0.487434
0.487595
0.49486
0.487734
0.487314
0.49471
0.487119
0.487637
0.49468
0.487093
0.488716
0.495255
0.487362
0.487387
0.496347
0.487495
0.487423
0.494786
0.487425
0.487778
0.49479
0.48762
0.487683
0.494688
0.487587
0.487847
0.494867
0.487179
0.488371
0.494828
0.487461
0.487609
0.495091
0.487348
0.487596
0.494681
0.487397
0.487363
0.495057
0.4873
0.487292
0.494651
0.487614
0.487532
0.494752
0.487422
0.487538
0.494654
0.487252
0.487591
0.494852
0.487211
0.487362
0.494731
0.487322
0.487556
0.494726
0.487736
0.487307
0.49492
0.487323
0.487352
0.494615
0.487587
0.487912
0.49465
0.487404
0.487632
0.494967
0.487473
0.487356
0.494675
0.487273
0.48733
0.49492
0.487374
0.487295
0.494618
0.487286
0.487559
0.494719
0.487484
0.488837
0.496239
0.487399
0.487601
0.495433
0.487465
0.487567
0.494689
0.487368
0.487407
0.495202
0.487046
0.487393
0.494706
0.487607
0.487381
0.494874
0.487499
0.487377
0.494943
0.487606
0.487506
0.494941
0.487563
0.487578
0.495217
0.487478
0.487526
0.494717
0.487407
0.48706
0.495031
0.487315
0.487515
0.494958
0.48728
0.487634
0.494549
0.48765
0.48757
0.494709
0.487385
0.487398
0.494705
0.487593
0.487602
0.49482
0.487335
0.487592
0.494766
0.487895
0.487593
0.494571
0.487145
0.487365
0.494975
0.487288
0.487607
0.494624
0.487328
0.487531
0.49478
0.487244
0.487282
0.495331
0.487581
0.487227
0.494807
0.487256
0.487748
0.495458
0.486945
0.487396
0.494608
0.48727
0.487532
0.494626
0.487154
0.487486
0.494778
0.487863
0.487812
0.495226
0.487423
0.487151
0.494594
0.488079
0.489169
0.495159
0.487404
0.487608
0.494965
0.487161
0.488046
0.494563
0.487161
0.487386
0.495201
0.487296
0.48734
0.494485
0.48743
0.487134
0.495223
0.487324
0.487492
0.495607
0.487716
0.48772
0.495776
0.487458
0.487266
0.494502
0.489461
0.487292
0.49571
0.487636
0.48748
0.494872
0.487576
0.487313
0.494446
0.48734
0.487687
0.494627
0.487406
0.487884
0.495071
0.487562
0.487682
0.494653
0.487054
0.487823
0.495184
0.487072
0.487542
0.494948
0.487481
0.487146
0.494818
0.487337
0.487557
0.494674
0.487576
0.487349
0.495201
0.487316
0.487369
0.494668
0.487452
0.487663
0.494935
0.48729
0.487541
0.494756
0.487189
0.487617
0.494985
0.487346
0.487322
0.494553
0.487157
0.487404
0.494367
0.487553
0.487725
0.494808
0.487241
0.487588
0.494797
0.487104
0.487669
0.494725
0.487253
0.487557
0.494861
0.487039
0.487782
0.494702
0.487186
0.487665
0.49522
0.489696
0.487971
0.494369
0.487554
0.487654
0.494679
0.487182
0.487774
0.494938
0.487647
0.487146
0.494803
0.487416
0.487466
0.494683
0.488428
0.487182
0.49488
0.487815
0.487615
0.494591
0.487392
0.487216
0.494932
0.487174
0.487839
0.494638
0.487527
0.487429
0.494796
0.487407
0.487705
0.494797
0.487357
0.487279
0.494673
0.48713
0.487344
0.495062
0.487277
0.487546
0.495051
0.487354
0.487388
0.49454
0.487202
0.487257
0.495285
0.487192
0.487428
0.494716
0.487605
0.487383
0.494835
0.487853
0.48739
0.494776
0.487156
0.487336
0.494694
0.487957
0.48755
0.49482
0.487282
0.487486
0.494838
0.487245
0.487563
0.49489
0.487505
0.486888
0.49453
0.489557
0.489221
0.49483
0.487312
0.487097
0.494772
0.487411
0.487556
0.494852
0.487313
0.48764
0.494744
0.487302
0.487695
0.495019
0.487622
0.487712
0.494459
0.487785
0.487792
0.494812
0.487441
0.487669
0.494928
0.487178
0.487266
0.494806
0.487554
0.487662
0.494731
0.487283
0.487363
0.495098
0.48801
0.487462
0.495024
0.487545
0.487594
0.495153
0.487566
0.49032
0.494478
0.487373
0.487277
0.494614
0.487384
0.48782
0.494947
0.487216
0.487394
0.494894
0.487319
0.487521
0.494663
0.487597
0.487179
0.494951
0.48743
0.487437
0.495261
0.487276
0.487469
0.495066
0.487545
0.487597
0.494762
0.487348
0.487516
0.494746
0.487109
0.487098
0.494518
0.487501
0.489302
0.495065
0.487366
0.487149
0.494596
0.48812
0.487982
0.494648
0.487246
0.487449
0.494991
0.487478
0.487293
0.49469
0.48746
0.487571
0.494316
0.487312
0.488136
0.495088
0.48727
0.487386
0.494971
0.487437
0.487571
0.494498
0.487484
0.487197
0.494771
0.488204
0.487554
0.494877
0.487313
0.487343
0.494717
0.487259
0.487522
0.494914
0.487405
0.487197
0.495052
0.487583
0.487629
0.49549
0.487478
0.487162
0.495095
0.487249
0.487532
0.495154
0.48728
0.487068
0.494731
0.487645
0.487855
0.49492
0.487544
0.487271
0.494747
0.487164
0.487288
0.494802
0.487257
0.4874
0.495109
0.48779
0.487832
0.494608
0.48752
0.48768
0.494717
0.487246
0.488876
0.49631
0.487681
0.487273
0.494884
0.487079
0.487557
0.494677
0.487283
0.487539
0.494709
0.487458
0.48717
0.494833
0.487296
0.487035
0.494685
0.4875
0.487538
0.495277
0.48772
0.487525
0.494839
0.487498
0.489202
0.49462
0.487455
0.487107
0.494714
0.487113
0.487748
0.494581
0.487497
0.487492
0.494747
0.487167
0.487452
0.494524
0.487227
0.48737
0.494894
0.487583
0.487596
0.495022
0.487743
0.487475
0.494732
0.48735
0.487492
0.494608
0.487347
0.487086
0.494557
0.487279
0.48757
0.494612
0.487624
0.48721
0.494616
0.487743
0.487404
0.494815
0.487609
0.487633
0.495192
0.487383
0.48759
0.495136
0.487041
0.487843
0.495226
0.487363
0.487071
0.494828
0.487272
0.487968
0.49799
0.487309
0.487805
0.494736
0.487566
0.487408
0.494566
0.487443
0.48715
0.494841
0.489073
0.489007
0.49519
0.487435
0.487709
0.494684
0.486969
0.487376
0.494575
0.487078
0.487478
0.494945
0.487299
0.487315
0.494843
0.487512
0.487338
0.494945
0.487558
0.487392
0.494582
0.487794
0.487584
0.494979
0.487399
0.487646
0.495092
0.487061
0.487745
0.494744
0.487972
0.487163
0.494747
0.487317
0.487596
0.494672
0.487301
0.487508
0.495284
0.487776
0.488123
0.494816
0.487796
0.487397
0.494807
0.487388
0.487423
0.494971
0.487597
0.487557
0.494994
0.487236
0.487764
0.495154
0.487831
0.487638
0.494808
0.487414
0.487417
0.494815
0.487708
0.487268
0.494772
0.487551
0.487327
0.494783
0.487515
0.487627
0.494805
0.487057
0.487417
0.494551
0.487367
0.487541
0.494971
0.487302
0.487256
0.495013
0.488351
0.487433
0.494781
0.487124
0.487915
0.495032
0.487765
0.487619
0.494766
0.487296
0.487985
0.495163
0.487091
0.48944
0.495059
0.48738
0.487323
0.494714
0.487564
0.487206
0.494713
0.487216
0.487574
0.494929
0.487743
0.487621
0.49479
0.487436
0.487575
0.494583
0.487364
0.487926
0.494957
0.487164
0.487363
0.495155
0.487837
0.487282
0.494889
0.487544
0.487792
0.494918
0.487688
0.487165
0.494715
0.487539
0.487603
0.495157
0.487509
0.487185
0.494638
0.487361
0.487719
0.494535
0.487441
0.487382
0.494748
0.487338
0.487311
0.494872
0.487406
0.487433
0.494296
0.487333
0.487437
0.495121
0.4877
0.487148
0.494857
0.487305
0.487316
0.494563
0.48818
0.487525
0.494545
0.487364
0.487692
0.494982
0.487545
0.487368
0.494561
0.487596
0.487375
0.494684
0.487656
0.487796
0.495036
0.48729
0.487613
0.495019
0.487909
0.487683
0.495056
0.488876
0.487344
0.49472
0.487415
0.487378
0.494997
0.487453
0.487388
0.495584
0.487674
0.487654
0.494909
0.487189
0.487602
0.49502
0.489511
0.488305
0.495214
0.487627
0.487481
0.494728
0.487215
0.487818
0.494996
0.487395
0.487363
0.495166
0.487663
0.487638
0.495034
0.48745
0.488116
0.494624
0.487784
0.488035
0.495032
0.487411
0.487218
0.495147
0.487871
0.487257
0.495044
0.487286
0.487655
0.494789
0.48794
0.487328
0.494963
0.487478
0.487509
0.494848
0.488165
0.487419
0.494813
0.487602
0.487618
0.494934
0.487774
0.487377
0.494892
0.487374
0.487616
0.494851
0.487383
0.487864
0.49465
0.487451
0.487636
0.494816
0.487505
0.487679
0.49487
0.487672
0.487608
0.494827
0.487674
0.48894
0.494922
0.487336
0.488144
0.49479
0.487707
0.488033
0.495191
0.488646
0.487483
0.494696
0.487552
0.489271
0.495101
0.487093
0.487595
0.495145
0.487518
0.487694
0.494693
0.487376
0.487674
0.494844
0.487888
0.487277
0.494518
0.487576
0.487718
0.494961
0.487497
0.488616
0.494788
0.487416
0.487715
0.494791
0.487407
0.487757
0.49544
0.487541
0.487692
0.494802
0.488189
0.487503
0.494672
0.487228
0.487492
0.494956
0.487619
0.487865
0.495738
0.487231
0.487729
0.494885
0.487813
0.487399
0.494938
0.487155
0.487432
0.494778
0.487563
0.487867
0.494766
0.487439
0.48758
0.495073
0.487618
0.487719
0.494974
0.487416
0.48789
0.494875
0.487435
0.487374
0.494566
0.487232
0.487589
0.494868
0.487326
0.487335
0.495117
0.487502
0.487348
0.494662
0.487569
0.489087
0.495412
0.487508
0.487531
0.494897
0.487628
0.487735
0.495132
0.487526
0.487589
0.494751
0.4872
0.487629
0.494783
0.487841
0.487301
0.49475
0.487363
0.487904
0.494722
0.48749
0.488362
0.495112
0.48758
0.487253
0.495005
0.487526
0.487534
0.494727
0.487429
0.487623
0.494599
0.487249
0.487539
0.495066
0.487254
0.487396
0.495589
0.487669
0.487483
0.494571
0.488289
0.48752
0.494769
0.487795
0.48766
0.494859
0.487931
0.487915
0.495027
0.487533
0.487639
0.494877
0.487524
0.487294
0.494909
0.487341
0.487643
0.495236
0.487462
0.488436
0.494834
0.487397
0.487751
0.494808
0.487249
0.48779
0.495008
0.487288
0.48763
0.494665
0.487658
0.48737
0.494773
0.487873
0.487425
0.495022
0.487235
0.487519
0.494447
0.487554
0.487571
0.494846
0.487446
0.487522
0.494858
0.488384
0.489221
0.494862
0.487808
0.487235
0.49507
0.487423
0.487754
0.49468
0.487285
0.487165
0.495133
0.487253
0.487524
0.494888
0.487464
0.487409
0.494353
0.487657
0.488802
0.494786
0.487565
0.48744
0.495046
0.487274
0.487237
0.494645
0.487386
0.487667
0.495064
0.48729
0.487732
0.495249
0.487338
0.487478
0.495241
0.487104
0.487615
0.494657
0.487725
0.487591
0.494896
0.487493
0.487667
0.495025
0.487857
0.487647
0.494825
0.487483
0.48758
0.494485
0.487346
0.487598
0.49507
0.487267
0.487557
0.494827
0.488526
0.487096
0.494937
0.487313
0.487665
0.494611
0.487563
0.487596
0.494735
0.487536
0.487247
0.495198
0.487624
0.487244
0.494798
0.487274
0.487325
0.494955
0.487541
0.487592
0.494854
0.487469
0.487856
0.494692
0.487649
0.487235
0.494848
0.487415
0.487382
0.494885
0.487736
0.487592
0.495281
0.487573
0.489478
0.494932
