3.41383
2.49385
1.93088
1.43968
1.07118
0.808749
0.623384
0.49056
0.392985
0.319268
0.26206
-0.230924
-0.226941
-0.223156
-0.219547
-0.216094
-0.212781
-0.209597
-0.20653
-0.203571
-0.200711
-0.197945
-0.195265
-0.192667
-0.190145
-0.187696
-0.185315
-0.182999
-0.180776
-0.178609
-0.176495
-0.17443
-0.172412
-0.170441
-0.168515
-0.166632
-0.164791
-0.16299
-0.161229
-0.159505
-0.157818
-0.156167
-0.15455
-0.152966
-0.151415
-0.149896
-0.148407
-0.146947
-0.145517
-0.144114
-0.142739
-0.141389
-0.140066
-0.138767
-0.137492
-0.136241
-0.135012
-0.133806
-0.132621
-0.131458
-0.130314
-0.129191
-0.128086
-0.127001
-0.125934
-0.124884
-0.123852
-0.122837
-0.121838
-0.120856
-0.119888
-0.118936
-0.117999
-0.117077
-0.116168
-0.115273
-0.114391
-0.113523
-0.112667
-0.111824
-0.110992
-0.110173
-0.109365
-0.108568
-0.107782
-0.107007
-0.106243
-0.105488
-0.104744
-0.104009
-0.103284
-0.102568
-0.101862
-0.101164
-0.100475
-0.0997941
-0.0991218
-0.0984577
-0.0978015
-0.097153
-0.0965122
-0.0958789
-0.0952528
-0.0946339
-0.0940219
-0.0934168
-0.0928184
-0.0922266
-0.0916412
-0.091062
-0.0904891
-0.0899222
-0.0893612
-0.0888061
-0.0882566
-0.0877127
-0.0871743
-0.0866413
-0.0861135
-0.0855909
-0.0850734
-0.0845609
-0.0840532
-0.0835504
-0.0830522
-0.0825587
-0.0820698
-0.0815853
-0.0811052
-0.0806294
-0.0801578
-0.0796904
-0.0792271
-0.0787679
-0.0783125
-0.0778611
-0.0774135
-0.0769697
-0.0765295
-0.0760931
-0.0756602
-0.0752308
-0.0748049
-0.0743824
-0.0739634
-0.0735476
-0.0731351
-0.0727258
-0.0723197
-0.0719167
-0.0715168
-0.0711199
-0.0707261
-0.0703351
-0.0699471
-0.069562
-0.0691797
-0.0688002
-0.0684234
-0.0680494
-0.067678
-0.0673093
-0.0669432
-0.0665797
-0.0662187
-0.0658603
-0.0655043
-0.0651508
-0.0647997
-0.064451
-0.0641046
-0.0637606
-0.0634189
-0.0630795
-0.0627423
-0.0624074
-0.0620747
-0.0617441
-0.0614157
-0.0610894
-0.0607653
-0.0604432
-0.0601232
-0.0598052
-0.0594892
-0.0591753
-0.0588633
-0.0585533
-0.0582452
-0.057939
-0.0576347
-0.0573323
-0.0570317
-0.056733
-0.0564361
-0.056141
-0.0558477
-0.0555562
-0.0552665
-0.0549784
-0.0546921
-0.0544075
-0.0541246
-0.0538434
-0.0535638
-0.0532859
-0.0530096
-0.0527349
-0.0524618
-0.0521903
-0.0519204
-0.051652
-0.0513852
-0.05112
-0.0508562
-0.050594
-0.0503332
-0.050074
-0.0498162
-0.0495599
-0.049305
-0.0490516
-0.0487996
-0.048549
-0.0482999
-0.0480521
-0.0478057
-0.0475607
-0.047317
-0.0470747
-0.0468338
-0.0465941
-0.0463558
-0.0461188
-0.0458832
-0.0456488
-0.0454157
-0.0451839
-0.0449533
-0.044724
-0.0444959
-0.0442691
-0.0440436
-0.0438192
-0.0435961
-0.0433741
-0.0431534
-0.0429339
-0.0427155
-0.0424983
-0.0422823
-0.0420674
-0.0418537
-0.0416412
-0.0414297
-0.0412194
-0.0410103
-0.0408022
-0.0405953
-0.0403894
-0.0401846
-0.039981
-0.0397784
-0.0395768
-0.0393764
-0.039177
-0.0389786
-0.0387813
-0.0385851
-0.0383898
-0.0381956
-0.0380024
-0.0378103
-0.0376191
-0.037429
-0.0372398
-0.0370516
-0.0368644
-0.0366782
-0.036493
-0.0363087
-0.0361254
-0.035943
-0.0357616
-0.0355811
-0.0354016
-0.035223
-0.0350453
-0.0348686
-0.0346928
-0.0345178
-0.0343438
-0.0341707
-0.0339985
-0.0338271
-0.0336567
-0.0334871
-0.0333184
-0.0331506
-0.0329837
-0.0328176
-0.0326523
-0.0324879
-0.0323244
-0.0321617
-0.0319998
-0.0318388
-0.0316786
-0.0315192
-0.0313606
-0.0312029
-0.0310459
-0.0308898
-0.0307344
-0.0305799
-0.0304261
-0.0302731
-0.0301209
-0.0299695
-0.0298189
-0.029669
-0.0295199
-0.0293716
-0.029224
-0.0290772
-0.0289311
-0.0287857
-0.0286411
-0.0284973
-0.0283542
-0.0282118
-0.0280701
-0.0279291
-0.0277889
-0.0276494
-0.0275105
-0.0273724
-0.027235
-0.0270983
-0.0269623
-0.026827
-0.0266923
-0.0265584
-0.0264251
-0.0262925
-0.0261606
-0.0260293
-0.0258987
-0.0257688
-0.0256395
-0.0255109
-0.025383
-0.0252556
-0.025129
-0.0250029
-0.0248775
-0.0247528
-0.0246286
-0.0245051
-0.0243823
-0.02426
-0.0241384
-0.0240174
-0.023897
-0.0237771
-0.023658
-0.0235394
-0.0234214
-0.023304
-0.0231872
-0.0230709
-0.0229553
-0.0228403
-0.0227258
-0.0226119
-0.0224986
-0.0223859
-0.0222737
-0.0221621
-0.022051
-0.0219405
-0.0218306
-0.0217212
-0.0216124
-0.0215041
-0.0213964
-0.0212892
-0.0211826
-0.0210765
-0.0209709
-0.0208658
-0.0207613
-0.0206573
-0.0205539
-0.0204509
-0.0203485
-0.0202466
-0.0201452
-0.0200443
-0.0199439
-0.0198441
-0.0197447
-0.0196458
-0.0195474
-0.0194495
-0.0193522
-0.0192553
-0.0191588
-0.0190629
-0.0189675
-0.0188725
-0.018778
-0.018684
-0.0185905
-0.0184974
-0.0184048
-0.0183127
-0.018221
-0.0181298
-0.018039
-0.0179487
-0.0178589
-0.0177695
-0.0176805
-0.017592
-0.017504
-0.0174163
-0.0173292
-0.0172424
-0.0171561
-0.0170703
-0.0169848
-0.0168998
-0.0168152
-0.0167311
-0.0166473
-0.016564
-0.0164811
-0.0163987
-0.0163166
-0.0162349
-0.0161537
-0.0160729
-0.0159924
-0.0159124
-0.0158328
-0.0157535
-0.0156747
-0.0155963
-0.0155182
-0.0154406
-0.0153633
-0.0152864
-0.01521
-0.0151338
-0.0150581
-0.0149828
-0.0149078
-0.0148332
-0.014759
-0.0146852
-0.0146117
-0.0145386
-0.0144658
-0.0143935
-0.0143215
-0.0142498
-0.0141785
-0.0141076
-0.014037
-0.0139668
-0.0138969
-0.0138274
-0.0137582
-0.0136894
-0.0136209
-0.0135527
-0.0134849
-0.0134175
-0.0133504
-0.0132836
-0.0132171
-0.013151
-0.0130852
-0.0130198
-0.0129546
-0.0128898
-0.0128254
-0.0127612
-0.0126974
-0.0126338
-0.0125707
-0.0125078
-0.0124452
-0.012383
-0.012321
-0.0122594
-0.0121981
-0.012137
-0.0120763
-0.0120159
-0.0119558
-0.011896
-0.0118365
-0.0117773
-0.0117184
-0.0116598
-0.0116015
-0.0115435
-0.0114857
-0.0114283
-0.0113711
-0.0113142
-0.0112577
-0.0112013
-0.0111453
-0.0110896
-0.0110341
-0.0109789
-0.010924
-0.0108694
-0.010815
-0.0107609
-0.0107071
-0.0106536
-0.0106003
-0.0105473
-0.0104945
-0.010442
-0.0103898
-0.0103378
-0.0102861
-0.0102347
-0.0101835
-0.0101326
-0.0100819
-0.0100315
-0.00998131
-0.00993139
-0.00988172
-0.0098323
-0.00978313
-0.0097342
-0.00968552
-0.00963708
-0.00958889
-0.00954094
-0.00949322
-0.00944575
-0.00939851
-0.00935151
-0.00930474
-0.00925821
-0.00921191
-0.00916584
-0.00912
-0.00907439
-0.00902901
-0.00898386
-0.00893893
-0.00889423
-0.00884975
-0.0088055
-0.00876146
-0.00871765
-0.00867405
-0.00863068
-0.00858752
-0.00854457
-0.00850184
-0.00845933
-0.00841702
-0.00837493
-0.00833305
-0.00829138
-0.00824992
-0.00820866
-0.00816762
-0.00812677
-0.00808613
-0.0080457
-0.00800546
-0.00796543
-0.0079256
-0.00788597
-0.00784653
-0.00780729
-0.00776825
-0.00772941
-0.00769076
-0.0076523
-0.00761403
-0.00757596
-0.00753807
-0.00750038
-0.00746287
-0.00742556
-0.00738842
-0.00735148
-0.00731472
-0.00727814
-0.00724175
-0.00720553
-0.0071695
-0.00713365
-0.00709798
-0.00706249
-0.00702717
-0.00699203
-0.00695707
-0.00692228
-0.00688767
-0.00685323
-0.00681896
-0.00678486
-0.00675093
-0.00671717
-0.00668359
-0.00665017
-0.00661691
-0.00658383
-0.0065509
-0.00651815
-0.00648555
-0.00645312
-0.00642086
-0.00638875
-0.0063568
-0.00632502
-0.00629339
-0.00626192
-0.00623061
-0.00619945
-0.00616846
-0.00613761
-0.00610692
-0.00607638
-0.006046
-0.00601577
-0.00598569
-0.00595576
-0.00592598
-0.00589635
-0.00586686
-0.00583753
-0.00580834
-0.00577929
-0.0057504
-0.00572164
-0.00569303
-0.00566457
-0.00563624
-0.00560806
-0.00558002
-0.00555212
-0.00552436
-0.00549673
-0.00546925
-0.0054419
-0.00541469
-0.00538761
-0.00536068
-0.00533387
-0.0053072
-0.00528066
-0.00525426
-0.00522799
-0.00520185
-0.00517584
-0.00514996
-0.0051242
-0.00509858
-0.00507309
-0.00504772
-0.00502248
-0.00499737
-0.00497238
-0.00494752
-0.00492278
-0.00489817
-0.00487368
-0.00484931
-0.00482506
-0.00480093
-0.00477693
-0.00475304
-0.00472928
-0.00470563
-0.0046821
-0.00465869
-0.00463539
-0.00461222
-0.00458915
-0.00456621
-0.00454338
-0.00452066
-0.00449805
-0.00447556
-0.00445319
-0.00443092
-0.00440876
-0.00438672
-0.00436479
-0.00434296
-0.00432125
-0.00429964
-0.00427815
-0.00425676
-0.00423547
-0.0042143
-0.00419323
-0.00417226
-0.0041514
-0.00413064
-0.00410999
-0.00408944
-0.004069
-0.00404865
-0.00402841
-0.00400827
-0.00398823
-0.00396829
-0.00394845
-0.0039287
-0.00390906
-0.00388952
-0.00387007
-0.00385072
-0.00383147
-0.00381231
-0.00379325
-0.00377428
-0.00375541
-0.00373664
-0.00371795
-0.00369936
-0.00368087
-0.00366246
-0.00364415
-0.00362593
-0.0036078
-0.00358976
-0.00357182
-0.00355396
-0.00353619
-0.00351851
-0.00350092
-0.00348341
-0.003466
-0.00344867
-0.00343142
-0.00341427
-0.0033972
-0.00338021
-0.00336331
-0.00334649
-0.00332976
-0.00331311
-0.00329655
-0.00328007
-0.00326367
-0.00324735
-0.00323111
-0.00321496
-0.00319888
-0.00318289
-0.00316697
-0.00315114
-0.00313539
-0.00311971
-0.00310411
-0.00308859
-0.00307315
-0.00305778
-0.00304249
-0.00302728
-0.00301215
-0.00299709
-0.0029821
-0.00296719
-0.00295235
-0.00293759
-0.00292291
-0.00290829
-0.00289375
-0.00287928
-0.00286489
-0.00285056
-0.00283631
-0.00282213
-0.00280802
-0.00279398
-0.00278001
-0.00276611
-0.00275228
-0.00273852
-0.00272483
-0.0027112
-0.00269765
-0.00268416
-0.00267074
-0.00265738
-0.0026441
-0.00263088
-0.00261772
-0.00260464
-0.00259161
-0.00257866
-0.00256576
-0.00255293
-0.00254017
-0.00252747
-0.00251483
-0.00250226
-0.00248975
-0.0024773
-0.00246491
-0.00245259
-0.00244033
-0.00242812
-0.00241598
-0.0024039
-0.00239188
-0.00237993
-0.00236803
-0.00235619
-0.00234441
-0.00233268
-0.00232102
-0.00230942
-0.00229787
-0.00228638
-0.00227495
-0.00226357
-0.00225226
-0.002241
-0.00222979
-0.00221864
-0.00220755
-0.00219651
-0.00218553
-0.0021746
-0.00216373
-0.00215291
-0.00214215
-0.00213144
-0.00212078
-0.00211018
-0.00209963
-0.00208913
-0.00207868
-0.00206829
-0.00205795
-0.00204766
-0.00203742
-0.00202723
-0.0020171
-0.00200701
-0.00199698
-0.00198699
-0.00197706
-0.00196717
-0.00195734
-0.00194755
-0.00193781
-0.00192812
-0.00191848
-0.00190889
-0.00189935
-0.00188985
-0.0018804
-0.001871
-0.00186165
-0.00185234
-0.00184308
-0.00183386
-0.00182469
-0.00181557
-0.00180649
-0.00179746
-0.00178847
-0.00177953
-0.00177063
-0.00176178
-0.00175297
-0.00174421
-0.00173549
-0.00172681
-0.00171817
-0.00170958
-0.00170104
-0.00169253
-0.00168407
-0.00167565
-0.00166727
-0.00165893
-0.00165064
-0.00164239
-0.00163418
-0.001626
-0.00161787
-0.00160979
-0.00160174
-0.00159373
-0.00158576
-0.00157783
-0.00156994
-0.00156209
-0.00155428
-0.00154651
-0.00153878
-0.00153109
-0.00152343
-0.00151581
-0.00150823
-0.00150069
-0.00149319
-0.00148572
-0.0014783
-0.0014709
-0.00146355
-0.00145623
-0.00144895
-0.00144171
-0.0014345
-0.00142733
-0.00142019
-0.00141309
-0.00140602
-0.00139899
-0.001392
-0.00138504
-0.00137812
-0.00137122
-0.00136437
-0.00135755
-0.00135076
-0.00134401
-0.00133729
-0.0013306
-0.00132395
-0.00131733
-0.00131074
-0.00130419
-0.00129767
-0.00129118
-0.00128472
-0.0012783
-0.00127191
-0.00126555
-0.00125922
-0.00125293
-0.00124666
-0.00124043
-0.00123423
-0.00122806
-0.00122192
-0.00121581
-0.00120973
-0.00120368
-0.00119766
-0.00119167
-0.00118571
-0.00117979
-0.00117389
-0.00116802
-0.00116218
-0.00115637
-0.00115059
-0.00114483
-0.00113911
-0.00113341
-0.00112775
-0.00112211
-0.0011165
-0.00111092
-0.00110536
-0.00109983
-0.00109434
-0.00108886
-0.00108342
-0.001078
-0.00107261
-0.00106725
-0.00106191
-0.0010566
-0.00105132
-0.00104607
-0.00104084
-0.00103563
-0.00103045
-0.0010253
-0.00102017
-0.00101507
-0.00101
-0.00100495
-0.000999924
-0.000994925
-0.000989951
-0.000985001
-0.000980076
-0.000975176
-0.0009703
-0.000965449
-0.000960622
-0.000955819
-0.00095104
-0.000946285
-0.000941554
-0.000936846
-0.000932162
-0.000927501
-0.000922864
-0.00091825
-0.000913659
-0.000909091
-0.000904546
-0.000900023
-0.000895523
-0.000891046
-0.000886591
-0.000882158
-0.000877747
-0.000873359
-0.000868992
-0.000864647
-0.000860324
-0.000856023
-0.000851743
-0.000847485
-0.000843247
-0.000839031
-0.000834836
-0.000830662
-0.000826509
-0.000822377
-0.000818265
-0.000814174
-0.000810104
-0.000806053
-0.000802023
-0.000798013
-0.000794023
-0.000790053
-0.000786103
-0.000782173
-0.000778262
-0.000774371
-0.000770499
-0.000766647
-0.000762813
-0.000758999
-0.000755205
-0.000751429
-0.000747672
-0.000743933
-0.000740214
-0.000736513
-0.000732831
-0.000729167
-0.000725521
-0.000721893
-0.000718284
-0.000714693
-0.000711119
-0.000707564
-0.000704026
-0.000700506
-0.000697004
-0.000693519
-0.000690052
-0.000686602
-0.000683169
-0.000679753
-0.000676354
-0.000672973
-0.000669608
-0.00066626
-0.000662929
-0.000659615
-0.000656317
-0.000653035
-0.00064977
-0.000646522
-0.000643289
-0.000640073
-0.000636873
-0.000633688
-0.00063052
-0.000627368
-0.000624231
-0.00062111
-0.000618005
-0.000614915
-0.00061184
-0.000608781
-0.000605737
-0.000602709
-0.000599695
-0.000596697
-0.000593714
-0.000590745
-0.000587792
-0.000584853
-0.000581929
-0.000579019
-0.000576124
-0.000573244
-0.000570378
-0.000567526
-0.000564689
-0.000561865
-0.000559056
-0.000556261
-0.00055348
-0.000550713
-0.000547959
-0.00054522
-0.000542494
-0.000539781
-0.000537082
-0.000534397
-0.000531725
-0.000529067
-0.000526422
-0.00052379
-0.000521171
-0.000518565
-0.000515972
-0.000513393
-0.000510826
-0.000508272
-0.000505731
-0.000503202
-0.000500686
-0.000498183
-0.000495692
-0.000493214
-0.000490748
-0.000488294
-0.000485853
-0.000483424
-0.000481007
-0.000478602
-0.000476209
-0.000473828
-0.000471459
-0.000469102
-0.000466757
-0.000464423
-0.000462101
-0.000459791
-0.000457492
-0.000455205
-0.000452929
-0.000450664
-0.000448411
-0.000446169
-0.000443938
-0.000441719
-0.00043951
-0.000437313
-0.000435127
-0.000432951
-0.000430786
-0.000428633
-0.00042649
-0.000424357
-0.000422236
-0.000420125
-0.000418024
-0.000415934
-0.000413855
-0.000411785
-0.000409727
-0.000407678
-0.00040564
-0.000403612
-0.000401594
-0.000399586
-0.000397588
-0.0003956
-0.000393623
-0.000391655
-0.000389696
-0.000387748
-0.000385809
-0.000383881
-0.000381961
-0.000380052
-0.000378151
-0.000376261
-0.00037438
-0.000372508
-0.000370645
-0.000368793
-0.000366949
-0.000365115
-0.000363289
-0.000361473
-0.000359666
-0.000357867
-0.000356078
-0.000354298
-0.000352527
-0.000350764
-0.00034901
-0.000347265
-0.000345529
-0.000343802
-0.000342083
-0.000340373
-0.000338671
-0.000336978
-0.000335293
-0.000333616
-0.000331949
-0.000330289
-0.000328638
-0.000326995
-0.00032536
-0.000323733
-0.000322115
-0.000320504
-0.000318902
-0.000317307
-0.000315721
-0.000314142
-0.000312572
-0.000311009
-0.000309454
-0.000307907
-0.000306367
-0.000304836
-0.000303312
-0.000301795
-0.000300286
-0.000298785
-0.000297291
-0.000295805
-0.000294326
-0.000292854
-0.00029139
-0.000289933
-0.000288484
-0.000287041
-0.000285606
-0.000284178
-0.000282757
-0.000281344
-0.000279937
-0.000278538
-0.000277145
-0.000275759
-0.000274381
-0.000273009
-0.000271644
-0.000270286
-0.000268934
-0.00026759
-0.000266252
-0.000264921
-0.000263596
-0.000262278
-0.000260967
-0.000259662
-0.000258364
-0.000257073
-0.000255787
-0.000254508
-0.000253236
-0.00025197
-0.00025071
-0.000249457
-0.00024821
-0.000246969
-0.000245734
-0.000244505
-0.000243283
-0.000242067
-0.000240856
-0.000239652
-0.000238454
-0.000237262
-0.000236076
-0.000234895
-0.000233721
-0.000232552
-0.00023139
-0.000230233
-0.000229082
-0.000227937
-0.000226797
-0.000225663
-0.000224535
-0.000223412
-0.000222295
-0.000221184
-0.000220078
-0.000218978
-0.000217883
-0.000216794
-0.00021571
-0.000214632
-0.000213559
-0.000212491
-0.000211428
-0.000210371
-0.00020932
-0.000208273
-0.000207232
-0.000206196
-0.000205165
-0.000204139
-0.000203119
-0.000202103
-0.000201093
-0.000200087
-0.000199087
-0.000198092
-0.000197101
-0.000196116
-0.000195136
-0.00019416
-0.000193189
-0.000192223
-0.000191262
-0.000190306
-0.000189355
-0.000188408
-0.000187466
-0.000186529
-0.000185596
-0.000184669
-0.000183745
-0.000182827
-0.000181913
-0.000181003
-0.000180098
-0.000179198
-0.000178302
-0.000177411
-0.000176524
-0.000175641
-0.000174763
-0.000173889
-0.00017302
-0.000172155
-0.000171294
-0.000170438
-0.000169586
-0.000168738
-0.000167894
-0.000167055
-0.00016622
-0.000165389
-0.000164562
-0.000163739
-0.000162921
-0.000162106
-0.000161296
-0.000160489
-0.000159687
-0.000158889
-0.000158094
-0.000157304
-0.000156518
-0.000155735
-0.000154957
-0.000154182
-0.000153411
-0.000152644
-0.000151881
-0.000151122
-0.000150366
-0.000149614
-0.000148867
-0.000148123
-0.000147382
-0.000146645
-0.000145912
-0.000145183
-0.000144457
-0.000143735
-0.000143016
-0.000142301
-0.00014159
-0.000140882
-0.000140177
-0.000139476
-0.000138779
-0.000138085
-0.000137395
-0.000136708
-0.000136024
-0.000135344
-0.000134668
-0.000133995
-0.000133325
-0.000132658
-0.000131995
-0.000131335
-0.000130679
-0.000130025
-0.000129375
-0.000128728
-0.000128085
-0.000127445
-0.000126807
-0.000126174
-0.000125543
-0.000124915
-0.000124291
-0.000123669
-0.000123051
-0.000122436
-0.000121824
-0.000121215
-0.000120609
-0.000120006
-0.000119406
-0.000118809
-0.000118215
-0.000117624
-0.000117036
-0.000116451
-0.000115869
-0.000115289
-0.000114713
-0.00011414
-0.000113569
-0.000113001
-0.000112436
-0.000111874
-0.000111315
-0.000110759
-0.000110205
-0.000109654
-0.000109106
-0.00010856
-0.000108018
-0.000107478
-0.00010694
-0.000106406
-0.000105874
-0.000105344
-0.000104818
-0.000104294
-0.000103772
-0.000103254
-0.000102737
-0.000102224
-0.000101713
-0.000101204
-0.000100698
-0.000100195
-9.9694e-05
-9.91957e-05
-9.86998e-05
-9.82063e-05
-9.77154e-05
-9.72269e-05
-9.67408e-05
-9.62572e-05
-9.5776e-05
-9.52972e-05
-9.48208e-05
-9.43468e-05
-9.38751e-05
-9.34058e-05
-9.29389e-05
-9.24743e-05
-9.2012e-05
-9.1552e-05
-9.10943e-05
-9.0639e-05
-9.01858e-05
-8.9735e-05
-8.92864e-05
-8.88401e-05
-8.83959e-05
-8.7954e-05
-8.75143e-05
-8.70769e-05
-8.66416e-05
-8.62084e-05
-8.57775e-05
-8.53487e-05
-8.4922e-05
-8.44975e-05
-8.40751e-05
-8.36548e-05
-8.32366e-05
-8.28205e-05
-8.24065e-05
-8.19945e-05
-8.15846e-05
-8.11768e-05
-8.0771e-05
-8.03672e-05
-7.99654e-05
-7.95657e-05
-7.91679e-05
-7.87722e-05
-7.83784e-05
-7.79866e-05
-7.75967e-05
-7.72088e-05
-7.68229e-05
-7.64388e-05
-7.60567e-05
-7.56765e-05
-7.52982e-05
-7.49218e-05
-7.45472e-05
-7.41746e-05
-7.38038e-05
-7.34348e-05
-7.30677e-05
-7.27025e-05
-7.23391e-05
-7.19774e-05
-7.16176e-05
-7.12596e-05
-7.09034e-05
-7.05489e-05
-7.01963e-05
-6.98454e-05
-6.94962e-05
-6.91488e-05
-6.88031e-05
-6.84592e-05
-6.8117e-05
-6.77765e-05
-6.74377e-05
-6.71006e-05
-6.67651e-05
-6.64314e-05
-6.60993e-05
-6.57689e-05
-6.54401e-05
-6.5113e-05
-6.47875e-05
-6.44636e-05
-6.41414e-05
-6.38207e-05
-6.35017e-05
-6.31843e-05
-6.28684e-05
-6.25542e-05
-6.22415e-05
-6.19303e-05
-6.16207e-05
-6.13127e-05
-6.10062e-05
-6.07013e-05
-6.03978e-05
-6.00959e-05
-5.97955e-05
-5.94966e-05
-5.91992e-05
-5.89033e-05
-5.86088e-05
-5.83159e-05
-5.80243e-05
-5.77343e-05
-5.74457e-05
-5.71585e-05
-5.68728e-05
-5.65885e-05
-5.63056e-05
-5.60242e-05
-5.57441e-05
-5.54655e-05
-5.51888e-05
-5.49129e-05
-5.46382e-05
-5.43648e-05
-5.40928e-05
-5.38222e-05
-5.35532e-05
-5.32855e-05
-5.30191e-05
-5.27541e-05
-5.24904e-05
-5.2228e-05
-5.19669e-05
-5.17071e-05
-5.14486e-05
-5.11915e-05
-5.09356e-05
-5.0681e-05
-5.04276e-05
-5.01756e-05
-4.99248e-05
-4.96753e-05
-4.9427e-05
-4.91799e-05
-4.89341e-05
-4.86895e-05
-4.84462e-05
-4.8204e-05
-4.79631e-05
-4.77234e-05
-4.74849e-05
-4.72475e-05
-4.70114e-05
-4.67764e-05
-4.65426e-05
-4.631e-05
-4.60785e-05
-4.58482e-05
-4.5619e-05
-4.5391e-05
-4.51641e-05
-4.49384e-05
-4.47138e-05
-4.44903e-05
-4.42679e-05
-4.40467e-05
-4.38265e-05
-4.36074e-05
-4.33895e-05
-4.31726e-05
-4.29568e-05
-4.27421e-05
-4.25285e-05
-4.23159e-05
-4.21044e-05
-4.18939e-05
-4.16845e-05
-4.14762e-05
-4.12689e-05
-4.10626e-05
-4.08573e-05
-4.06531e-05
-4.04499e-05
-4.02478e-05
-4.00466e-05
-3.98464e-05
-3.96473e-05
-3.94491e-05
-3.92519e-05
-3.90557e-05
-3.88605e-05
-3.86663e-05
-3.8473e-05
-3.82807e-05
-3.80894e-05
-3.7899e-05
-3.77096e-05
-3.75211e-05
-3.73336e-05
-3.7147e-05
-3.69613e-05
-3.67766e-05
-3.65928e-05
-3.64099e-05
-3.62279e-05
-3.60468e-05
-3.58667e-05
-3.56874e-05
-3.5509e-05
-3.53315e-05
-3.51549e-05
-3.49792e-05
-3.48044e-05
-3.46304e-05
-3.44574e-05
-3.42851e-05
-3.41138e-05
-3.39433e-05
-3.37736e-05
-3.36048e-05
-3.34368e-05
-3.32697e-05
-3.31034e-05
-3.2938e-05
-3.27734e-05
-3.26095e-05
-3.24466e-05
-3.22844e-05
-3.2123e-05
-3.19625e-05
-3.18027e-05
-3.16438e-05
-3.14856e-05
-3.13282e-05
-3.11716e-05
-3.10158e-05
-3.08608e-05
-3.07066e-05
-3.05531e-05
-3.04004e-05
-3.02485e-05
-3.00973e-05
-2.99468e-05
-2.97972e-05
-2.96482e-05
-2.95e-05
-2.93526e-05
-2.92059e-05
-2.90599e-05
-2.89147e-05
-2.87702e-05
-2.86264e-05
-2.84833e-05
-2.83409e-05
-2.81993e-05
-2.80583e-05
-2.79181e-05
-2.77786e-05
-2.76397e-05
-2.75016e-05
-2.73641e-05
-2.72273e-05
-2.70913e-05
-2.69559e-05
-2.68211e-05
-2.66871e-05
-2.65537e-05
-2.6421e-05
-2.62889e-05
-2.61575e-05
-2.60268e-05
-2.58967e-05
-2.57673e-05
-2.56385e-05
-2.55104e-05
-2.53829e-05
-2.5256e-05
-2.51298e-05
-2.50042e-05
-2.48792e-05
-2.47549e-05
-2.46311e-05
-2.4508e-05
-2.43856e-05
-2.42637e-05
-2.41424e-05
-2.40217e-05
-2.39017e-05
-2.37822e-05
-2.36634e-05
-2.35451e-05
-2.34274e-05
-2.33103e-05
-2.31938e-05
-2.30779e-05
-2.29626e-05
-2.28478e-05
-2.27336e-05
-2.262e-05
-2.2507e-05
-2.23945e-05
-2.22826e-05
-2.21712e-05
-2.20604e-05
-2.19501e-05
-2.18404e-05
-2.17313e-05
-2.16227e-05
-2.15146e-05
-2.14071e-05
-2.13001e-05
-2.11937e-05
-2.10877e-05
-2.09823e-05
-2.08775e-05
-2.07731e-05
-2.06693e-05
-2.0566e-05
-2.04632e-05
-2.0361e-05
-2.02592e-05
-2.0158e-05
-2.00572e-05
-1.99571e-05
-1.98579e-05
-1.97588e-05
-1.96599e-05
-1.95615e-05
-1.94638e-05
-1.93665e-05
-1.92697e-05
-1.91733e-05
-1.90774e-05
-1.89821e-05
-1.88871e-05
-1.87927e-05
-1.86987e-05
-1.86053e-05
-1.85123e-05
-1.84197e-05
-1.83277e-05
-1.82361e-05
-1.8145e-05
-1.80543e-05
-1.7964e-05
-1.78742e-05
-1.77849e-05
-1.7696e-05
-1.76075e-05
-1.75195e-05
-1.7432e-05
-1.73449e-05
-1.72582e-05
-1.71719e-05
-1.70861e-05
-1.70008e-05
-1.69158e-05
-1.68313e-05
-1.67472e-05
-1.66635e-05
-1.65803e-05
-1.64974e-05
-1.6415e-05
-1.6333e-05
-1.62514e-05
-1.61702e-05
-1.60894e-05
-1.6009e-05
-1.5929e-05
-1.58494e-05
-1.57702e-05
-1.56914e-05
-1.5613e-05
-1.5535e-05
-1.54574e-05
-1.53801e-05
-1.53033e-05
-1.52268e-05
-1.51507e-05
-1.5075e-05
-1.49997e-05
-1.49247e-05
-1.48502e-05
-1.47759e-05
-1.47021e-05
-1.46286e-05
-1.45555e-05
-1.44828e-05
-1.44104e-05
-1.43384e-05
-1.42668e-05
-1.41955e-05
-1.41246e-05
-1.4054e-05
-1.39837e-05
-1.39139e-05
-1.38443e-05
-1.37752e-05
-1.37063e-05
-1.36378e-05
-1.35697e-05
-1.35019e-05
-1.34344e-05
-1.33673e-05
-1.33005e-05
-1.3234e-05
-1.31679e-05
-1.31021e-05
-1.30366e-05
-1.29715e-05
-1.29067e-05
-1.28422e-05
-1.2778e-05
-1.27142e-05
-1.26506e-05
-1.25874e-05
-1.25245e-05
-1.2462e-05
-1.23997e-05
-1.23377e-05
-1.22761e-05
-1.22148e-05
-1.21537e-05
-1.2093e-05
-1.20326e-05
-1.19725e-05
-1.19126e-05
-1.18531e-05
-1.17939e-05
-1.1735e-05
-1.16763e-05
-1.1618e-05
-1.15599e-05
-1.15022e-05
-1.14447e-05
-1.13875e-05
-1.13306e-05
-1.1274e-05
-1.12177e-05
-1.11617e-05
-1.11059e-05
-1.10504e-05
-1.09952e-05
-1.09403e-05
-1.08856e-05
-1.08312e-05
-1.07771e-05
-1.07232e-05
-1.06697e-05
-1.06164e-05
-1.05633e-05
-1.05105e-05
-1.0458e-05
-1.04058e-05
-1.03538e-05
-1.03021e-05
-1.02506e-05
-1.01994e-05
-1.01484e-05
-1.00977e-05
-1.00473e-05
-9.99708e-06
-9.94713e-06
-9.89744e-06
-9.84799e-06
-9.79879e-06
-9.74983e-06
-9.70112e-06
-9.65266e-06
-9.60443e-06
-9.55645e-06
-9.50871e-06
-9.4612e-06
-9.41394e-06
-9.3669e-06
-9.32011e-06
-9.27355e-06
-9.22722e-06
-9.18112e-06
-9.13525e-06
-9.08961e-06
-9.04421e-06
-8.99902e-06
-8.95407e-06
-8.90933e-06
-8.86482e-06
-8.82054e-06
-8.77647e-06
-8.73263e-06
-8.689e-06
-8.6456e-06
-8.60241e-06
-8.55943e-06
-8.51667e-06
-8.47413e-06
-8.43179e-06
