3.36148
2.30019
1.86749
1.58635
1.27011
0.969992
0.724457
0.540165
0.408149
-0.345436
-0.338652
-0.331879
-0.325223
-0.318734
-0.312449
-0.306374
-0.300517
-0.294876
-0.289443
-0.284212
-0.279176
-0.274325
-0.269653
-0.26515
-0.260809
-0.256622
-0.25258
-0.248677
-0.244905
-0.24126
-0.237733
-0.23432
-0.231015
-0.227812
-0.224707
-0.221696
-0.218774
-0.215936
-0.213179
-0.2105
-0.207895
-0.20536
-0.202893
-0.20049
-0.198149
-0.195868
-0.193644
-0.191474
-0.189357
-0.18729
-0.185271
-0.183299
-0.181372
-0.179488
-0.177645
-0.175842
-0.174078
-0.17235
-0.170659
-0.169002
-0.167379
-0.165787
-0.164227
-0.162698
-0.161197
-0.159724
-0.158279
-0.15686
-0.155467
-0.154099
-0.152754
-0.151433
-0.150135
-0.148859
-0.147604
-0.14637
-0.145156
-0.143961
-0.142785
-0.141628
-0.140489
-0.139368
-0.138263
-0.137175
-0.136103
-0.135047
-0.134006
-0.13298
-0.131969
-0.130971
-0.129988
-0.129018
-0.128061
-0.127117
-0.126186
-0.125266
-0.124359
-0.123463
-0.122579
-0.121706
-0.120844
-0.119992
-0.119151
-0.11832
-0.117498
-0.116687
-0.115885
-0.115092
-0.114309
-0.113535
-0.112769
-0.112012
-0.111263
-0.110522
-0.10979
-0.109065
-0.108348
-0.107639
-0.106937
-0.106242
-0.105555
-0.104875
-0.104201
-0.103535
-0.102875
-0.102221
-0.101574
-0.100934
-0.100299
-0.0996706
-0.0990481
-0.0984315
-0.0978207
-0.0972155
-0.0966159
-0.0960219
-0.0954332
-0.0948499
-0.0942717
-0.0936987
-0.0931308
-0.0925679
-0.0920098
-0.0914566
-0.0909082
-0.0903644
-0.0898253
-0.0892907
-0.0887606
-0.0882349
-0.0877135
-0.0871964
-0.0866836
-0.0861749
-0.0856703
-0.0851698
-0.0846732
-0.0841806
-0.0836919
-0.083207
-0.0827259
-0.0822485
-0.0817749
-0.0813048
-0.0808383
-0.0803754
-0.079916
-0.07946
-0.0790075
-0.0785583
-0.0781124
-0.0776698
-0.0772305
-0.0767944
-0.0763614
-0.0759316
-0.0755048
-0.0750812
-0.0746605
-0.0742429
-0.0738281
-0.0734164
-0.0730075
-0.0726014
-0.0721982
-0.0717978
-0.0714001
-0.0710052
-0.0706129
-0.0702234
-0.0698365
-0.0694522
-0.0690705
-0.0686914
-0.0683148
-0.0679407
-0.0675691
-0.0672
-0.0668333
-0.066469
-0.0661071
-0.0657476
-0.0653904
-0.0650355
-0.064683
-0.0643327
-0.0639846
-0.0636388
-0.0632952
-0.0629538
-0.0626146
-0.0622775
-0.0619426
-0.0616097
-0.061279
-0.0609503
-0.0606237
-0.0602991
-0.0599765
-0.059656
-0.0593374
-0.0590208
-0.0587061
-0.0583933
-0.0580825
-0.0577736
-0.0574665
-0.0571614
-0.056858
-0.0565566
-0.0562569
-0.055959
-0.0556629
-0.0553686
-0.0550761
-0.0547853
-0.0544963
-0.0542089
-0.0539233
-0.0536393
-0.0533571
-0.0530765
-0.0527975
-0.0525202
-0.0522445
-0.0519705
-0.051698
-0.0514271
-0.0511578
-0.0508901
-0.0506239
-0.0503593
-0.0500961
-0.0498345
-0.0495745
-0.0493159
-0.0490588
-0.0488031
-0.0485489
-0.0482962
-0.0480449
-0.0477951
-0.0475467
-0.0472997
-0.047054
-0.0468098
-0.046567
-0.0463255
-0.0460854
-0.0458466
-0.0456092
-0.0453731
-0.0451383
-0.0449049
-0.0446727
-0.0444419
-0.0442123
-0.043984
-0.043757
-0.0435313
-0.0433068
-0.0430835
-0.0428615
-0.0426407
-0.0424211
-0.0422027
-0.0419856
-0.0417696
-0.0415548
-0.0413412
-0.0411288
-0.0409175
-0.0407074
-0.0404984
-0.0402906
-0.0400839
-0.0398783
-0.0396739
-0.0394705
-0.0392683
-0.0390671
-0.0388671
-0.0386681
-0.0384702
-0.0382734
-0.0380777
-0.037883
-0.0376893
-0.0374967
-0.0373051
-0.0371146
-0.0369251
-0.0367366
-0.0365491
-0.0363626
-0.0361771
-0.0359926
-0.0358091
-0.0356266
-0.035445
-0.0352644
-0.0350848
-0.0349062
-0.0347284
-0.0345517
-0.0343758
-0.0342009
-0.0340269
-0.0338539
-0.0336818
-0.0335105
-0.0333402
-0.0331708
-0.0330023
-0.0328346
-0.0326679
-0.032502
-0.032337
-0.0321729
-0.0320096
-0.0318472
-0.0316857
-0.0315249
-0.0313651
-0.0312061
-0.0310479
-0.0308905
-0.030734
-0.0305783
-0.0304234
-0.0302693
-0.030116
-0.0299635
-0.0298118
-0.0296609
-0.0295108
-0.0293614
-0.0292129
-0.0290651
-0.0289181
-0.0287719
-0.0286264
-0.0284816
-0.0283377
-0.0281944
-0.0280519
-0.0279102
-0.0277692
-0.0276289
-0.0274893
-0.0273505
-0.0272124
-0.027075
-0.0269383
-0.0268023
-0.026667
-0.0265325
-0.0263986
-0.0262654
-0.0261329
-0.026001
-0.0258699
-0.0257394
-0.0256096
-0.0254805
-0.025352
-0.0252242
-0.0250971
-0.0249706
-0.0248447
-0.0247195
-0.024595
-0.0244711
-0.0243478
-0.0242251
-0.0241031
-0.0239817
-0.023861
-0.0237408
-0.0236213
-0.0235024
-0.023384
-0.0232663
-0.0231492
-0.0230327
-0.0229168
-0.0228015
-0.0226868
-0.0225726
-0.0224591
-0.0223461
-0.0222337
-0.0221219
-0.0220106
-0.0218999
-0.0217898
-0.0216802
-0.0215712
-0.0214628
-0.0213549
-0.0212475
-0.0211407
-0.0210344
-0.0209286
-0.0208235
-0.0207188
-0.0206147
-0.0205111
-0.0204081
-0.0203056
-0.0202035
-0.0201021
-0.0200011
-0.0199006
-0.0198007
-0.0197012
-0.0196023
-0.0195039
-0.0194059
-0.0193085
-0.0192115
-0.0191151
-0.0190191
-0.0189236
-0.0188287
-0.0187341
-0.0186401
-0.0185466
-0.0184535
-0.0183609
-0.0182687
-0.018177
-0.0180858
-0.0179951
-0.0179048
-0.017815
-0.0177256
-0.0176367
-0.0175482
-0.0174602
-0.0173726
-0.0172854
-0.0171987
-0.0171125
-0.0170267
-0.0169413
-0.0168563
-0.0167718
-0.0166877
-0.016604
-0.0165207
-0.0164379
-0.0163555
-0.0162735
-0.0161919
-0.0161107
-0.01603
-0.0159496
-0.0158696
-0.0157901
-0.0157109
-0.0156322
-0.0155538
-0.0154759
-0.0153983
-0.0153212
-0.0152444
-0.015168
-0.015092
-0.0150163
-0.0149411
-0.0148662
-0.0147917
-0.0147176
-0.0146439
-0.0145705
-0.0144975
-0.0144249
-0.0143526
-0.0142807
-0.0142091
-0.014138
-0.0140671
-0.0139967
-0.0139266
-0.0138568
-0.0137874
-0.0137183
-0.0136496
-0.0135813
-0.0135132
-0.0134456
-0.0133782
-0.0133112
-0.0132445
-0.0131782
-0.0131122
-0.0130466
-0.0129812
-0.0129162
-0.0128515
-0.0127872
-0.0127232
-0.0126595
-0.0125961
-0.012533
-0.0124702
-0.0124078
-0.0123457
-0.0122839
-0.0122224
-0.0121612
-0.0121003
-0.0120397
-0.0119794
-0.0119195
-0.0118598
-0.0118004
-0.0117414
-0.0116826
-0.0116241
-0.0115659
-0.011508
-0.0114504
-0.0113931
-0.0113361
-0.0112793
-0.0112229
-0.0111667
-0.0111108
-0.0110552
-0.0109999
-0.0109448
-0.01089
-0.0108355
-0.0107813
-0.0107273
-0.0106737
-0.0106202
-0.0105671
-0.0105142
-0.0104616
-0.0104092
-0.0103571
-0.0103053
-0.0102537
-0.0102024
-0.0101514
-0.0101006
-0.01005
-0.00999974
-0.0099497
-0.00989992
-0.00985038
-0.00980109
-0.00975205
-0.00970325
-0.0096547
-0.00960639
-0.00955833
-0.0095105
-0.00946291
-0.00941557
-0.00936846
-0.00932159
-0.00927495
-0.00922854
-0.00918237
-0.00913643
-0.00909072
-0.00904524
-0.00899998
-0.00895496
-0.00891015
-0.00886558
-0.00882122
-0.00877709
-0.00873318
-0.00868949
-0.00864602
-0.00860277
-0.00855973
-0.00851691
-0.0084743
-0.00843191
-0.00838973
-0.00834776
-0.008306
-0.00826445
-0.00822311
-0.00818197
-0.00814104
-0.00810032
-0.0080598
-0.00801948
-0.00797937
-0.00793945
-0.00789974
-0.00786022
-0.00782091
-0.00778178
-0.00774286
-0.00770413
-0.00766559
-0.00762725
-0.0075891
-0.00755114
-0.00751337
-0.00747579
-0.0074384
-0.00740119
-0.00736417
-0.00732734
-0.00729069
-0.00725422
-0.00721794
-0.00718184
-0.00714591
-0.00711017
-0.00707461
-0.00703923
-0.00700402
-0.00696899
-0.00693413
-0.00689945
-0.00686494
-0.00683061
-0.00679644
-0.00676245
-0.00672863
-0.00669498
-0.00666149
-0.00662818
-0.00659503
-0.00656204
-0.00652922
-0.00649657
-0.00646408
-0.00643175
-0.00639958
-0.00636758
-0.00633573
-0.00630405
-0.00627252
-0.00624115
-0.00620994
-0.00617888
-0.00614798
-0.00611723
-0.00608664
-0.0060562
-0.00602591
-0.00599577
-0.00596579
-0.00593595
-0.00590627
-0.00587673
-0.00584734
-0.0058181
-0.005789
-0.00576005
-0.00573125
-0.00570259
-0.00567407
-0.00564569
-0.00561746
-0.00558937
-0.00556141
-0.0055336
-0.00550593
-0.0054784
-0.005451
-0.00542374
-0.00539662
-0.00536963
-0.00534278
-0.00531606
-0.00528948
-0.00526302
-0.00523671
-0.00521052
-0.00518446
-0.00515854
-0.00513274
-0.00510707
-0.00508153
-0.00505612
-0.00503084
-0.00500568
-0.00498065
-0.00495574
-0.00493096
-0.0049063
-0.00488177
-0.00485736
-0.00483307
-0.0048089
-0.00478485
-0.00476093
-0.00473712
-0.00471343
-0.00468986
-0.00466641
-0.00464307
-0.00461986
-0.00459675
-0.00457377
-0.0045509
-0.00452814
-0.0045055
-0.00448297
-0.00446055
-0.00443825
-0.00441605
-0.00439397
-0.004372
-0.00435014
-0.00432838
-0.00430674
-0.00428521
-0.00426378
-0.00424246
-0.00422124
-0.00420014
-0.00417913
-0.00415824
-0.00413744
-0.00411675
-0.00409617
-0.00407569
-0.00405531
-0.00403503
-0.00401485
-0.00399478
-0.0039748
-0.00395493
-0.00393515
-0.00391547
-0.00389589
-0.00387641
-0.00385703
-0.00383774
-0.00381855
-0.00379946
-0.00378046
-0.00376156
-0.00374275
-0.00372404
-0.00370541
-0.00368689
-0.00366845
-0.00365011
-0.00363186
-0.0036137
-0.00359563
-0.00357765
-0.00355976
-0.00354196
-0.00352425
-0.00350663
-0.00348909
-0.00347165
-0.00345429
-0.00343702
-0.00341983
-0.00340273
-0.00338572
-0.00336879
-0.00335194
-0.00333518
-0.0033185
-0.00330191
-0.0032854
-0.00326897
-0.00325263
-0.00323636
-0.00322018
-0.00320408
-0.00318806
-0.00317212
-0.00315626
-0.00314048
-0.00312477
-0.00310915
-0.0030936
-0.00307813
-0.00306274
-0.00304743
-0.00303219
-0.00301703
-0.00300195
-0.00298694
-0.002972
-0.00295714
-0.00294235
-0.00292764
-0.002913
-0.00289844
-0.00288395
-0.00286953
-0.00285518
-0.0028409
-0.0028267
-0.00281256
-0.0027985
-0.00278451
-0.00277058
-0.00275673
-0.00274295
-0.00272923
-0.00271559
-0.00270201
-0.0026885
-0.00267505
-0.00266168
-0.00264837
-0.00263513
-0.00262195
-0.00260884
-0.0025958
-0.00258282
-0.00256991
-0.00255706
-0.00254427
-0.00253155
-0.00251889
-0.0025063
-0.00249376
-0.0024813
-0.00246889
-0.00245654
-0.00244426
-0.00243204
-0.00241988
-0.00240778
-0.00239574
-0.00238376
-0.00237184
-0.00235998
-0.00234818
-0.00233644
-0.00232476
-0.00231314
-0.00230157
-0.00229006
-0.00227861
-0.00226722
-0.00225588
-0.00224461
-0.00223338
-0.00222222
-0.0022111
-0.00220005
-0.00218905
-0.0021781
-0.00216721
-0.00215638
-0.00214559
-0.00213487
-0.00212419
-0.00211357
-0.002103
-0.00209249
-0.00208203
-0.00207162
-0.00206126
-0.00205095
-0.0020407
-0.00203049
-0.00202034
-0.00201024
-0.00200019
-0.00199019
-0.00198024
-0.00197034
-0.00196048
-0.00195068
-0.00194093
-0.00193122
-0.00192157
-0.00191196
-0.0019024
-0.00189289
-0.00188342
-0.00187401
-0.00186464
-0.00185531
-0.00184604
-0.00183681
-0.00182762
-0.00181848
-0.00180939
-0.00180035
-0.00179134
-0.00178239
-0.00177348
-0.00176461
-0.00175579
-0.00174701
-0.00173827
-0.00172958
-0.00172093
-0.00171233
-0.00170377
-0.00169525
-0.00168677
-0.00167834
-0.00166995
-0.0016616
-0.00165329
-0.00164502
-0.0016368
-0.00162861
-0.00162047
-0.00161237
-0.00160431
-0.00159628
-0.0015883
-0.00158036
-0.00157246
-0.0015646
-0.00155678
-0.00154899
-0.00154125
-0.00153354
-0.00152587
-0.00151824
-0.00151065
-0.0015031
-0.00149558
-0.00148811
-0.00148067
-0.00147326
-0.0014659
-0.00145857
-0.00145127
-0.00144402
-0.0014368
-0.00142961
-0.00142247
-0.00141535
-0.00140828
-0.00140124
-0.00139423
-0.00138726
-0.00138032
-0.00137342
-0.00136655
-0.00135972
-0.00135292
-0.00134616
-0.00133943
-0.00133273
-0.00132607
-0.00131944
-0.00131284
-0.00130628
-0.00129974
-0.00129325
-0.00128678
-0.00128035
-0.00127394
-0.00126758
-0.00126124
-0.00125493
-0.00124866
-0.00124241
-0.0012362
-0.00123002
-0.00122387
-0.00121775
-0.00121166
-0.0012056
-0.00119958
-0.00119358
-0.00118761
-0.00118167
-0.00117577
-0.00116989
-0.00116404
-0.00115822
-0.00115243
-0.00114666
-0.00114093
-0.00113523
-0.00112955
-0.0011239
-0.00111828
-0.00111269
-0.00110713
-0.00110159
-0.00109609
-0.00109061
-0.00108515
-0.00107973
-0.00107433
-0.00106896
-0.00106361
-0.00105829
-0.001053
-0.00104774
-0.0010425
-0.00103729
-0.0010321
-0.00102694
-0.00102181
-0.0010167
-0.00101161
-0.00100656
-0.00100152
-0.000996516
-0.000991533
-0.000986576
-0.000981643
-0.000976735
-0.000971851
-0.000966992
-0.000962157
-0.000957347
-0.00095256
-0.000947797
-0.000943059
-0.000938343
-0.000933652
-0.000928984
-0.000924339
-0.000919717
-0.000915119
-0.000910543
-0.000905991
-0.000901461
-0.000896954
-0.000892469
-0.000888007
-0.000883567
-0.000879149
-0.000874754
-0.00087038
-0.000866028
-0.000861698
-0.00085739
-0.000853103
-0.000848838
-0.000844594
-0.000840371
-0.000836169
-0.000831988
-0.000827829
-0.00082369
-0.000819571
-0.000815473
-0.000811396
-0.000807339
-0.000803303
-0.000799286
-0.00079529
-0.000791314
-0.000787357
-0.000783421
-0.000779504
-0.000775606
-0.000771728
-0.00076787
-0.000764031
-0.000760211
-0.00075641
-0.000752628
-0.000748865
-0.000745121
-0.000741395
-0.000737688
-0.000734
-0.00073033
-0.000726678
-0.000723045
-0.00071943
-0.000715833
-0.000712254
-0.000708693
-0.00070515
-0.000701624
-0.000698116
-0.000694625
-0.000691153
-0.000687697
-0.000684259
-0.000680838
-0.000677434
-0.000674047
-0.000670677
-0.000667323
-0.000663987
-0.000660667
-0.000657364
-0.000654077
-0.000650807
-0.000647553
-0.000644315
-0.000641094
-0.000637889
-0.000634699
-0.000631526
-0.000628369
-0.000625227
-0.000622101
-0.000618991
-0.000615896
-0.000612817
-0.000609753
-0.000606704
-0.00060367
-0.000600652
-0.000597649
-0.000594661
-0.000591688
-0.000588729
-0.000585786
-0.000582857
-0.000579943
-0.000577043
-0.000574158
-0.000571287
-0.000568431
-0.000565589
-0.000562761
-0.000559947
-0.000557147
-0.000554362
-0.00055159
-0.000548832
-0.000546088
-0.000543358
-0.000540641
-0.000537938
-0.000535248
-0.000532572
-0.00052991
-0.00052726
-0.000524624
-0.000522001
-0.000519391
-0.000516794
-0.00051421
-0.000511639
-0.000509081
-0.000506536
-0.000504003
-0.000501484
-0.000498976
-0.000496481
-0.000493999
-0.000491529
-0.000489072
-0.000486626
-0.000484193
-0.000481773
-0.000479364
-0.000476967
-0.000474582
-0.00047221
-0.000469849
-0.0004675
-0.000465162
-0.000462836
-0.000460522
-0.00045822
-0.000455929
-0.000453649
-0.000451381
-0.000449124
-0.000446879
-0.000444645
-0.000442421
-0.000440209
-0.000438009
-0.000435819
-0.00043364
-0.000431472
-0.000429314
-0.000427168
-0.000425032
-0.000422907
-0.000420793
-0.000418689
-0.000416595
-0.000414512
-0.00041244
-0.000410378
-0.000408326
-0.000406285
-0.000404253
-0.000402232
-0.000400221
-0.00039822
-0.000396229
-0.000394248
-0.000392277
-0.000390316
-0.000388364
-0.000386422
-0.00038449
-0.000382568
-0.000380655
-0.000378752
-0.000376859
-0.000374974
-0.0003731
-0.000371234
-0.000369378
-0.000367531
-0.000365694
-0.000363865
-0.000362046
-0.000360236
-0.000358435
-0.000356643
-0.00035486
-0.000353086
-0.00035132
-0.000349564
-0.000347816
-0.000346077
-0.000344347
-0.000342625
-0.000340912
-0.000339208
-0.000337512
-0.000335824
-0.000334145
-0.000332475
-0.000330812
-0.000329158
-0.000327513
-0.000325875
-0.000324246
-0.000322625
-0.000321012
-0.000319407
-0.00031781
-0.000316221
-0.00031464
-0.000313067
-0.000311502
-0.000309944
-0.000308395
-0.000306853
-0.000305318
-0.000303792
-0.000302273
-0.000300762
-0.000299258
-0.000297762
-0.000296273
-0.000294792
-0.000293318
-0.000291852
-0.000290392
-0.000288941
-0.000287496
-0.000286059
-0.000284628
-0.000283205
-0.00028179
-0.000280381
-0.000278979
-0.000277585
-0.000276197
-0.000274816
-0.000273442
-0.000272075
-0.000270714
-0.000269361
-0.000268014
-0.000266674
-0.000265341
-0.000264014
-0.000262694
-0.000261381
-0.000260074
-0.000258774
-0.00025748
-0.000256193
-0.000254912
-0.000253637
-0.000252369
-0.000251108
-0.000249852
-0.000248603
-0.00024736
-0.000246123
-0.000244893
-0.000243669
-0.00024245
-0.000241238
-0.000240032
-0.000238832
-0.000237638
-0.00023645
-0.000235268
-0.000234091
-0.000232921
-0.000231756
-0.000230598
-0.000229445
-0.000228298
-0.000227156
-0.00022602
-0.00022489
-0.000223766
-0.000222647
-0.000221534
-0.000220426
-0.000219324
-0.000218228
-0.000217137
-0.000216051
-0.000214971
-0.000213896
-0.000212827
-0.000211763
-0.000210704
-0.00020965
-0.000208602
-0.000207559
-0.000206522
-0.000205489
-0.000204462
-0.000203439
-0.000202422
-0.00020141
-0.000200403
-0.000199401
-0.000198404
-0.000197413
-0.000196426
-0.000195443
-0.000194466
-0.000193494
-0.000192527
-0.000191564
-0.000190606
-0.000189653
-0.000188705
-0.000187762
-0.000186823
-0.000185889
-0.00018496
-0.000184035
-0.000183115
-0.000182199
-0.000181288
-0.000180382
-0.00017948
-0.000178583
-0.00017769
-0.000176802
-0.000175918
-0.000175038
-0.000174163
-0.000173292
-0.000172426
-0.000171564
-0.000170706
-0.000169853
-0.000169004
-0.000168159
-0.000167318
-0.000166481
-0.000165649
-0.000164821
-0.000163997
-0.000163177
-0.000162361
-0.000161549
-0.000160742
-0.000159938
-0.000159139
-0.000158343
-0.000157551
-0.000156764
-0.00015598
-0.0001552
-0.000154424
-0.000153652
-0.000152884
-0.00015212
-0.000151359
-0.000150602
-0.000149849
-0.0001491
-0.000148355
-0.000147613
-0.000146875
-0.000146141
-0.00014541
-0.000144683
-0.00014396
-0.00014324
-0.000142524
-0.000141811
-0.000141103
-0.000140397
-0.000139695
-0.000138997
-0.000138302
-0.00013761
-0.000136922
-0.000136238
-0.000135557
-0.000134879
-0.000134205
-0.000133534
-0.000132866
-0.000132202
-0.000131541
-0.000130883
-0.000130229
-0.000129578
-0.00012893
-0.000128286
-0.000127644
-0.000127006
-0.000126371
-0.000125739
-0.000125111
-0.000124485
-0.000123863
-0.000123244
-0.000122628
-0.000122014
-0.000121404
-0.000120798
-0.000120194
-0.000119593
-0.000118995
-0.0001184
-0.000117808
-0.000117219
-0.000116633
-0.00011605
-0.00011547
-0.000114892
-0.000114318
-0.000113747
-0.000113178
-0.000112612
-0.000112049
-0.000111489
-0.000110932
-0.000110377
-0.000109825
-0.000109276
-0.00010873
-0.000108186
-0.000107646
-0.000107108
-0.000106573
-0.00010604
-0.00010551
-0.000104982
-0.000104457
-0.000103935
-0.000103415
-0.000102898
-0.000102383
-0.000101871
-0.000101362
-0.000100855
-0.000100351
-9.98492e-05
-9.93501e-05
-9.88534e-05
-9.83592e-05
-9.78675e-05
-9.73783e-05
-9.68914e-05
-9.64071e-05
-9.59251e-05
-9.54456e-05
-9.49684e-05
-9.44937e-05
-9.40213e-05
-9.35512e-05
-9.30836e-05
-9.26182e-05
-9.21552e-05
-9.16945e-05
-9.12361e-05
-9.078e-05
-9.03262e-05
-8.98746e-05
-8.94253e-05
-8.89782e-05
-8.85334e-05
-8.80908e-05
-8.76504e-05
-8.72122e-05
-8.67762e-05
-8.63424e-05
-8.59108e-05
-8.54813e-05
-8.50539e-05
-8.46287e-05
-8.42056e-05
-8.37847e-05
-8.33658e-05
-8.29491e-05
-8.25344e-05
-8.21218e-05
-8.17113e-05
-8.13028e-05
-8.08963e-05
-8.04919e-05
-8.00895e-05
-7.96891e-05
-7.92907e-05
-7.88943e-05
-7.84999e-05
-7.81075e-05
-7.7717e-05
-7.73285e-05
-7.69419e-05
-7.65573e-05
-7.61745e-05
-7.57937e-05
-7.54148e-05
-7.50378e-05
-7.46627e-05
-7.42894e-05
-7.3918e-05
-7.35485e-05
-7.31808e-05
-7.2815e-05
-7.2451e-05
-7.20888e-05
-7.17284e-05
-7.13698e-05
-7.1013e-05
-7.0658e-05
-7.03048e-05
-6.99533e-05
-6.96036e-05
-6.92557e-05
-6.89094e-05
-6.85649e-05
-6.82222e-05
-6.78811e-05
-6.75418e-05
-6.72041e-05
-6.68682e-05
-6.65339e-05
-6.62013e-05
-6.58703e-05
-6.5541e-05
-6.52134e-05
-6.48874e-05
-6.4563e-05
-6.42403e-05
-6.39191e-05
-6.35996e-05
-6.32816e-05
-6.29653e-05
-6.26505e-05
-6.23373e-05
-6.20257e-05
-6.17156e-05
-6.14071e-05
-6.11001e-05
-6.07947e-05
-6.04908e-05
-6.01884e-05
-5.98875e-05
-5.95881e-05
-5.92902e-05
-5.89939e-05
-5.86989e-05
-5.84055e-05
-5.81135e-05
-5.7823e-05
-5.7534e-05
-5.72464e-05
-5.69602e-05
-5.66754e-05
-5.63921e-05
-5.61102e-05
-5.58297e-05
-5.55506e-05
-5.52729e-05
-5.49966e-05
-5.47217e-05
-5.44482e-05
-5.4176e-05
-5.39051e-05
-5.36357e-05
-5.33676e-05
-5.31008e-05
-5.28353e-05
-5.25712e-05
-5.23084e-05
-5.20469e-05
-5.17867e-05
-5.15279e-05
-5.12703e-05
-5.1014e-05
-5.0759e-05
-5.05052e-05
-5.02528e-05
-5.00015e-05
-4.97516e-05
-4.95029e-05
-4.92554e-05
-4.90092e-05
-4.87642e-05
-4.85204e-05
-4.82779e-05
-4.80366e-05
-4.77964e-05
-4.75575e-05
-4.73198e-05
-4.70832e-05
-4.68479e-05
-4.66137e-05
-4.63807e-05
-4.61488e-05
-4.59181e-05
-4.56886e-05
-4.54602e-05
-4.5233e-05
-4.50068e-05
-4.47819e-05
-4.4558e-05
-4.43353e-05
-4.41136e-05
-4.38931e-05
-4.36737e-05
-4.34554e-05
-4.32382e-05
-4.3022e-05
-4.2807e-05
-4.2593e-05
-4.23801e-05
-4.21682e-05
-4.19574e-05
-4.17477e-05
-4.1539e-05
-4.13314e-05
-4.11248e-05
-4.09192e-05
-4.07147e-05
-4.05111e-05
-4.03086e-05
-4.01071e-05
-3.99067e-05
-3.97072e-05
-3.95087e-05
-3.93116e-05
-3.91149e-05
-3.89192e-05
-3.87245e-05
-3.85309e-05
-3.83382e-05
-3.81465e-05
-3.79558e-05
-3.77661e-05
-3.75773e-05
-3.73895e-05
-3.72025e-05
-3.70165e-05
-3.68315e-05
-3.66473e-05
-3.64641e-05
-3.62819e-05
-3.61005e-05
-3.59201e-05
-3.57405e-05
-3.55619e-05
-3.53841e-05
-3.52073e-05
-3.50313e-05
-3.48562e-05
-3.4682e-05
-3.45087e-05
-3.43362e-05
-3.41646e-05
-3.39938e-05
-3.38239e-05
-3.36549e-05
-3.34867e-05
-3.33193e-05
-3.31528e-05
-3.29871e-05
-3.28222e-05
-3.26582e-05
-3.24949e-05
-3.23325e-05
-3.21709e-05
-3.20101e-05
-3.18501e-05
-3.16909e-05
-3.15326e-05
-3.13749e-05
-3.12181e-05
-3.10621e-05
-3.09068e-05
-3.07524e-05
-3.05987e-05
-3.04457e-05
-3.02936e-05
-3.01421e-05
-2.99915e-05
-2.98416e-05
-2.96924e-05
-2.9544e-05
-2.93963e-05
-2.92494e-05
-2.91032e-05
-2.89578e-05
-2.8813e-05
-2.8669e-05
-2.85257e-05
-2.83832e-05
-2.82413e-05
-2.81001e-05
-2.79597e-05
-2.78199e-05
-2.76809e-05
-2.75426e-05
-2.74049e-05
-2.72679e-05
-2.71316e-05
-2.6996e-05
-2.68611e-05
-2.67268e-05
-2.65933e-05
-2.64603e-05
-2.63281e-05
-2.61965e-05
-2.60656e-05
-2.59353e-05
-2.58057e-05
-2.56767e-05
-2.55484e-05
-2.54207e-05
-2.52936e-05
-2.51672e-05
-2.50414e-05
-2.49162e-05
-2.47917e-05
-2.46678e-05
-2.45445e-05
-2.44218e-05
-2.42998e-05
-2.41783e-05
-2.40575e-05
-2.39372e-05
-2.38176e-05
-2.36985e-05
-2.35801e-05
-2.34622e-05
-2.3345e-05
-2.32283e-05
-2.31122e-05
-2.29967e-05
-2.28817e-05
-2.27674e-05
-2.26536e-05
-2.25403e-05
-2.24277e-05
-2.23156e-05
-2.2204e-05
-2.20931e-05
-2.19826e-05
-2.18728e-05
-2.17635e-05
-2.16547e-05
-2.15464e-05
-2.14387e-05
-2.13316e-05
-2.1225e-05
-2.11189e-05
-2.10133e-05
-2.09083e-05
-2.08038e-05
-2.06998e-05
-2.05964e-05
-2.04934e-05
-2.0391e-05
-2.02891e-05
-2.01877e-05
-2.00868e-05
-1.99864e-05
-1.98865e-05
-1.97871e-05
-1.96882e-05
-1.95898e-05
-1.94919e-05
-1.93945e-05
-1.92975e-05
-1.92011e-05
-1.91051e-05
-1.90096e-05
-1.89146e-05
-1.88201e-05
-1.8726e-05
-1.86324e-05
-1.85393e-05
-1.84466e-05
-1.83544e-05
-1.82627e-05
-1.81714e-05
-1.80806e-05
-1.79902e-05
-1.79003e-05
-1.78109e-05
-1.77218e-05
-1.76333e-05
-1.75451e-05
-1.74575e-05
-1.73702e-05
-1.72834e-05
-1.7197e-05
-1.71111e-05
-1.70255e-05
-1.69404e-05
-1.68558e-05
-1.67715e-05
-1.66877e-05
-1.66043e-05
-1.65213e-05
-1.64388e-05
-1.63566e-05
-1.62749e-05
-1.61935e-05
-1.61126e-05
-1.60321e-05
-1.59519e-05
-1.58722e-05
-1.57929e-05
-1.5714e-05
-1.56354e-05
-1.55573e-05
-1.54795e-05
-1.54022e-05
-1.53252e-05
-1.52486e-05
-1.51724e-05
-1.50966e-05
-1.50211e-05
-1.4946e-05
-1.48714e-05
-1.4797e-05
-1.47231e-05
-1.46495e-05
-1.45763e-05
-1.45059e-05
-1.44316e-05
-1.43598e-05
-1.42879e-05
-1.42162e-05
-1.41452e-05
-1.40745e-05
-1.40041e-05
-1.39341e-05
-1.38644e-05
-1.3795e-05
-1.37261e-05
-1.36574e-05
-1.35891e-05
-1.35212e-05
-1.34536e-05
-1.33864e-05
-1.33196e-05
-1.3253e-05
-1.31868e-05
-1.31209e-05
-1.30554e-05
-1.29901e-05
-1.29252e-05
-1.28606e-05
-1.27963e-05
-1.27323e-05
-1.26686e-05
-1.26053e-05
-1.25422e-05
-1.24795e-05
-1.24171e-05
-1.23551e-05
-1.22933e-05
-1.22318e-05
-1.21707e-05
-1.21099e-05
-1.20494e-05
-1.19892e-05
-1.19293e-05
-1.18697e-05
-1.18104e-05
-1.17514e-05
-1.16927e-05
-1.16343e-05
-1.15761e-05
-1.15183e-05
-1.14607e-05
-1.14035e-05
-1.13465e-05
-1.12898e-05
-1.12334e-05
-1.11773e-05
-1.11214e-05
-1.10659e-05
-1.10106e-05
-1.09555e-05
-1.09008e-05
-1.08463e-05
-1.07921e-05
-1.07382e-05
-1.06846e-05
-1.06312e-05
-1.0578e-05
-1.05252e-05
-1.04726e-05
-1.04203e-05
-1.03682e-05
-1.03164e-05
-1.02648e-05
-1.02135e-05
-1.01625e-05
-1.01117e-05
-1.00612e-05
-1.00109e-05
-9.96087e-06
