0.727372
0.699559
0.691373
0.689326
0.682486
0.684697
0.681006
0.671931
0.672977
0.684272
0.67325
0.669754
0.671941
0.676563
0.672879
0.668924
0.673069
0.671383
0.68413
0.671131
0.66738
0.679809
0.691986
0.680953
0.666933
0.67145
0.667479
0.668986
0.67238
0.67249
0.664584
0.670516
0.674254
0.665639
0.676344
0.687088
0.670784
0.676324
0.674488
0.674248
0.671998
0.672432
0.668026
0.672534
0.663111
0.685276
0.692898
0.669624
0.668874
0.676109
0.673041
0.677764
0.6806
0.666539
0.670473
0.674496
0.670155
0.674786
0.670711
0.667769
0.669298
0.671976
0.676461
0.662006
0.675726
0.669759
0.670819
0.667747
0.675881
0.667003
0.672335
0.666418
0.676568
0.672534
0.674818
0.668867
0.668474
0.685698
0.666115
0.675609
0.672727
0.670145
0.66671
0.67621
0.671068
0.673526
0.677775
0.677507
0.670645
0.668847
0.672333
0.666769
0.680174
0.670774
0.679519
0.682775
0.677776
0.670283
0.672418
0.671021
0.675113
0.667605
0.66589
0.670424
0.671324
0.669992
0.672267
0.668261
0.675964
0.67429
0.674386
0.664655
0.67285
0.663321
0.675206
0.678096
0.669481
0.670268
0.671608
0.671196
0.677172
0.674337
0.670817
0.671506
0.673907
0.674991
0.669989
0.67405
0.669727
0.677181
0.672943
0.677679
0.667744
0.66834
0.670222
0.6815
0.669813
0.676076
0.667574
0.668492
0.672301
0.686685
0.669926
0.679043
0.669238
0.665154
0.670497
0.671357
0.664525
0.667743
0.665074
0.675024
0.671479
0.669779
0.677424
0.66875
0.658064
0.6664
0.679012
0.661489
0.665524
0.674723
0.66105
0.675312
0.669119
0.655065
0.662094
0.665807
0.658668
0.669315
0.663637
0.67141
0.660188
0.665595
0.669946
0.667645
0.66951
0.667039
0.65377
0.660127
0.667381
0.668568
0.662299
0.672325
0.663341
0.665207
0.665282
0.657769
0.658145
0.655943
0.671008
0.658647
0.663752
0.657368
0.665966
0.653993
0.656019
0.653938
0.656359
0.655497
0.661732
0.660023
0.664716
0.657975
0.660876
0.662014
0.66403
0.65788
0.664331
0.666641
0.661761
0.667104
0.659213
0.661975
0.660304
0.666826
0.65922
0.664883
0.656298
0.662028
0.654682
0.664047
0.661976
0.66302
0.654747
0.664777
0.661137
0.659055
0.659534
0.66392
0.664381
0.662631
0.662764
0.660183
0.662393
0.661445
0.665092
0.661192
0.659782
0.665209
0.658046
0.667935
0.660217
0.671065
0.67624
0.658536
0.66277
0.657793
0.673127
0.671604
0.658408
0.668141
0.66856
0.665029
0.658046
0.655693
0.665949
0.657537
0.659396
0.658537
0.657427
0.663699
0.660135
0.671888
0.662632
0.664482
0.66406
0.655938
0.66466
0.655771
0.67031
0.655784
0.658174
0.66702
0.655359
0.668446
0.659792
0.659274
0.659811
0.663201
0.661387
0.66222
0.658441
0.659628
0.662876
0.667308
0.673187
0.668855
0.658827
0.663601
0.665162
0.655059
0.658964
0.665032
0.661301
0.662026
0.657953
0.663174
0.654882
0.657001
0.659037
0.670675
0.660205
0.660467
0.660271
0.662295
0.648892
0.649898
0.659754
0.66147
0.657863
0.655168
0.649813
0.65612
0.656666
0.650312
0.66723
0.656882
0.660603
0.652175
0.662708
0.660012
0.658842
0.649907
0.658935
0.654247
0.657429
0.652574
0.659906
0.659037
0.655434
0.660296
0.659905
0.660634
0.657259
0.654735
0.660665
0.658225
0.660526
0.658587
0.660321
0.666802
0.658309
0.652594
0.645447
0.648964
0.65529
0.653195
0.654258
0.650608
0.649527
0.655932
0.652657
0.655884
0.65404
0.662411
0.658373
0.653849
0.648076
0.654622
0.649372
0.655328
0.647272
0.649549
0.656703
0.643788
0.649984
0.645183
0.655699
0.652394
0.648989
0.65064
0.657188
0.642962
0.653064
0.648318
0.650705
0.649866
0.652799
0.643513
0.650446
0.653022
0.654522
0.649457
0.65011
0.649102
0.658092
0.647196
0.659276
0.650133
0.65616
0.645328
0.652959
0.645957
0.657447
0.661328
0.651278
0.653057
0.647396
0.659253
0.642323
0.650519
0.648859
0.65027
0.649982
0.645899
0.651842
0.646605
0.652797
0.656227
0.644525
0.653249
0.645713
0.651917
0.655456
0.647921
0.645107
0.655426
0.667499
0.665418
0.655181
0.644749
0.648758
0.657254
0.649559
0.646467
0.650476
0.646107
0.6578
0.656317
0.656291
0.648923
0.652047
0.654517
0.646042
0.651284
0.655226
0.646421
0.652154
0.654968
0.64764
0.658443
0.644265
0.644479
0.653296
0.649665
0.650754
0.647035
0.652486
0.642857
0.655549
0.648526
0.654443
0.649497
0.645717
0.655676
0.647661
0.653189
0.663458
0.656563
0.65203
0.652513
0.650986
0.65411
0.642852
0.649967
0.642743
0.660478
0.651104
0.64828
0.647867
0.647505
0.647501
0.653529
0.642358
0.64338
0.661357
0.645866
0.645487
0.64389
0.646889
0.650579
0.65207
0.655679
0.64663
0.649367
0.655084
0.652128
0.650136
0.651963
0.662852
0.654901
0.649547
0.647596
0.648581
0.643719
0.670539
0.672013
0.653746
0.648984
0.643866
0.647001
0.666803
0.656859
0.647446
0.641916
0.645274
0.645024
0.640388
0.64372
0.653777
0.644602
0.647052
0.640134
0.64603
0.6416
0.64198
0.6432
0.646294
0.641579
0.634072
0.640917
0.650303
0.652939
0.642109
0.646738
0.642401
0.643784
0.646844
0.650856
0.63821
0.644964
0.64008
0.638031
0.643765
0.639692
0.637424
0.644258
0.641089
0.638311
0.644458
0.639501
0.637274
0.644772
0.639502
0.636966
0.643781
0.63425
0.631469
0.638528
0.634295
0.631581
0.643859
0.63788
0.632044
0.638609
0.634185
0.632075
0.639052
0.633738
0.631315
0.638443
0.634319
0.632164
0.638253
0.634244
0.63199
0.639967
0.634404
0.633636
0.638557
0.633892
0.631806
0.639144
0.633928
0.631442
0.638434
0.634178
0.63182
0.638593
0.634513
0.633443
0.641902
0.63404
0.632021
0.638729
0.633992
0.631774
0.63882
0.634094
0.631679
0.638209
0.634278
0.631838
0.638888
0.634029
0.634645
0.63845
0.634649
0.632021
0.639234
0.634203
0.631891
0.6417
0.634125
0.6316
0.63887
0.634075
0.631628
0.638536
0.634403
0.640569
0.640915
0.634285
0.632159
0.638584
0.63404
0.63198
0.63902
0.633989
0.631474
0.638581
0.634252
0.633778
0.638756
0.634616
0.63216
0.63851
0.634163
0.6319
0.639792
0.633772
0.631629
0.638971
0.634068
0.631689
0.63864
0.634331
0.631584
0.638356
0.64064
0.631916
0.63865
0.634411
0.63233
0.638873
0.634197
0.631929
0.639514
0.634053
0.63196
0.638411
0.634913
0.63191
0.638617
0.637038
0.631814
0.638898
0.63415
0.632018
0.63898
0.634074
0.631669
0.639272
0.633884
0.631373
0.639025
0.634989
0.631681
0.640832
0.640037
0.632076
0.638691
0.634355
0.631842
0.633101
0.630814
0.626825
0.633507
0.628863
0.626512
0.633185
0.629002
0.626192
0.633822
0.629569
0.626563
0.633416
0.628909
0.626402
0.633444
0.628787
0.626351
0.633947
0.628543
0.626027
0.633065
0.629149
0.626069
0.636211
0.629062
0.626286
0.633442
0.62864
0.626728
0.633221
0.628591
0.626616
0.633524
0.628569
0.62589
0.633247
0.628815
0.626767
0.635966
0.62838
0.627405
0.633135
0.62889
0.62664
0.633317
0.62873
0.626609
0.633418
0.628632
0.625894
0.633048
0.628991
0.626371
0.638001
0.629051
0.626316
0.633365
0.629219
0.627109
0.633221
0.623336
0.621307
0.627848
0.623348
0.62096
0.627432
0.623275
0.62121
0.627578
0.623716
0.620652
0.628105
0.623393
0.620983
0.629655
0.62303
0.621545
0.628234
0.622808
0.620702
0.627796
0.623337
0.620638
0.627659
0.623446
0.62072
0.631224
0.623695
0.620957
0.628372
0.623566
0.621081
0.627881
0.623071
0.620639
0.629154
0.623495
0.620989
0.627725
0.623366
0.621403
0.628017
0.623362
0.621323
0.629309
0.624776
0.621104
0.628208
0.62358
0.620742
0.627704
0.624116
0.620782
0.627695
0.623541
0.621147
0.628109
0.623703
0.621273
0.628164
0.623592
0.621181
0.628157
0.62956
0.623222
0.627812
0.623652
0.621154
0.627806
0.623435
0.620831
0.627681
0.623665
0.621273
0.628672
0.623457
0.621031
0.628504
0.622913
0.620638
0.627802
0.623544
0.620914
0.627686
0.623559
0.621063
0.627747
0.623245
0.622999
0.627837
0.623465
0.621506
0.6283
0.623006
0.62103
0.627996
0.623446
0.621307
0.627932
0.623449
0.620832
0.627911
0.623424
0.621308
0.628212
0.62334
0.620863
0.628584
0.623218
0.62095
0.627979
0.624315
0.622945
0.622233
0.618215
0.615746
0.622642
0.618281
0.615531
0.622573
0.617915
0.615683
0.623231
0.618021
0.61549
0.623178
0.619483
0.616811
0.624121
0.617836
0.615773
0.622453
0.617748
0.615482
0.623062
0.617734
0.615755
0.623016
0.618004
0.614815
0.622585
0.621858
0.618698
0.622425
0.618013
0.61564
0.622701
0.61822
0.615576
0.622553
0.617699
0.615706
0.622911
0.617695
0.615271
0.622362
0.618107
0.616328
0.622249
0.618124
0.615539
0.62244
0.619366
0.615645
0.622408
0.617959
0.615937
0.622913
0.617905
0.615131
0.622523
0.620618
0.615766
0.622182
0.618129
0.615529
0.62241
0.618101
0.616274
0.622604
0.617705
0.615676
0.622733
0.620955
0.617112
0.621726
0.620613
0.615701
0.622777
0.612686
0.610722
0.617055
0.612524
0.610199
0.617791
0.612552
0.610331
0.617414
0.612221
0.610016
0.617754
0.616829
0.612434
0.617646
0.612704
0.60999
0.61724
0.612668
0.610071
0.617429
0.612226
0.610516
0.617015
0.612386
0.609968
0.61746
0.612918
0.610953
0.616799
0.612534
0.610326
0.617211
0.612795
0.610092
0.617453
0.612423
0.610034
0.617271
0.612526
0.609698
0.616916
0.613917
0.611839
0.617056
0.613102
0.610176
0.617328
0.614258
0.611616
0.617036
0.612615
0.610509
0.617087
0.612338
0.610138
0.617028
0.613888
0.612107
0.616772
0.612562
0.610324
0.616784
0.612679
0.611554
0.617157
0.612065
0.610519
0.617476
0.612296
0.610069
0.616898
0.614673
0.614237
0.617263
0.612586
0.610634
0.617304
0.612474
0.610361
0.617242
0.613047
0.610149
0.617307
0.612255
0.610332
0.617182
0.612412
0.610471
0.617156
0.612578
0.604651
0.611619
0.607065
0.604726
0.61229
0.607294
0.604636
0.612035
0.607066
0.604311
0.611596
0.607308
0.606146
0.611448
0.607647
0.60448
0.612047
0.607197
0.604603
0.611927
0.607033
0.604896
0.612107
0.607214
0.604341
0.611886
0.607403
0.608081
0.611561
0.608257
0.604945
0.612462
0.607278
0.605675
0.611843
0.607229
0.60518
0.612341
0.606894
0.604738
0.611446
0.607323
0.611741
0.613231
0.607737
0.604622
0.612057
0.607325
0.604842
0.611888
0.607162
0.604771
0.611975
0.607293
0.604777
0.611272
0.607558
0.604946
0.611579
0.607522
0.604572
0.612156
0.60747
0.604828
0.612161
0.607127
0.604588
0.612038
0.606699
0.604609
0.612468
0.609347
0.604503
0.6113
0.607986
0.604834
0.61487
0.607539
0.604739
0.61169
0.607461
0.60445
0.611999
0.606959
0.60462
0.611481
0.607336
0.599374
0.606094
0.602544
0.59933
0.6067
0.602008
0.59953
0.606383
0.604825
0.599465
0.606553
0.601844
0.600008
0.606465
0.602157
0.599142
0.60633
0.602574
0.599371
0.606498
0.601821
0.601109
0.606598
0.601836
0.599261
0.60633
0.601642
0.603273
0.608963
0.602286
0.599086
0.606896
0.602253
0.599203
0.606387
0.602093
0.599584
0.608467
0.602015
0.599245
0.606629
0.601734
0.598936
0.60631
0.602022
0.599177
0.606484
0.602363
0.599034
0.606748
0.602036
0.59932
0.606701
0.601884
0.599234
0.606761
0.601879
0.599248
0.60623
0.603123
0.599255
0.606124
0.602407
0.599515
0.60743
0.602332
0.599339
0.606624
0.601947
0.599079
0.606671
0.601363
0.59939
0.606375
0.601916
0.599331
0.606318
0.605027
0.599476
0.606801
0.602065
0.599458
0.606948
0.601954
0.599347
0.606736
0.601619
0.59918
0.606518
0.602004
0.599068
0.606401
0.605189
0.594168
0.601555
0.596575
0.593795
0.602028
0.597705
0.594121
0.601285
0.597725
0.593799
0.600714
0.596878
0.59369
0.600556
0.597049
0.599154
0.601459
0.596792
0.593976
0.601504
0.596375
0.59362
0.601625
0.596405
0.593806
0.601032
0.599341
0.594098
0.600865
0.597202
0.595018
0.601472
0.596844
0.5945
0.601099
0.596552
0.593674
0.601207
0.596331
0.593865
0.600633
0.596704
0.593955
0.600966
0.596871
0.596771
0.601789
0.596496
0.593608
0.601095
0.596423
0.594023
0.601248
0.596092
0.593662
0.601088
0.596797
0.593828
0.600747
0.596713
0.594161
0.602842
0.596373
0.593939
0.601333
0.596782
0.593884
0.601736
0.596354
0.593884
0.601094
0.596297
0.593794
0.600862
0.596911
0.594121
0.60733
0.599224
0.595725
0.601102
0.596212
0.594823
0.601432
0.596535
0.594139
0.600594
0.59655
0.58828
0.595513
0.591944
0.588454
0.597456
0.591541
0.588538
0.595851
0.591152
0.588529
0.596105
0.590825
0.588604
0.59518
0.590974
0.588319
0.595581
0.592326
0.588481
0.595928
0.593745
0.588843
0.595614
0.591039
0.588257
0.595779
0.590864
0.588752
0.595586
0.591295
0.588631
0.59562
0.592854
0.588756
0.595866
0.592396
0.590233
0.595731
0.591084
0.588667
0.595989
0.590648
0.588345
0.595286
0.591146
0.588333
0.595489
0.591456
0.588131
0.595772
0.591024
0.596682
0.596169
0.591083
0.588451
0.596546
0.590835
0.588301
0.595322
0.591208
0.588194
0.595481
0.59274
0.588518
0.595541
0.5911
0.589284
0.595549
0.591246
0.58838
0.595857
0.592687
0.58798
0.595753
0.591249
0.588145
0.595384
0.591437
0.588477
0.596003
0.591067
0.588773
0.595971
0.591201
0.588408
0.596119
0.592307
0.58824
0.595731
0.591267
0.588667
0.595593
0.593999
0.588596
0.590618
0.585949
0.582869
0.59032
0.58549
0.583434
0.591374
0.585483
0.582862
0.590095
0.585696
0.585851
0.58967
0.586188
0.583217
0.590514
0.585754
0.583107
0.590465
0.586129
0.582649
0.590632
0.585398
0.582963
0.590414
0.585742
0.583024
0.590221
0.586002
0.583082
0.590575
0.591952
0.582948
0.590575
0.585741
0.583012
0.590415
0.588505
0.583351
0.590059
0.585846
0.583058
0.59031
0.586299
0.583205
0.590769
0.585404
0.583232
0.590808
0.585821
0.583492
0.590734
0.585734
0.583083
0.590206
0.587996
0.582803
0.59007
0.58632
0.583104
0.590512
0.58585
0.58307
0.590478
0.585614
0.583819
0.590806
0.585362
0.583467
0.590113
0.587517
0.583997
0.589903
0.58608
0.583429
0.590509
0.585622
0.583369
0.590334
0.585399
0.583237
0.590591
0.585431
0.582844
0.590503
0.585807
0.583158
0.590023
0.586345
0.585859
0.590443
0.585873
0.583264
0.591752
0.585716
0.582829
0.59068
0.585413
0.577588
0.584678
0.580251
0.57764
0.584778
0.580745
0.57789
0.585367
0.580353
0.577833
0.58513
0.586609
0.577733
0.585362
0.580039
0.577933
0.584407
0.580504
0.577505
0.584863
0.580796
0.577492
0.585227
0.580554
0.578329
0.585057
0.580201
0.577887
0.584783
0.580236
0.57804
0.584697
0.580215
0.577034
0.586019
0.580997
0.57789
0.584794
0.580527
0.577446
0.585107
0.580064
0.577718
0.585114
0.58031
0.578877
0.584762
0.58045
0.577698
0.584711
0.583469
0.578386
0.585101
0.580645
0.577453
0.586672
0.580308
0.577249
0.585252
0.57979
0.57764
0.584608
0.58014
0.5773
0.585151
0.580391
0.577553
0.585042
0.58055
0.579158
0.586468
0.580283
0.577424
0.58501
0.582068
0.577493
0.584695
0.580312
0.57746
0.584732
0.58048
0.577752
0.584953
0.580264
0.577653
0.584739
0.580241
0.577749
0.585088
0.586662
0.579777
0.585141
0.580462
0.57745
0.584431
0.580854
0.577591
0.58673
0.580379
0.57732
0.579774
0.574747
0.571937
0.579805
0.574766
0.572446
0.579433
0.57513
0.571979
0.580233
0.575475
0.572518
0.579833
0.57811
0.57244
0.579648
0.574943
0.573195
0.57999
0.57478
0.572002
0.579313
0.575049
0.572304
0.579429
0.575391
0.572652
0.579648
0.575125
0.57198
0.579631
0.57497
0.572212
0.579948
0.574771
0.571867
0.579129
0.574816
0.572038
0.579752
0.576649
0.573711
0.579331
0.576326
0.57219
0.57989
0.575179
0.572012
0.579882
0.57467
0.572337
0.579417
0.575215
0.571909
0.579206
0.574804
0.574886
0.579888
0.575164
0.572318
0.579814
0.574628
0.572
0.580397
0.574722
0.572438
0.579291
0.574987
0.572112
0.579662
0.575306
0.572271
0.586073
0.577453
0.572392
0.580011
0.575095
0.572271
0.579784
0.574624
0.572217
0.579179
0.575017
0.572089
0.579114
0.57514
0.572077
0.579853
0.576183
0.573518
0.579517
0.574728
0.574221
0.579582
0.574709
0.572627
0.579253
0.574906
0.571924
0.579123
0.575346
0.56662
0.574576
0.569368
0.566939
0.574115
0.569419
0.567236
0.575716
0.569526
0.566772
0.573872
0.57025
0.567057
0.574281
0.572722
0.566679
0.574336
0.569551
0.566794
0.574152
0.569702
0.566727
0.574464
0.569317
0.566583
0.573854
0.56937
0.567952
0.573876
0.569975
0.568249
0.574167
0.569438
0.567069
0.574345
0.569376
0.566764
0.574339
0.569328
0.566892
0.573865
0.569426
0.566387
0.573781
0.569869
0.566695
0.576411
0.574416
0.5669
0.574026
0.569472
0.566654
0.574362
0.56934
0.566552
0.573741
0.569639
0.566693
0.574013
0.569507
0.567204
0.573929
0.569635
0.567167
0.574003
0.56956
0.567188
0.574627
0.569097
0.566833
0.574707
0.569706
0.566686
0.574112
0.570579
0.566582
0.574078
0.569398
0.567074
0.574129
0.569361
0.566471
0.574263
0.569088
0.566833
0.573657
0.572166
0.567308
0.573919
0.569919
0.566925
0.574158
0.569563
0.566764
0.574187
0.569511
0.566912
0.574177
0.569141
0.566703
0.573852
0.569723
0.56139
0.56848
0.564402
0.561238
0.571668
0.56419
0.5615
0.568553
0.565706
0.561047
0.568731
0.56373
0.561566
0.568103
0.563918
0.561341
0.568623
0.564289
0.561426
0.568751
0.563938
0.561291
0.569066
0.563913
0.566369
0.57123
0.564077
0.561293
0.568519
0.564464
0.561251
0.568531
0.564861
0.561268
0.568805
0.56398
0.561777
0.568885
0.564659
0.561192
0.568878
0.564028
0.56115
0.568473
0.564533
0.561532
0.568238
0.565193
0.561772
0.568712
0.564217
0.561454
0.569911
0.563943
0.561339
0.569076
0.56366
0.561335
0.568482
0.563888
0.560878
0.568473
0.564621
0.561387
0.568666
0.564281
0.561348
0.568924
0.564914
0.564955
0.568802
0.563778
0.561748
0.56864
0.564097
0.561172
0.569896
0.565756
0.561348
0.568734
0.564326
0.561573
0.568935
0.564273
0.561229
0.568788
0.56363
0.56234
0.567995
0.564186
0.56105
0.568688
0.565982
0.562848
0.568646
0.564183
0.561871
0.563519
0.558526
0.555829
0.563729
0.558296
0.555938
0.562754
0.558815
0.556573
0.562874
0.559165
0.555744
0.568518
0.55869
0.556135
0.563206
0.558677
0.55563
0.563454
0.558734
0.556029
0.562932
0.558937
0.555544
0.562962
0.559091
0.556005
0.563569
0.559172
0.556028
0.563394
0.559874
0.555982
0.563323
0.55814
0.556191
0.563252
0.558686
0.555905
0.563227
0.559142
0.556072
0.564044
0.558601
0.559047
0.56339
0.558741
0.556051
0.563843
0.558479
0.555951
0.562803
0.5588
0.555551
0.563105
0.559442
0.556013
0.563417
0.558827
0.555915
0.566004
0.558731
0.55577
0.563616
0.558747
0.555756
0.563011
0.558782
0.556054
0.563065
0.55905
0.55672
0.563115
0.558997
0.555947
0.564047
