322.453
1.64382
1.62879
1.56883
1.61939
1.56214
1.44355
1.49294
1.49224
1.52195
1.43638
1.20108
1.14576
1.32326
1.03165
1.20193
0.973735
0.913989
1.15792
1.14423
1.14084
1.09577
0.938564
0.989337
0.909605
0.914319
1.02594
0.970641
0.914947
0.914957
0.90703
0.970918
0.916875
0.910098
0.919309
0.929731
0.913221
0.919075
0.918555
0.918512
0.914417
0.915848
0.911129
0.915423
0.906616
0.928663
0.935901
0.912676
0.912543
0.919076
0.916713
0.92061
0.923907
0.909511
0.914824
0.936685
0.913368
0.917982
0.914148
0.911347
0.912578
0.915883
0.920358
0.905347
0.919721
0.915048
0.914657
0.911557
0.91993
0.910773
0.916291
0.928872
0.921176
0.916553
0.918758
0.914274
0.91261
0.930199
0.910195
0.92058
0.917072
0.914191
0.912292
0.920698
0.916021
0.918126
0.922572
0.921839
0.925305
0.91404
0.918214
0.912059
0.925236
0.915778
0.924336
0.927289
0.922544
0.914974
0.917372
0.91551
0.920277
0.912839
0.910493
0.915367
0.917153
0.914885
0.918278
0.913791
0.921119
0.919531
0.919344
0.909414
0.917986
0.908356
0.920089
0.923271
0.914751
0.915725
0.916792
0.916277
0.922549
0.940149
0.91592
0.916986
0.919526
0.921958
0.915714
0.919521
0.914879
0.922399
0.918474
0.922896
0.914132
0.913707
0.91562
0.926898
0.916868
0.938719
0.913416
0.913328
0.917936
0.931928
0.916103
0.92479
0.914821
0.910777
0.915833
0.917309
0.911544
0.913422
0.911901
0.921146
0.91675
0.925232
0.928123
0.914175
0.903449
0.912235
0.924848
0.908379
0.911038
0.921623
0.906574
0.921002
0.914641
0.90252
0.907775
0.911232
0.904637
0.914787
0.909507
0.916623
0.905493
0.910964
0.915532
0.91369
0.914959
0.912956
0.899163
0.905958
0.912903
0.91399
0.907866
0.919096
0.908506
0.911028
0.910851
0.903289
0.903425
0.901506
0.916378
0.904248
0.909244
0.903164
0.911426
0.899472
0.912932
0.908932
0.90165
0.900891
0.907154
0.906099
0.911879
0.903332
0.906544
0.907538
0.909463
0.903548
0.911752
0.912363
0.924551
0.914085
0.904911
0.90886
0.90586
0.91255
0.904765
0.912134
0.902326
0.907473
0.900395
0.909332
0.907452
0.918716
0.901067
0.910258
0.907185
0.904755
0.905032
0.909421
0.909885
0.909042
0.90828
0.905421
0.908206
0.907318
0.910936
0.906512
0.905585
0.910725
0.905151
0.913243
0.907004
0.916937
0.923304
0.904383
0.908005
0.903833
0.920092
0.917295
0.903904
0.914145
0.914121
0.929488
0.903323
0.901303
0.911807
0.903361
0.905293
0.904221
0.904447
0.909149
0.905538
0.918284
0.908542
0.910958
0.910037
0.90162
0.91042
0.919808
0.917467
0.90149
0.903706
0.912585
0.900782
0.913905
0.9053
0.905299
0.905242
0.908622
0.90682
0.907798
0.904792
0.905781
0.908436
0.913091
0.933203
0.915478
0.90573
0.909329
0.91052
0.900392
0.9043
0.910457
0.906887
0.908944
0.903355
0.908872
0.900353
0.902499
0.905027
0.917263
0.906844
0.906371
0.906265
0.907847
0.894845
0.895223
0.907043
0.906932
0.903198
0.900708
0.895164
0.901873
0.902085
0.896149
0.913393
0.902177
0.906529
0.897505
0.909776
0.905874
0.904551
0.896261
0.905976
0.899576
0.902843
0.898028
0.905315
0.923741
0.901242
0.905929
0.907048
0.906187
0.902662
0.900815
0.906492
0.905073
0.906197
0.904284
0.906705
0.912326
0.910985
0.91328
0.890986
0.894529
0.90076
0.900437
0.901235
0.896054
0.89636
0.903082
0.899899
0.901244
0.899747
0.907647
0.914378
0.899439
0.89414
0.900195
0.896197
0.900936
0.892581
0.894991
0.902346
0.88934
0.895282
0.890413
0.901177
0.898446
0.893938
0.895985
0.902818
0.888627
0.898014
0.893623
0.896589
0.895261
0.897934
0.888749
0.898398
0.898407
0.9002
0.912265
0.895033
0.894351
0.904734
0.892035
0.90622
0.896883
0.901416
0.89217
0.899394
0.89096
0.902612
0.90611
0.913548
0.898416
0.893956
0.903603
0.887225
0.895433
0.8941
0.895151
0.89496
0.890429
0.896433
0.891315
0.897691
0.901546
0.899214
0.899007
0.890468
0.896559
0.902837
0.893088
0.890362
0.901716
0.912231
0.910024
0.899892
0.88934
0.893418
0.844226
0.836013
0.832481
0.837083
0.832009
0.844535
0.84261
0.842517
0.83535
0.839057
0.840739
0.832317
0.83837
0.841193
0.832902
0.839007
0.841095
0.834052
0.858215
0.830093
0.830786
0.839683
0.835541
0.837226
0.832948
0.838469
0.829214
0.841599
0.834507
0.840699
0.835845
0.833383
0.842102
0.834387
0.839767
0.849619
0.86147
0.838582
0.840193
0.837019
0.84051
0.829215
0.836232
0.829782
0.846564
0.836956
0.835915
0.834013
0.834997
0.835262
0.840864
0.828378
0.829996
0.8475
0.842924
0.831704
0.830486
0.833061
0.83649
0.838114
0.841579
0.832799
0.835643
0.841618
0.838019
0.836073
0.838413
0.848814
0.843321
0.835714
0.83367
0.834905
0.8321
0.857095
0.858588
0.839724
0.83477
0.829937
0.833114
0.853723
0.843515
0.833476
0.827996
0.831665
0.830925
0.826834
0.829932
0.840228
0.83225
0.833323
0.827542
0.833609
0.828218
0.827913
0.830774
0.832349
0.827884
0.820049
0.827411
0.836381
0.840604
0.842466
0.833068
0.828833
0.830331
0.832624
0.836781
0.824241
0.831482
0.826097
0.823973
0.830021
0.825733
0.823553
0.830312
0.845411
0.824845
0.830537
0.825449
0.82327
0.830913
0.825451
0.822955
0.830022
0.820313
0.817306
0.824695
0.820277
0.817703
0.829892
0.833648
0.818194
0.824573
0.820273
0.818179
0.825062
0.819529
0.817244
0.82452
0.820335
0.818306
0.824438
0.820184
0.818087
0.826799
0.820968
0.819717
0.824382
0.819805
0.817756
0.82523
0.819846
0.817385
0.824697
0.820236
0.817874
0.824816
0.82041
0.819523
0.842007
0.819919
0.818013
0.824794
0.819968
0.817926
0.824737
0.82012
0.817641
0.824473
0.820177
0.817928
0.825346
0.820037
0.820868
0.841856
0.820773
0.818095
0.825334
0.820251
0.817964
0.827803
0.820154
0.817682
0.825096
0.820094
0.817582
0.824791
0.820462
0.826447
0.836029
0.820268
0.818248
0.824673
0.820034
0.8181
0.825125
0.819885
0.817371
0.824661
0.820287
0.819816
0.824877
0.820655
0.818676
0.824569
0.820121
0.817949
0.825764
0.81979
0.817711
0.825044
0.820051
0.817595
0.824836
0.820402
0.817662
0.824581
0.82652
0.83159
0.824679
0.820349
0.818329
0.824808
0.820199
0.817983
0.825417
0.819947
0.818013
0.824571
0.820915
0.81794
0.824897
0.823297
0.835315
0.825004
0.820143
0.818311
0.825059
0.820071
0.817693
0.825364
0.819883
0.817271
0.825109
0.821015
0.817707
0.827064
0.836849
0.817974
0.824789
0.820286
0.817881
0.819199
0.816759
0.812941
0.819541
0.814673
0.812523
0.819497
0.81509
0.812159
0.820063
0.815972
0.812482
0.81955
0.814846
0.812325
0.819425
0.814715
0.812514
0.820003
0.814443
0.812032
0.819174
0.815331
0.811974
0.822426
0.829023
0.812488
0.819562
0.814586
0.812816
0.819231
0.814577
0.81262
0.819632
0.814482
0.811917
0.819456
0.814959
0.812858
0.822141
0.831812
0.813362
0.819379
0.814853
0.812865
0.819462
0.814627
0.812733
0.819424
0.814624
0.811943
0.819142
0.815044
0.812746
0.836838
0.815164
0.812436
0.819428
0.815163
0.81316
0.819333
0.809272
0.807405
0.813948
0.809379
0.806839
0.813591
0.809229
0.807158
0.814008
0.80987
0.806725
0.814534
0.809584
0.807142
0.815769
0.809026
0.807527
0.814278
0.80882
0.806655
0.813984
0.809341
0.806608
0.813899
0.809367
0.806799
0.817264
0.823605
0.807046
0.81443
0.809656
0.807076
0.814169
0.808938
0.806559
0.815495
0.809437
0.806972
0.813897
0.809325
0.807396
0.814071
0.809437
0.807503
0.815341
0.828321
0.807107
0.814245
0.809793
0.806665
0.813907
0.810071
0.806688
0.813954
0.809636
0.807114
0.814159
0.809661
0.807334
0.814236
0.809549
0.807226
0.814111
0.815634
0.818351
0.813933
0.809661
0.807184
0.813953
0.80931
0.806863
0.813823
0.809658
0.807517
0.814694
0.809392
0.807224
0.814657
0.808809
0.80678
0.814067
0.8096
0.807729
0.81383
0.809529
0.807508
0.813788
0.809259
0.809105
0.813866
0.809461
0.807463
0.814423
0.809073
0.80699
0.814137
0.809439
0.807389
0.814218
0.809382
0.80679
0.81412
0.809371
0.807224
0.814261
0.809134
0.806852
0.814752
0.808978
0.807041
0.814211
0.810295
0.823045
0.808209
0.804244
0.801742
0.808831
0.804453
0.801489
0.808561
0.803675
0.80179
0.809363
0.804
0.801495
0.809524
0.805845
0.820368
0.810357
0.803848
0.801786
0.808552
0.803749
0.801443
0.80915
0.803493
0.801765
0.809038
0.803939
0.800665
0.808742
0.80789
0.815447
0.808639
0.804096
0.80165
0.808784
0.804339
0.801556
0.808669
0.803794
0.80194
0.808914
0.803593
0.801239
0.808728
0.80398
0.802723
0.808559
0.804005
0.801551
0.808622
0.805354
0.801738
0.80828
0.804066
0.801979
0.808941
0.803794
0.801159
0.808572
0.806595
0.815761
0.808386
0.80404
0.801646
0.808559
0.803992
0.802305
0.808572
0.803606
0.801824
0.808804
0.806895
0.803099
0.807968
0.806724
0.819133
0.809121
0.798835
0.796817
0.803178
0.798681
0.79633
0.803946
0.798519
0.79642
0.803763
0.798243
0.796021
0.803893
0.802992
0.808814
0.803792
0.798702
0.796046
0.803411
0.798667
0.796108
0.803647
0.798236
0.796554
0.803055
0.798346
0.795896
0.803565
0.798918
0.797587
0.803036
0.798697
0.796226
0.803376
0.799267
0.796024
0.803509
0.79843
0.796098
0.803356
0.798421
0.795744
0.803126
0.799988
0.8118
0.803273
0.799068
0.796088
0.80341
0.800352
0.797901
0.803175
0.798489
0.796563
0.80316
0.798078
0.796223
0.803204
0.800004
0.815701
0.802967
0.798577
0.796295
0.802714
0.798782
0.79762
0.803194
0.798002
0.796596
0.803377
0.798282
0.796031
0.803103
0.800673
0.811339
0.80349
0.798686
0.796791
0.803325
0.798558
0.796516
0.803467
0.79888
0.796135
0.803527
0.798176
0.79631
0.803323
0.798469
0.797323
0.803461
0.798473
0.790579
0.797588
0.793139
0.790728
0.798412
0.793227
0.790584
0.798063
0.793017
0.790138
0.797756
0.793698
0.793748
0.811371
0.793592
0.790638
0.798178
0.793219
0.79065
0.797987
0.792961
0.791057
0.797992
0.793202
0.790353
0.797945
0.793259
0.794041
0.815078
0.794227
0.790945
0.798596
0.79343
0.792896
0.797885
0.793133
0.791132
0.798383
0.792865
0.790782
0.797767
0.793318
0.797673
0.808688
0.793761
0.790698
0.798054
0.793425
0.790837
0.797945
0.793043
0.790868
0.798019
0.793395
0.790826
0.797529
0.79364
0.791119
0.798152
0.793539
0.790484
0.798188
0.793465
0.791036
0.798299
0.793052
0.790581
0.798086
0.792517
0.790602
0.798642
0.795849
0.79042
0.797349
0.794097
0.790879
0.80097
0.807289
0.790863
0.797913
0.793401
0.790479
0.798049
0.792931
0.790577
0.797689
0.793335
0.785463
0.792236
0.788556
0.785363
0.792932
0.788111
0.785837
0.792557
0.790759
0.802914
0.792582
0.787925
0.785936
0.792619
0.788177
0.785239
0.792523
0.788627
0.785439
0.792639
0.787825
0.787047
0.792624
0.78778
0.785218
0.792636
0.787697
0.789279
0.806124
0.788402
0.785008
0.793092
0.788359
0.785248
0.792556
0.788162
0.785658
0.794773
0.787985
0.785305
0.792676
0.787758
0.784929
0.79255
0.788325
0.785171
0.792612
0.788721
0.785241
0.792722
0.787939
0.785197
0.792943
0.78773
0.785322
0.79273
0.787724
0.785204
0.792589
0.789136
0.785288
0.792438
0.788474
0.785612
0.793518
0.788243
0.785498
0.792786
0.788135
0.785196
0.792653
0.787331
0.785355
0.792502
0.787978
0.785388
0.792479
0.790921
0.799305
0.792875
0.788003
0.78543
0.793343
0.787997
0.785481
0.792829
0.787441
0.785058
0.792937
0.788175
0.785153
0.792498
0.791125
0.797658
0.787535
0.782623
0.779768
0.788231
0.784124
0.780249
0.787424
0.783694
0.779759
0.786982
0.783042
0.779817
0.786771
0.783025
0.797331
0.78752
0.782979
0.780033
0.787319
0.782441
0.779955
0.787747
0.782231
0.779643
0.787442
0.785653
0.780089
0.786975
0.783138
0.781166
0.787942
0.782736
0.780578
0.787248
0.782527
0.779851
0.787247
0.782171
0.779768
0.786815
0.782693
0.779984
0.787511
0.782934
0.78281
0.801484
0.782482
0.779657
0.787274
0.782281
0.780078
0.78724
0.782079
0.779771
0.787333
0.782699
0.779982
0.786804
0.782693
0.780064
0.794978
0.794942
0.779963
0.787445
0.782576
0.780081
0.787799
0.782244
0.779845
0.787311
0.782359
0.779803
0.786914
0.78292
0.780129
0.793354
0.794414
0.781794
0.787277
0.782086
0.780942
0.787618
0.782518
0.780019
0.786733
0.782546
0.774303
0.781613
0.778075
0.774464
0.783553
0.777945
0.774444
0.781938
0.777132
0.774421
0.782151
0.776801
0.774635
0.781411
0.777104
0.774417
0.781765
0.778327
0.774539
0.78198
0.779683
0.788687
0.781679
0.777085
0.774297
0.781733
0.776954
0.774717
0.781664
0.77737
0.77469
0.781701
0.778898
0.774848
0.781957
0.778434
0.79363
0.781781
0.777061
0.774699
0.78203
0.776562
0.774281
0.781581
0.7772
0.774283
0.781609
0.777332
0.7742
0.78192
0.777027
0.782726
0.79137
0.777038
0.774495
0.782555
0.776828
0.774192
0.78161
0.777213
0.774226
0.781699
0.778551
0.774633
0.781592
0.777067
0.775359
0.782082
0.777233
0.77448
0.781912
0.778653
0.773825
0.781941
0.777252
0.774159
0.781494
0.777406
0.774517
0.782058
0.777166
0.774705
0.781852
0.777179
0.774387
0.782253
0.78061
0.787243
0.782079
0.777225
0.774621
0.781631
0.779952
0.774905
0.776595
0.77209
0.768855
0.776403
0.771422
0.769476
0.7775
0.771406
0.768836
0.776281
0.771658
0.771829
0.79334
0.772098
0.769254
0.776543
0.77175
0.769161
0.776502
0.771952
0.768715
0.776702
0.77123
0.76891
0.776546
0.77167
0.768964
0.776345
0.772037
0.769095
0.776704
0.781864
0.776547
0.776682
0.771807
0.76916
0.776511
0.774517
0.769313
0.776335
0.771805
0.768838
0.776382
0.77232
0.769328
0.776812
0.771425
0.769375
0.776865
0.771581
0.769703
0.777169
0.771548
0.769041
0.77658
0.77493
0.768819
0.776132
0.772312
0.769209
0.776582
0.771863
0.769105
0.776575
0.771494
0.769789
0.776998
0.771322
0.769469
0.776232
0.779275
0.779773
0.776128
0.772093
0.769443
0.776502
0.771738
0.769287
0.776479
0.771368
0.769214
0.776611
0.771293
0.768812
0.77676
0.771624
0.769217
0.776086
0.772264
0.771867
0.793919
0.772095
0.769234
0.777783
0.771548
0.768939
0.77675
0.771228
0.763609
0.770803
0.766452
0.763703
0.770995
0.766673
0.764147
0.771363
0.76638
0.763804
0.771298
0.776672
0.771524
0.771329
0.765884
0.763926
0.770652
0.766574
0.763431
0.77107
0.766713
0.763462
0.771289
0.766535
0.764261
0.771144
0.766135
0.763663
0.770654
0.766221
0.763954
0.771288
0.766429
0.763026
0.772219
0.767167
0.763939
0.770889
0.766524
0.763535
0.771285
0.765993
0.763837
0.771229
0.766209
0.764845
0.770878
0.766432
0.763571
0.77083
0.76947
0.778178
0.771113
0.766644
0.763539
0.773145
0.766291
0.763208
0.771228
0.765536
0.763651
0.770775
0.766049
0.763256
0.771426
0.766301
0.763404
0.771197
0.766512
0.765244
0.790002
0.766068
0.763482
0.77104
0.768592
0.763584
0.770984
0.766263
0.763543
0.77084
0.766585
0.763763
0.77095
0.766205
0.763738
0.770803
0.766156
0.763866
0.771087
0.772598
0.77481
0.771793
0.766586
0.763394
0.770625
0.766871
0.763571
0.772691
0.76651
0.76335
0.765833
0.760693
0.758024
0.765924
0.760785
0.75843
0.765599
0.761052
0.757912
0.766508
0.762049
0.758509
0.765767
0.764179
0.758476
0.765718
0.760896
0.759175
0.766153
0.760768
0.75807
0.765546
0.760994
0.758377
0.7657
0.761301
0.758637
0.765702
0.761039
0.757997
0.765735
0.760917
0.758217
0.766151
0.760697
0.757897
0.765325
0.760939
0.75794
0.766047
0.762679
0.773754
0.765482
0.762358
0.758142
0.765956
0.761035
0.758051
0.765934
0.760621
0.758393
0.765615
0.761348
0.757875
0.765408
0.760818
0.76089
0.783405
0.761229
0.758397
0.765809
0.760665
0.758077
0.766548
0.760582
0.758391
0.765538
0.760986
0.758163
0.765708
0.761126
0.758375
0.772156
0.772583
0.758265
0.766169
0.760947
0.758278
0.765918
0.76048
0.758217
0.765273
0.761166
0.758014
0.765399
0.761069
0.758055
0.765912
0.762293
0.760043
0.765565
0.760645
0.760625
0.765701
0.760739
0.758548
0.765596
0.760903
0.757945
0.765332
0.761356
0.75255
0.760527
0.755375
0.75306
0.760276
0.755472
0.753221
0.766265
0.766085
0.752773
0.75996
0.75638
0.753143
0.760518
0.75893
0.752795
0.76028
0.75552
0.752943
0.760311
0.755666
0.75282
0.760554
0.755264
0.752546
0.760168
0.755421
0.772339
0.76063
0.755885
0.754173
0.760177
0.755514
0.753272
0.760558
0.75535
0.75285
0.760344
0.755176
0.752892
0.760143
0.755284
0.752433
0.759854
0.755969
0.75281
0.762443
0.771109
0.753207
0.760148
0.755373
0.752869
0.760452
0.755323
0.752448
0.76005
0.755633
0.752668
0.760218
0.755385
0.753257
0.759975
0.755586
0.753164
0.759919
0.75554
0.753261
0.761329
0.755055
0.752689
0.760921
0.755892
0.752514
0.760235
0.756544
0.752568
0.76015
0.755402
0.753031
0.760067
0.755323
0.752748
0.760287
0.754954
0.752955
0.759727
0.758255
0.767092
0.760123
0.756029
0.753016
0.760168
0.755509
0.752739
0.760284
0.755454
0.752946
0.760166
0.755216
0.752713
0.760259
0.755823
0.747426
0.754685
0.750353
0.747173
0.757714
0.767686
0.747587
0.754726
0.752143
0.747191
0.754829
0.749622
0.747577
0.754302
0.749867
0.747309
0.754728
0.750288
0.747393
0.755024
0.749859
0.747235
0.75503
0.749922
0.75227
0.767875
0.750057
0.747294
0.754733
0.750496
0.747206
0.754881
0.750708
0.747355
0.754861
0.749931
0.74771
0.754972
0.750494
0.747466
0.75498
0.749958
0.74711
0.754708
0.750684
0.747818
0.754531
0.751193
0.748479
0.75483
0.750126
0.747506
0.756059
0.749895
0.747427
0.755073
0.749482
0.747389
0.754715
0.750227
0.746881
0.754681
0.750567
0.747438
0.754679
0.75037
0.747364
0.754956
0.750887
0.751594
0.754797
0.74982
0.747834
0.754632
0.75004
0.747083
0.756107
0.765757
0.747283
0.755086
0.750245
0.747583
0.754973
0.750139
0.747218
0.754869
0.749689
0.748347
0.75424
0.750341
0.747136
0.754823
0.751866
0.766374
0.754773
0.750191
0.747928
0.749561
0.744571
0.742728
0.749691
0.744271
0.74184
0.748858
0.744661
0.742566
0.749029
0.745136
0.74176
0.767117
0.74485
0.742165
0.749404
0.74468
0.741539
0.749417
0.744658
0.741946
0.7492
0.745385
0.741692
0.749238
0.745003
0.742063
0.749563
0.745863
0.742049
0.749427
0.746148
0.741976
0.749225
0.744072
0.742319
0.749428
0.744679
0.741943
0.749453
0.745088
0.742177
0.750175
0.744519
0.745072
0.763135
0.74476
0.742102
0.749986
0.744764
0.741966
0.749144
0.744887
0.741564
0.749435
0.745339
0.742082
0.749545
0.744887
0.741858
0.75206
0.762128
0.741848
0.74973
0.744715
0.741697
0.74933
0.744761
0.742124
0.749284
0.745051
0.742717
0.749233
0.745127
0.741874
0.750185
