-0.921347
-0.895783
-0.87233
-0.850765
-0.830885
-0.812515
-0.795497
-0.779693
-0.764979
-0.751249
-0.738404
-0.72636
-0.715039
-0.704376
-0.694309
-0.684786
-0.675757
-0.667182
-0.659022
-0.651242
-0.643812
-0.636706
-0.629898
-0.623366
-0.617091
-0.611054
-0.60524
-0.599633
-0.594221
-0.588991
-0.583933
-0.579037
-0.574293
-0.569693
-0.565229
-0.560895
-0.556684
-0.55259
-0.548607
-0.544732
-0.540958
-0.537281
-0.533698
-0.530204
-0.526796
-0.523471
-0.520226
-0.517057
-0.513962
-0.510939
-0.507984
-0.505096
-0.502271
-0.49951
-0.496808
-0.494165
-0.491589
-0.489105
-0.486668
-0.484278
-0.481933
-0.479633
-0.477377
-0.475163
-0.472991
-0.470861
-0.46877
-0.466719
-0.464706
-0.462731
-0.460792
-0.45889
-0.457022
-0.455189
-0.45339
-0.451623
-0.449889
-0.448186
-0.446513
-0.444871
-0.443258
-0.441674
-0.440118
-0.438589
-0.437087
-0.435611
-0.434161
-0.432737
-0.431336
-0.42996
-0.428608
-0.427278
-0.425971
-0.424686
-0.423423
-0.422181
-0.420959
-0.419758
-0.418577
-0.417415
-0.416272
-0.415148
-0.414042
-0.412954
-0.411884
-0.410831
-0.409794
-0.408775
-0.407771
-0.406784
-0.405812
-0.404855
-0.403913
-0.402986
-0.402074
-0.401175
-0.400291
-0.39942
-0.398562
-0.397718
-0.396886
-0.396067
-0.39526
-0.394466
-0.393684
-0.392913
-0.392154
-0.391406
-0.390669
-0.389943
-0.389228
-0.388523
-0.387829
-0.387145
-0.38647
-0.385806
-0.385151
-0.384506
-0.38387
-0.383243
-0.382625
-0.382016
-0.381416
-0.380824
-0.380241
-0.379666
-0.379099
-0.37854
-0.377988
-0.377445
-0.376909
-0.376381
-0.37586
-0.375346
-0.374839
-0.374339
-0.373847
-0.37336
-0.372881
-0.372408
-0.371942
-0.371482
-0.371028
-0.37058
-0.370139
-0.369703
-0.369273
-0.368849
-0.368431
-0.368019
-0.367611
-0.36721
-0.366813
-0.366422
-0.366036
-0.365655
-0.365279
-0.364909
-0.364543
-0.364182
-0.363825
-0.363473
-0.363126
-0.362784
-0.362445
-0.362112
-0.361782
-0.361457
-0.361136
-0.360819
-0.360506
-0.360198
-0.359893
-0.359592
-0.359295
-0.359002
-0.358712
-0.358427
-0.358145
-0.357866
-0.357591
-0.357319
-0.357051
-0.356787
-0.356525
-0.356267
-0.356012
-0.355761
-0.355512
-0.355267
-0.355025
-0.354786
-0.354549
-0.354316
-0.354086
-0.353858
-0.353633
-0.353411
-0.353192
-0.352976
-0.352762
-0.352551
-0.352342
-0.352136
-0.351933
-0.351732
-0.351533
-0.351337
-0.351144
-0.350952
-0.350763
-0.350577
-0.350392
-0.35021
-0.35003
-0.349853
-0.349677
-0.349504
-0.349332
-0.349163
-0.348996
-0.348831
-0.348668
-0.348507
-0.348347
-0.34819
-0.348034
-0.347881
-0.347729
-0.347579
-0.347431
-0.347285
-0.34714
-0.346997
-0.346856
-0.346717
-0.346579
-0.346443
-0.346308
-0.346175
-0.346044
-0.345914
-0.345786
-0.345659
-0.345534
-0.34541
-0.345288
-0.345167
-0.345047
-0.344929
-0.344813
-0.344698
-0.344584
-0.344471
-0.34436
-0.34425
-0.344141
-0.344034
-0.343928
-0.343823
-0.34372
-0.343617
-0.343516
-0.343416
-0.343317
-0.34322
-0.343123
-0.343028
-0.342933
-0.34284
-0.342748
-0.342657
-0.342567
-0.342478
-0.34239
-0.342303
-0.342217
-0.342133
-0.342049
-0.341966
-0.341884
-0.341803
-0.341723
-0.341644
-0.341565
-0.341488
-0.341412
-0.341336
-0.341262
-0.341188
-0.341115
-0.341043
-0.340971
-0.340901
-0.340831
-0.340763
-0.340694
-0.340627
-0.340561
-0.340495
-0.34043
-0.340366
-0.340302
-0.34024
-0.340177
-0.340116
-0.340056
-0.339996
-0.339936
-0.339878
-0.33982
-0.339763
-0.339706
-0.33965
-0.339595
-0.33954
-0.339486
-0.339433
-0.33938
-0.339328
-0.339276
-0.339225
-0.339175
-0.339125
-0.339075
-0.339027
-0.338979
-0.338931
-0.338884
-0.338837
-0.338791
-0.338746
-0.338701
-0.338656
-0.338612
-0.338569
-0.338526
-0.338483
-0.338441
-0.3384
-0.338359
-0.338318
-0.338278
-0.338238
-0.338199
-0.33816
-0.338122
-0.338084
-0.338047
-0.338009
-0.337973
-0.337937
-0.337901
-0.337865
-0.33783
-0.337796
-0.337761
-0.337728
-0.337694
-0.337661
-0.337628
-0.337596
-0.337564
-0.337532
-0.337501
-0.33747
-0.33744
-0.337409
-0.33738
-0.33735
-0.337321
-0.337292
-0.337263
-0.337235
-0.337207
-0.33718
-0.337152
-0.337125
-0.337099
-0.337072
-0.337046
-0.33702
-0.336995
-0.33697
-0.336945
-0.33692
-0.336896
-0.336872
-0.336848
-0.336824
-0.336801
-0.336778
-0.336755
-0.336733
-0.33671
-0.336688
-0.336666
-0.336645
-0.336624
-0.336603
-0.336582
-0.336561
-0.336541
-0.336521
-0.336501
-0.336481
-0.336462
-0.336442
-0.336423
-0.336405
-0.336386
-0.336368
-0.336349
-0.336331
-0.336314
-0.336296
-0.336279
-0.336261
-0.336244
-0.336228
-0.336211
-0.336194
-0.336178
-0.336162
-0.336146
-0.33613
-0.336115
-0.3361
-0.336084
-0.336069
-0.336054
-0.33604
-0.336025
-0.336011
-0.335997
-0.335983
-0.335969
-0.335955
-0.335941
-0.335928
-0.335915
-0.335901
-0.335888
-0.335876
-0.335863
-0.33585
-0.335838
-0.335826
-0.335813
-0.335801
-0.33579
-0.335778
-0.335766
-0.335755
-0.335743
-0.335732
-0.335721
-0.33571
-0.335699
-0.335688
-0.335678
-0.335667
-0.335657
-0.335646
-0.335636
-0.335626
-0.335616
-0.335606
-0.335597
-0.335587
-0.335578
-0.335568
-0.335559
-0.33555
-0.335541
-0.335532
-0.335523
-0.335514
-0.335505
-0.335497
-0.335488
-0.33548
-0.335471
-0.335463
-0.335455
-0.335447
-0.335439
-0.335431
-0.335423
-0.335416
-0.335408
-0.335401
-0.335393
-0.335386
-0.335378
-0.335371
-0.335364
-0.335357
-0.33535
-0.335343
-0.335336
-0.33533
-0.335323
-0.335316
-0.33531
-0.335304
-0.335297
-0.335291
-0.335285
-0.335278
-0.335272
-0.335266
-0.33526
-0.335254
-0.335249
-0.335243
-0.335237
-0.335232
-0.335226
-0.33522
-0.335215
-0.33521
-0.335204
-0.335199
-0.335194
-0.335189
-0.335183
-0.335178
-0.335173
-0.335169
-0.335164
-0.335159
-0.335154
-0.335149
-0.335145
-0.33514
-0.335135
-0.335131
-0.335126
-0.335122
-0.335118
-0.335113
-0.335109
-0.335105
-0.335101
-0.335096
-0.335092
-0.335088
-0.335084
-0.33508
-0.335076
-0.335073
-0.335069
-0.335065
-0.335061
-0.335058
-0.335054
-0.33505
-0.335047
-0.335043
-0.33504
-0.335036
-0.335033
-0.335029
-0.335026
-0.335023
-0.335019
-0.335016
-0.335013
-0.33501
-0.335007
-0.335003
-0.335
-0.334997
-0.334994
-0.334991
-0.334988
-0.334985
-0.334983
-0.33498
-0.334977
-0.334974
-0.334971
-0.334969
-0.334966
-0.334963
-0.334961
-0.334958
-0.334956
-0.334953
-0.33495
-0.334948
-0.334945
-0.334943
-0.334941
-0.334938
-0.334936
-0.334934
-0.334931
-0.334929
-0.334927
-0.334924
-0.334922
-0.33492
-0.334918
-0.334916
-0.334914
-0.334912
-0.334909
-0.334907
-0.334905
-0.334903
-0.334901
-0.334899
-0.334897
-0.334896
-0.334894
-0.334892
-0.33489
-0.334888
-0.334886
-0.334884
-0.334883
-0.334881
-0.334879
-0.334877
-0.334876
-0.334874
-0.334872
-0.334871
-0.334869
-0.334867
-0.334866
-0.334864
-0.334863
-0.334861
-0.33486
-0.334858
-0.334857
-0.334855
-0.334854
-0.334852
-0.334851
-0.334849
-0.334848
-0.334847
-0.334845
-0.334844
-0.334843
-0.334841
-0.33484
-0.334839
-0.334837
-0.334836
-0.334835
-0.334834
-0.334832
-0.334831
-0.33483
-0.334829
-0.334828
-0.334826
-0.334825
-0.334824
-0.334823
-0.334822
-0.334821
-0.33482
-0.334819
-0.334817
-0.334816
-0.334815
-0.334814
-0.334813
-0.334812
-0.334811
-0.33481
-0.334809
-0.334808
-0.334807
-0.334806
-0.334805
-0.334805
-0.334804
-0.334803
-0.334802
-0.334801
-0.3348
-0.334799
-0.334798
-0.334797
-0.334797
-0.334796
-0.334795
-0.334794
-0.334793
-0.334792
-0.334792
-0.334791
-0.33479
-0.334789
-0.334789
-0.334788
-0.334787
-0.334786
-0.334786
-0.334785
-0.334784
-0.334783
-0.334783
-0.334782
-0.334781
-0.334781
-0.33478
-0.334779
-0.334779
-0.334778
-0.334777
-0.334777
-0.334776
-0.334776
-0.334775
-0.334774
-0.334774
-0.334773
-0.334772
-0.334772
-0.334771
-0.334771
-0.33477
-0.33477
-0.334769
-0.334769
-0.334768
-0.334767
-0.334767
-0.334766
-0.334766
-0.334765
-0.334765
-0.334764
-0.334764
-0.334763
-0.334763
-0.334762
-0.334762
-0.334761
-0.334761
-0.33476
-0.33476
-0.33476
-0.334759
-0.334759
-0.334758
-0.334758
-0.334757
-0.334757
-0.334756
-0.334756
-0.334756
-0.334755
-0.334755
-0.334754
-0.334754
-0.334754
-0.334753
-0.334753
-0.334752
-0.334752
-0.334752
-0.334751
-0.334751
-0.334751
-0.33475
-0.33475
-0.334749
-0.334749
-0.334749
-0.334748
-0.334748
-0.334748
-0.334747
-0.334747
-0.334747
-0.334746
-0.334746
-0.334746
-0.334745
-0.334745
-0.334745
-0.334745
-0.334744
-0.334744
-0.334744
-0.334743
-0.334743
-0.334743
-0.334742
-0.334742
-0.334742
-0.334742
-0.334741
-0.334741
-0.334741
-0.334741
-0.33474
-0.33474
-0.33474
-0.334739
-0.334739
-0.334739
-0.334739
-0.334738
-0.334738
-0.334738
-0.334738
-0.334738
-0.334737
-0.334737
-0.334737
-0.334737
-0.334736
-0.334736
-0.334736
-0.334736
-0.334735
-0.334735
-0.334735
-0.334735
-0.334735
-0.334734
-0.334734
-0.334734
-0.334734
-0.334734
-0.334733
-0.334733
-0.334733
-0.334733
-0.334733
-0.334732
-0.334732
-0.334732
-0.334732
-0.334732
-0.334732
-0.334731
-0.334731
-0.334731
-0.334731
-0.334731
-0.33473
-0.33473
-0.33473
-0.33473
-0.33473
-0.33473
-0.334729
-0.334729
-0.334729
-0.334729
-0.334729
-0.334729
-0.334729
-0.334728
-0.334728
-0.334728
-0.334728
-0.334728
-0.334728
-0.334728
-0.334727
-0.334727
-0.334727
-0.334727
-0.334727
-0.334727
-0.334727
-0.334726
-0.334726
-0.334726
-0.334726
-0.334726
-0.334726
-0.334726
-0.334725
-0.334725
-0.334725
-0.334725
-0.334725
-0.334725
-0.334725
-0.334725
-0.334725
-0.334724
-0.334724
-0.334724
-0.334724
-0.334724
-0.334724
-0.334724
-0.334724
-0.334723
-0.334723
-0.334723
-0.334723
-0.334723
-0.334723
-0.334723
-0.334723
-0.334723
-0.334723
-0.334722
-0.334722
-0.334722
-0.334722
-0.334722
-0.334722
-0.334722
-0.334722
-0.334722
-0.334722
-0.334721
-0.334721
-0.334721
-0.334721
-0.334721
-0.334721
-0.334721
-0.334721
-0.334721
-0.334721
-0.334721
-0.33472
-0.33472
-0.33472
-0.33472
-0.33472
-0.33472
-0.33472
-0.33472
-0.33472
-0.33472
-0.33472
-0.33472
-0.334719
-0.334719
-0.334719
-0.334719
-0.334719
-0.334719
-0.334719
-0.334719
-0.334719
-0.334719
-0.334719
-0.334719
-0.334719
-0.334719
-0.334718
-0.334718
-0.334718
-0.334718
-0.334718
-0.334718
-0.334718
-0.334718
-0.334718
-0.334718
-0.334718
-0.334718
-0.334718
-0.334718
-0.334717
-0.334717
-0.334717
-0.334717
-0.334717
-0.334717
-0.334717
-0.334717
-0.334717
-0.334717
-0.334717
-0.334717
-0.334717
-0.334717
-0.334717
-0.334717
-0.334717
-0.334716
-0.334716
-0.334716
-0.334716
-0.334716
-0.334716
-0.334716
-0.334716
-0.334716
-0.334716
-0.334716
-0.334716
-0.334716
-0.334716
-0.334716
-0.334716
-0.334716
-0.334716
-0.334715
-0.334715
-0.334715
-0.334715
-0.334715
-0.334715
-0.334715
-0.334715
-0.334715
-0.334715
-0.334715
-0.334715
-0.334715
-0.334715
-0.334715
-0.334715
-0.334715
-0.334715
-0.334715
-0.334715
-0.334715
-0.334714
-0.334714
-0.334714
-0.334714
-0.334714
-0.334714
-0.334714
-0.334714
-0.334714
-0.334714
-0.334714
-0.334714
-0.334714
-0.334714
-0.334714
-0.334714
-0.334714
-0.334714
-0.334714
-0.334714
-0.334714
-0.334714
-0.334714
-0.334713
-0.334713
-0.334713
-0.334713
-0.334713
-0.334713
-0.334713
-0.334713
-0.334713
-0.334713
-0.334713
-0.334713
-0.334713
-0.334713
-0.334713
-0.334713
-0.334713
-0.334713
-0.334713
-0.334713
-0.334713
-0.334713
-0.334713
-0.334713
-0.334713
-0.334713
-0.334712
-0.334712
-0.334712
-0.334712
-0.334712
-0.334712
-0.334712
-0.334712
-0.334712
-0.334712
-0.334712
-0.334712
-0.334712
-0.334712
-0.334712
-0.334712
-0.334712
-0.334712
-0.334712
-0.334712
-0.334712
-0.334712
-0.334712
-0.334712
-0.334712
-0.334712
-0.334712
-0.334712
-0.334712
-0.334711
-0.334711
-0.334711
-0.334711
-0.334711
-0.334711
-0.334711
-0.334711
-0.334711
-0.334711
-0.334711
-0.334711
-0.334711
-0.334711
-0.334711
-0.334711
-0.334711
-0.334711
-0.334711
-0.334711
-0.334711
-0.334711
-0.334711
-0.334711
-0.334711
-0.334711
-0.334711
-0.334711
-0.334711
-0.334711
-0.334711
-0.334711
-0.334711
-0.334711
-0.33471
-0.33471
-0.33471
-0.33471
-0.33471
-0.33471
-0.33471
-0.33471
-0.33471
-0.33471
-0.33471
-0.33471
-0.33471
-0.33471
-0.33471
-0.33471
-0.33471
-0.33471
-0.33471
-0.33471
-0.33471
-0.33471
-0.33471
-0.33471
-0.33471
-0.33471
-0.33471
-0.33471
-0.33471
-0.33471
-0.33471
-0.33471
-0.33471
-0.33471
-0.33471
-0.33471
-0.33471
-0.33471
-0.334709
-0.334709
-0.334709
-0.334709
-0.334709
-0.334709
-0.334709
-0.334709
-0.334709
-0.334709
-0.334709
-0.334709
-0.334709
-0.334709
-0.334709
-0.334709
-0.334709
-0.334709
-0.334709
-0.334709
-0.334709
-0.334709
-0.334709
-0.334709
-0.334709
-0.334709
-0.334709
-0.334709
-0.334709
-0.334709
-0.334709
-0.334709
-0.334709
-0.334709
-0.334709
-0.334709
-0.334709
-0.334709
-0.334709
-0.334709
-0.334709
-0.334709
-0.334709
-0.334708
-0.334708
-0.334708
-0.334708
-0.334708
-0.334708
-0.334708
-0.334708
-0.334708
-0.334708
-0.334708
-0.334708
-0.334708
-0.334708
-0.334708
-0.334708
-0.334708
-0.334708
-0.334708
-0.334708
-0.334708
-0.334708
-0.334708
-0.334708
-0.334708
-0.334708
-0.334708
-0.334708
-0.334708
-0.334708
-0.334708
-0.334708
-0.334708
-0.334708
-0.334708
-0.334708
-0.334708
-0.334708
-0.334708
-0.334708
-0.334708
-0.334708
-0.334708
-0.334708
-0.334708
-0.334708
-0.334708
-0.334708
-0.334707
-0.334707
-0.334707
-0.334707
-0.334707
-0.334707
-0.334707
-0.334707
-0.334707
-0.334707
-0.334707
-0.334707
-0.334707
-0.334707
-0.334707
-0.334707
-0.334707
-0.334707
-0.334707
-0.334707
-0.334707
-0.334707
-0.334707
-0.334707
-0.334707
-0.334707
-0.334707
-0.334707
-0.334707
-0.334707
-0.334707
-0.334707
-0.334707
-0.334707
-0.334707
-0.334707
-0.334707
-0.334707
-0.334707
-0.334707
-0.334707
-0.334707
-0.334707
-0.334707
-0.334707
-0.334707
-0.334707
-0.334707
-0.334707
-0.334707
-0.334707
-0.334707
-0.334707
-0.334707
-0.334707
-0.334706
-0.334706
-0.334706
-0.334706
-0.334706
-0.334706
-0.334706
-0.334706
-0.334706
-0.334706
-0.334706
-0.334706
-0.334706
-0.334706
-0.334706
-0.334706
-0.334706
-0.334706
-0.334706
-0.334706
-0.334706
-0.334706
-0.334706
-0.334706
-0.334706
-0.334706
-0.334706
-0.334706
-0.334706
-0.334706
-0.334706
-0.334706
-0.334706
-0.334706
-0.334706
-0.334706
-0.334706
-0.334706
-0.334706
-0.334706
-0.334706
-0.334706
-0.334706
-0.334706
-0.334706
-0.334706
-0.334706
-0.334706
-0.334706
-0.334706
-0.334706
-0.334706
-0.334706
-0.334706
-0.334706
-0.334706
-0.334706
-0.334706
-0.334706
-0.334706
-0.334706
-0.334705
-0.334705
-0.334705
-0.334705
-0.334705
-0.334705
-0.334705
-0.334705
-0.334705
-0.334705
-0.334705
-0.334705
-0.334705
-0.334705
-0.334705
-0.334705
-0.334705
-0.334705
-0.334705
-0.334705
-0.334705
-0.334705
-0.334705
-0.334705
-0.334705
-0.334705
-0.334705
-0.334705
-0.334705
-0.334705
-0.334705
-0.334705
-0.334705
-0.334705
-0.334705
-0.334705
-0.334705
-0.334705
-0.334705
-0.334705
-0.334705
-0.334705
-0.334705
-0.334705
-0.334705
-0.334705
-0.334705
-0.334705
-0.334705
-0.334705
-0.334705
-0.334705
-0.334705
-0.334705
-0.334705
-0.334705
-0.334705
-0.334705
-0.334705
-0.334705
-0.334705
-0.334705
-0.334705
-0.334705
-0.334705
-0.334705
-0.334705
-0.334705
-0.334704
-0.334704
-0.334704
-0.334704
-0.334704
-0.334704
-0.334704
-0.334704
-0.334704
-0.334704
-0.334704
-0.334704
-0.334704
-0.334704
-0.334704
-0.334704
-0.334704
-0.334704
-0.334704
-0.334704
-0.334704
-0.334704
-0.334704
-0.334704
-0.334704
-0.334704
-0.334704
-0.334704
-0.334704
-0.334704
-0.334704
-0.334704
-0.334704
-0.334704
-0.334704
-0.334704
-0.334704
-0.334704
-0.334704
-0.334704
-0.334704
-0.334704
-0.334704
-0.334704
-0.334704
-0.334704
-0.334704
-0.334704
-0.334704
-0.334704
-0.334704
-0.334704
-0.334704
-0.334704
-0.334704
-0.334704
-0.334704
-0.334704
-0.334704
-0.334704
-0.334704
-0.334704
-0.334704
-0.334704
-0.334704
-0.334704
-0.334704
-0.334704
-0.334704
-0.334704
-0.334704
-0.334704
-0.334704
-0.334704
-0.334704
-0.334704
-0.334704
-0.334704
-0.334703
-0.334703
-0.334703
-0.334703
-0.334703
-0.334703
-0.334703
-0.334703
-0.334703
-0.334703
-0.334703
-0.334703
-0.334703
-0.334703
-0.334703
-0.334703
-0.334703
-0.334703
-0.334703
-0.334703
-0.334703
-0.334703
-0.334703
-0.334703
-0.334703
-0.334703
-0.334703
-0.334703
-0.334703
-0.334703
-0.334703
-0.334703
-0.334703
-0.334703
-0.334703
-0.334703
-0.334703
-0.334703
-0.334703
-0.334703
-0.334703
-0.334703
-0.334703
-0.334703
-0.334703
-0.334703
-0.334703
-0.334703
-0.334703
-0.334703
-0.334703
-0.334703
-0.334703
-0.334703
-0.334703
-0.334703
-0.334703
-0.334703
-0.334703
-0.334703
-0.334703
-0.334703
-0.334703
-0.334703
-0.334703
-0.334703
-0.334703
-0.334703
-0.334703
-0.334703
-0.334703
-0.334703
-0.334703
-0.334703
-0.334703
-0.334703
-0.334703
-0.334703
-0.334703
-0.334703
-0.334703
-0.334703
-0.334703
-0.334703
-0.334703
-0.334703
-0.334703
-0.334703
-0.334703
-0.334703
-0.334702
-0.334702
-0.334702
-0.334702
-0.334702
-0.334702
-0.334702
-0.334702
-0.334702
-0.334702
-0.334702
-0.334702
-0.334702
-0.334702
-0.334702
-0.334702
-0.334702
-0.334702
-0.334702
-0.334702
-0.334702
-0.334702
-0.334702
-0.334702
-0.334702
-0.334702
-0.334702
-0.334702
-0.334702
-0.334702
-0.334702
-0.334702
-0.334702
-0.334702
-0.334702
-0.334702
-0.334702
-0.334702
-0.334702
-0.334702
-0.334702
-0.334702
-0.334702
-0.334702
-0.334702
-0.334702
-0.334702
-0.334702
-0.334702
-0.334702
-0.334702
-0.334702
-0.334702
-0.334702
-0.334702
-0.334702
-0.334702
-0.334702
-0.334702
-0.334702
-0.334702
-0.334702
-0.334702
-0.334702
-0.334702
-0.334702
-0.334702
-0.334702
-0.334702
-0.334702
-0.334702
-0.334702
-0.334702
-0.334702
-0.334702
-0.334702
-0.334702
-0.334702
-0.334702
-0.334702
-0.334702
-0.334702
-0.334702
-0.334702
-0.334702
-0.334702
-0.334702
-0.334702
-0.334702
-0.334702
-0.334702
-0.334702
-0.334702
-0.334702
-0.334702
-0.334702
-0.334702
-0.334702
-0.334702
-0.334702
-0.334702
-0.334702
-0.334702
-0.334702
-0.334702
-0.334701
-0.334701
-0.334701
-0.334701
-0.334701
-0.334701
-0.334701
-0.334701
-0.334701
-0.334701
-0.334701
-0.334701
-0.334701
-0.334701
-0.334701
-0.334701
-0.334701
-0.334701
-0.334701
-0.334701
-0.334701
-0.334701
-0.334701
-0.334701
-0.334701
-0.334701
-0.334701
-0.334701
-0.334701
-0.334701
-0.334701
-0.334701
-0.334701
-0.334701
-0.334701
-0.334701
-0.334701
-0.334701
-0.334701
-0.334701
-0.334701
-0.334701
-0.334701
-0.334701
-0.334701
-0.334701
-0.334701
-0.334701
-0.334701
-0.334701
-0.334701
-0.334701
-0.334701
-0.334701
-0.334701
-0.334701
-0.334701
-0.334701
-0.334701
-0.334701
-0.334701
-0.334701
-0.334701
-0.334701
-0.334701
-0.334701
-0.334701
-0.334701
-0.334701
-0.334701
-0.334701
-0.334701
-0.334701
-0.334701
-0.334701
-0.334701
-0.334701
-0.334701
-0.334701
-0.334701
-0.334701
-0.334701
-0.334701
-0.334701
-0.334701
-0.334701
-0.334701
-0.334701
-0.334701
-0.334701
-0.334701
-0.334701
-0.334701
-0.334701
-0.334701
-0.334701
-0.334701
-0.334701
-0.334701
-0.334701
-0.334701
-0.334701
-0.334701
-0.334701
-0.334701
-0.334701
-0.334701
-0.334701
-0.334701
-0.334701
-0.334701
-0.334701
-0.334701
-0.334701
-0.334701
-0.334701
-0.334701
-0.334701
-0.334701
-0.334701
-0.334701
-0.334701
-0.334701
-0.334701
-0.334701
-0.334701
-0.3347
-0.3347
-0.3347
-0.3347
-0.3347
-0.3347
-0.3347
-0.3347
-0.3347
-0.3347
-0.3347
-0.3347
-0.3347
-0.3347
-0.3347
-0.3347
-0.3347
-0.3347
-0.3347
-0.3347
-0.3347
-0.3347
-0.3347
-0.3347
-0.3347
-0.3347
-0.3347
-0.3347
-0.3347
-0.3347
-0.3347
-0.3347
-0.3347
-0.3347
-0.3347
-0.3347
-0.3347
-0.3347
-0.3347
-0.3347
-0.3347
-0.3347
-0.3347
-0.3347
-0.3347
-0.3347
-0.3347
-0.3347
-0.3347
-0.3347
-0.3347
-0.3347
-0.3347
-0.3347
-0.3347
-0.3347
-0.3347
-0.3347
-0.3347
-0.3347
-0.3347
-0.3347
-0.3347
-0.3347
-0.3347
-0.3347
-0.3347
-0.3347
-0.3347
-0.3347
-0.3347
-0.3347
-0.3347
-0.3347
-0.3347
-0.3347
-0.3347
-0.3347
-0.3347
-0.3347
-0.3347
-0.3347
-0.3347
-0.3347
-0.3347
-0.3347
-0.3347
-0.3347
-0.3347
-0.3347
-0.3347
-0.3347
-0.3347
-0.3347
-0.3347
-0.3347
-0.3347
-0.3347
-0.3347
-0.3347
-0.3347
-0.3347
-0.3347
-0.3347
-0.3347
-0.3347
-0.3347
-0.3347
-0.3347
-0.3347
-0.3347
-0.3347
-0.3347
-0.3347
-0.3347
-0.3347
-0.3347
-0.3347
-0.3347
-0.3347
-0.3347
-0.3347
-0.3347
-0.3347
-0.3347
-0.3347
-0.3347
-0.3347
-0.3347
-0.3347
-0.3347
-0.3347
-0.3347
-0.3347
-0.3347
-0.3347
-0.3347
-0.3347
-0.3347
-0.3347
-0.3347
-0.3347
-0.3347
-0.3347
-0.3347
-0.3347
-0.3347
-0.3347
-0.3347
-0.3347
-0.3347
-0.3347
-0.3347
-0.3347
-0.3347
-0.3347
-0.3347
-0.334699
-0.334699
-0.334699
-0.334699
-0.334699
-0.334699
-0.334699
-0.334699
-0.334699
-0.334699
-0.334699
-0.334699
-0.334699
-0.334699
-0.334699
-0.334699
-0.334699
-0.334699
-0.334699
-0.334699
-0.334699
-0.334699
-0.334699
-0.334699
-0.334699
-0.334699
-0.334699
-0.334699
-0.334699
-0.334699
-0.334699
-0.334699
-0.334699
-0.334699
-0.334699
-0.334699
-0.334699
-0.334699
-0.334699
-0.334699
-0.334699
-0.334699
-0.334699
-0.334699
-0.334699
-0.334699
-0.334699
-0.334699
-0.334699
-0.334699
-0.334699
-0.334699
-0.334699
-0.334699
-0.334699
-0.334699
-0.334699
-0.334699
-0.334699
-0.334699
-0.334699
-0.334699
-0.334699
-0.334699
-0.334699
-0.334699
-0.334699
-0.334699
-0.334699
-0.334699
-0.334699
-0.334699
-0.334699
-0.334699
-0.334699
-0.334699
-0.334699
-0.334699
-0.334699
-0.334699
-0.334699
-0.334699
-0.334699
-0.334699
-0.334699
-0.334699
-0.334699
-0.334699
-0.334699
-0.334699
-0.334699
-0.334699
-0.334699
-0.334699
-0.334699
-0.334699
-0.334699
-0.334699
-0.334699
-0.334699
-0.334699
-0.334699
-0.334699
-0.334699
-0.334699
-0.334699
-0.334699
-0.334699
-0.334699
-0.334699
-0.334699
-0.334699
-0.334699
-0.334699
-0.334699
-0.334699
-0.334699
-0.334699
-0.334699
-0.334699
-0.334699
-0.334699
-0.334699
-0.334699
-0.334699
-0.334699
-0.334699
-0.334699
-0.334699
-0.334699
-0.334699
-0.334699
-0.334699
-0.334699
-0.334699
-0.334699
-0.334699
-0.334699
-0.334699
-0.334699
-0.334699
-0.334699
-0.334699
-0.334699
-0.334699
-0.334699
-0.334699
-0.334699
-0.334699
-0.334699
-0.334699
-0.334699
-0.334699
-0.334699
-0.334699
-0.334699
-0.334699
-0.334699
-0.334699
-0.334699
-0.334699
-0.334699
-0.334699
-0.334699
-0.334699
-0.334699
-0.334699
-0.334699
-0.334699
-0.334699
-0.334699
-0.334699
-0.334699
-0.334699
-0.334699
-0.334699
-0.334699
-0.334699
-0.334699
-0.334699
-0.334699
-0.334699
-0.334699
-0.334699
-0.334699
-0.334699
-0.334699
-0.334699
-0.334699
-0.334699
-0.334699
-0.334699
-0.334699
-0.334699
-0.334699
-0.334699
-0.334699
-0.334699
-0.334699
-0.334699
-0.334699
-0.334699
-0.334699
-0.334699
-0.334699
-0.334699
-0.334699
-0.334699
-0.334699
-0.334698
-0.334698
-0.334698
-0.334698
-0.334698
-0.334698
-0.334698
-0.334698
-0.334698
-0.334698
-0.334698
-0.334698
-0.334698
-0.334698
-0.334698
-0.334698
-0.334698
-0.334698
-0.334698
-0.334698
-0.334698
-0.334698
-0.334698
-0.334698
-0.334698
-0.334698
-0.334698
-0.334698
-0.334698
-0.334698
-0.334698
-0.334698
-0.334698
-0.334698
-0.334698
-0.334698
-0.334698
-0.334698
-0.334698
-0.334698
-0.334698
-0.334698
-0.334698
-0.334698
-0.334698
-0.334698
-0.334698
-0.334698
-0.334698
-0.334698
-0.334698
-0.334698
-0.334698
-0.334698
-0.334698
-0.334698
-0.334698
-0.334698
-0.334698
-0.334698
-0.334698
-0.334698
-0.334698
-0.334698
-0.334698
-0.334698
-0.334698
-0.334698
-0.334698
-0.334698
-0.334698
-0.334698
-0.334698
-0.334698
-0.334698
-0.334698
-0.334698
-0.334698
-0.334698
-0.334698
-0.334698
-0.334698
-0.334698
-0.334698
-0.334698
-0.334698
-0.334698
-0.334698
-0.334698
-0.334698
-0.334698
-0.334698
-0.334698
-0.334698
-0.334698
-0.334698
-0.334698
-0.334698
-0.334698
-0.334698
-0.334698
-0.334698
-0.334698
-0.334698
-0.334698
-0.334698
-0.334698
-0.334698
-0.334698
-0.334698
-0.334698
-0.334698
-0.334698
-0.334698
-0.334698
-0.334698
-0.334698
-0.334698
-0.334698
-0.334698
-0.334698
-0.334698
-0.334698
-0.334698
-0.334698
-0.334698
-0.334698
-0.334698
-0.334698
-0.334698
-0.334698
-0.334698
-0.334698
-0.334698
-0.334698
-0.334698
-0.334698
-0.334698
-0.334698
-0.334698
-0.334698
-0.334698
-0.334698
-0.334698
-0.334698
-0.334698
-0.334698
-0.334698
-0.334698
-0.334698
-0.334698
-0.334698
-0.334698
-0.334698
-0.334698
-0.334698
-0.334698
-0.334698
-0.334698
-0.334698
-0.334698
-0.334698
-0.334698
-0.334698
-0.334698
-0.334698
-0.334698
-0.334698
-0.334698
-0.334698
-0.334698
-0.334698
-0.334698
-0.334698
-0.334698
-0.334698
-0.334698
-0.334698
-0.334698
-0.334698
-0.334698
-0.334698
-0.334698
-0.334698
-0.334698
-0.334698
-0.334698
-0.334698
-0.334698
-0.334698
-0.334698
-0.334698
-0.334698
-0.334698
-0.334698
-0.334698
-0.334698
-0.334698
-0.334698
-0.334698
-0.334698
-0.334698
-0.334698
-0.334698
-0.334698
-0.334698
-0.334698
-0.334698
-0.334698
-0.334698
-0.334698
-0.334698
-0.334698
-0.334698
-0.334698
-0.334698
-0.334698
-0.334698
-0.334698
-0.334698
-0.334698
-0.334698
-0.334698
-0.334698
-0.334698
-0.334698
-0.334698
-0.334698
-0.334698
-0.334698
-0.334698
-0.334698
-0.334698
-0.334698
-0.334698
-0.334698
-0.334698
-0.334698
-0.334698
-0.334698
-0.334698
-0.334698
-0.334698
-0.334698
-0.334698
-0.334698
-0.334698
-0.334698
-0.334698
-0.334698
-0.334698
-0.334698
-0.334698
-0.334698
-0.334698
-0.334698
-0.334698
-0.334698
-0.334698
-0.334698
-0.334698
-0.334698
-0.334698
-0.334698
-0.334698
-0.334698
-0.334698
-0.334698
-0.334698
-0.334698
-0.334698
-0.334698
-0.334698
-0.334698
-0.334698
-0.334698
-0.334698
-0.334698
-0.334698
-0.334698
-0.334698
-0.334698
-0.334698
-0.334698
-0.334698
-0.334698
-0.334698
-0.334698
-0.334698
-0.334698
-0.334698
-0.334698
-0.334698
-0.334698
-0.334698
-0.334698
-0.334698
-0.334698
-0.334698
-0.334698
-0.334698
-0.334698
-0.334698
-0.334698
-0.334698
-0.334698
-0.334698
-0.334698
-0.334697
-0.334697
-0.334697
-0.334697
-0.334697
-0.334697
-0.334697
-0.334697
-0.334697
-0.334697
-0.334697
-0.334697
-0.334697
-0.334697
-0.334697
-0.334697
-0.334697
-0.334697
-0.334697
-0.334697
-0.334697
-0.334697
-0.334697
-0.334697
-0.334697
-0.334697
-0.334697
-0.334697
-0.334697
-0.334697
-0.334697
-0.334697
-0.334697
-0.334697
-0.334697
-0.334697
-0.334697
-0.334697
-0.334697
-0.334697
-0.334697
-0.334697
-0.334697
-0.334697
-0.334697
-0.334697
-0.334697
-0.334697
-0.334697
-0.334697
-0.334697
-0.334697
-0.334697
-0.334697
-0.334697
-0.334697
-0.334697
-0.334697
-0.334697
-0.334697
-0.334697
-0.334697
-0.334697
-0.334697
-0.334697
-0.334697
-0.334697
-0.334697
-0.334697
-0.334697
-0.334697
-0.334697
-0.334697
-0.334697
-0.334697
-0.334697
-0.334697
-0.334697
-0.334697
-0.334697
-0.334697
-0.334697
-0.334697
-0.334697
-0.334697
-0.334697
-0.334697
-0.334697
-0.334697
-0.334697
-0.334697
-0.334697
-0.334697
-0.334697
-0.334697
-0.334697
-0.334697
-0.334697
-0.334697
-0.334697
-0.334697
-0.334697
-0.334697
-0.334697
-0.334697
-0.334697
-0.334697
-0.334697
-0.334697
-0.334697
-0.334697
-0.334697
-0.334697
-0.334697
-0.334697
-0.334697
-0.334697
-0.334697
-0.334697
-0.334697
-0.334697
-0.334697
-0.334697
-0.334697
-0.334697
-0.334697
-0.334697
-0.334697
-0.334697
-0.334697
-0.334697
-0.334697
-0.334697
-0.334697
-0.334697
-0.334697
-0.334697
-0.334697
-0.334697
-0.334697
-0.334697
-0.334697
-0.334697
-0.334697
-0.334697
-0.334697
-0.334697
-0.334697
-0.334697
-0.334697
-0.334697
-0.334697
-0.334697
-0.334697
-0.334697
-0.334697
-0.334697
-0.334697
-0.334697
-0.334697
-0.334697
-0.334697
-0.334697
-0.334697
-0.334697
-0.334697
-0.334697
-0.334697
-0.334697
-0.334697
-0.334697
-0.334697
-0.334697
-0.334697
-0.334697
-0.334697
-0.334697
-0.334697
-0.334697
-0.334697
-0.334697
-0.334697
-0.334697
-0.334697
-0.334697
-0.334697
-0.334697
-0.334697
-0.334697
-0.334697
-0.334697
-0.334697
-0.334697
-0.334697
-0.334697
-0.334697
-0.334697
-0.334697
-0.334697
-0.334697
-0.334697
-0.334697
-0.334697
-0.334697
-0.334697
-0.334697
-0.334697
-0.334697
-0.334697
-0.334697
-0.334697
-0.334697
-0.334697
-0.334697
-0.334697
-0.334697
-0.334697
-0.334697
-0.334697
-0.334697
-0.334697
-0.334697
-0.334697
-0.334697
-0.334697
-0.334697
-0.334697
-0.334697
-0.334697
-0.334697
-0.334697
-0.334697
-0.334697
-0.334697
-0.334697
-0.334697
-0.334697
-0.334697
-0.334697
-0.334697
-0.334697
-0.334697
-0.334697
-0.334697
-0.334697
-0.334697
-0.334697
-0.334697
-0.334697
-0.334697
-0.334697
-0.334697
-0.334697
-0.334697
-0.334697
-0.334697
-0.334697
-0.334697
-0.334697
-0.334697
-0.334697
-0.334697
-0.334697
-0.334697
-0.334697
-0.334697
-0.334697
-0.334697
-0.334697
-0.334697
-0.334697
-0.334697
-0.334697
-0.334697
-0.334697
-0.334697
-0.334697
-0.334697
-0.334697
-0.334697
-0.334697
-0.334697
-0.334697
-0.334697
-0.334697
-0.334697
-0.334697
-0.334697
-0.334697
-0.334697
-0.334697
-0.334697
-0.334697
-0.334697
-0.334697
-0.334697
-0.334697
-0.334697
-0.334697
-0.334697
-0.334697
-0.334697
-0.334697
-0.334697
-0.334697
-0.334697
-0.334697
-0.334697
-0.334697
-0.334697
-0.334697
-0.334697
-0.334697
-0.334697
-0.334697
-0.334697
-0.334697
-0.334697
-0.334697
-0.334697
-0.334697
-0.334697
-0.334697
-0.334697
-0.334697
-0.334697
-0.334697
-0.334697
-0.334697
-0.334697
-0.334697
-0.334697
-0.334697
-0.334697
-0.334697
-0.334697
-0.334697
-0.334697
-0.334697
-0.334697
-0.334697
-0.334697
-0.334697
-0.334697
-0.334697
-0.334697
-0.334697
-0.334697
-0.334697
-0.334697
-0.334697
-0.334697
-0.334697
-0.334697
-0.334697
-0.334697
-0.334697
-0.334697
-0.334697
-0.334697
-0.334697
-0.334697
-0.334697
-0.334697
-0.334697
-0.334697
-0.334697
-0.334697
-0.334697
-0.334697
-0.334697
-0.334697
-0.334697
-0.334697
-0.334697
-0.334697
-0.334697
-0.334697
-0.334697
-0.334697
-0.334697
-0.334697
-0.334697
-0.334697
-0.334697
-0.334697
-0.334697
-0.334697
-0.334697
-0.334697
-0.334697
-0.334697
-0.334697
-0.334697
-0.334697
-0.334697
-0.334697
-0.334697
-0.334697
-0.334697
-0.334697
-0.334697
-0.334697
-0.334697
-0.334697
-0.334697
-0.334697
-0.334697
-0.334697
-0.334697
-0.334697
-0.334697
-0.334697
-0.334697
-0.334697
-0.334697
-0.334697
-0.334697
-0.334697
-0.334697
-0.334697
-0.334697
-0.334697
-0.334697
-0.334697
-0.334697
-0.334697
-0.334697
-0.334697
-0.334697
-0.334697
-0.334697
-0.334697
-0.334697
-0.334697
-0.334697
-0.334697
-0.334697
-0.334697
-0.334697
-0.334697
-0.334697
-0.334697
-0.334697
-0.334697
-0.334697
-0.334697
-0.334697
-0.334697
-0.334697
-0.334697
-0.334697
-0.334697
-0.334697
-0.334697
-0.334697
-0.334697
-0.334697
-0.334697
-0.334697
-0.334697
-0.334697
-0.334697
-0.334697
-0.334697
-0.334697
-0.334697
-0.334697
-0.334697
-0.334697
-0.334697
-0.334697
-0.334697
-0.334697
-0.334697
-0.334697
-0.334697
-0.334697
-0.334697
-0.334697
-0.334697
-0.334697
-0.334697
-0.334697
-0.334697
-0.334697
-0.334697
-0.334697
-0.334697
-0.334697
-0.334697
-0.334697
-0.334697
-0.334697
-0.334697
-0.334697
-0.334697
-0.334697
-0.334697
-0.334697
-0.334697
-0.334697
-0.334697
-0.334697
-0.334697
-0.334697
-0.334697
-0.334697
-0.334697
-0.334697
-0.334697
-0.334697
-0.334697
-0.334697
-0.334697
-0.334697
-0.334697
-0.334697
-0.334697
-0.334697
-0.334697
-0.334697
-0.334697
-0.334697
-0.334697
-0.334697
-0.334697
-0.334697
-0.334697
-0.334697
-0.334697
-0.334697
-0.334697
-0.334697
-0.334697
-0.334697
-0.334697
-0.334697
-0.334697
-0.334697
-0.334697
-0.334697
-0.334697
-0.334697
-0.334697
-0.334697
-0.334697
-0.334697
-0.334697
-0.334697
-0.334697
-0.334697
-0.334697
-0.334697
-0.334697
-0.334697
-0.334697
-0.334697
-0.334697
-0.334697
-0.334697
-0.334697
-0.334697
-0.334697
-0.334697
-0.334697
-0.334697
-0.334697
-0.334697
-0.334697
-0.334697
-0.334697
-0.334697
-0.334697
-0.334697
-0.334697
-0.334697
-0.334697
-0.334697
-0.334697
-0.334697
-0.334697
-0.334697
-0.334697
-0.334697
-0.334697
-0.334697
-0.334697
-0.334697
-0.334697
-0.334697
-0.334697
-0.334697
-0.334697
-0.334697
-0.334697
-0.334697
-0.334697
-0.334697
-0.334696
-0.334696
-0.334696
-0.334696
-0.334696
-0.334696
-0.334696
-0.334696
-0.334696
-0.334696
-0.334696
-0.334696
-0.334696
-0.334696
-0.334696
-0.334696
-0.334696
-0.334696
-0.334696
-0.334696
-0.334696
-0.334696
-0.334696
-0.334696
-0.334696
-0.334696
-0.334696
-0.334696
-0.334696
-0.334696
-0.334696
-0.334696
-0.334696
-0.334696
-0.334696
-0.334696
-0.334696
-0.334696
-0.334696
-0.334696
-0.334696
-0.334696
-0.334696
-0.334696
-0.334696
-0.334696
-0.334696
-0.334696
-0.334696
-0.334696
-0.334696
-0.334696
-0.334696
-0.334696
-0.334696
-0.334696
-0.334696
-0.334696
-0.334696
-0.334696
-0.334696
-0.334696
-0.334696
-0.334696
-0.334696
-0.334696
-0.334696
-0.334696
-0.334696
-0.334696
-0.334696
-0.334696
-0.334696
-0.334696
-0.334696
-0.334696
-0.334696
-0.334696
-0.334696
-0.334696
-0.334696
-0.334696
-0.334696
-0.334696
-0.334696
-0.334696
-0.334696
-0.334696
-0.334696
-0.334696
-0.334696
-0.334696
-0.334696
-0.334696
-0.334696
-0.334696
-0.334696
-0.334696
-0.334696
-0.334696
-0.334696
-0.334696
-0.334696
-0.334696
-0.334696
-0.334696
-0.334696
-0.334696
-0.334696
-0.334696
-0.334696
-0.334696
-0.334696
-0.334696
-0.334696
-0.334696
-0.334696
-0.334696
-0.334696
-0.334696
-0.334696
-0.334696
-0.334696
-0.334696
-0.334696
-0.334696
-0.334696
-0.334696
-0.334696
-0.334696
-0.334696
-0.334696
-0.334696
-0.334696
-0.334696
-0.334696
-0.334696
-0.334696
-0.334696
-0.334696
-0.334696
-0.334696
-0.334696
-0.334696
-0.334696
-0.334696
-0.334696
-0.334696
-0.334696
-0.334696
-0.334696
-0.334696
-0.334696
-0.334696
-0.334696
-0.334696
-0.334696
-0.334696
-0.334696
-0.334696
-0.334696
-0.334696
-0.334696
-0.334696
-0.334696
-0.334696
-0.334696
-0.334696
-0.334696
-0.334696
-0.334696
-0.334696
-0.334696
-0.334696
-0.334696
-0.334696
-0.334696
-0.334696
-0.334696
-0.334696
-0.334696
-0.334696
-0.334696
-0.334696
-0.334696
-0.334696
-0.334696
-0.334696
-0.334696
-0.334696
-0.334696
-0.334696
-0.334696
-0.334696
-0.334696
-0.334696
-0.334696
-0.334696
-0.334696
-0.334696
-0.334696
-0.334696
-0.334696
-0.334696
-0.334696
-0.334696
-0.334696
-0.334696
-0.334696
-0.334696
-0.334696
-0.334696
-0.334696
-0.334696
-0.334696
-0.334696
-0.334696
-0.334696
-0.334696
-0.334696
-0.334696
-0.334696
-0.334696
-0.334696
-0.334696
-0.334696
-0.334696
-0.334696
-0.334696
-0.334696
-0.334696
-0.334696
-0.334696
-0.334696
-0.334696
-0.334696
-0.334696
-0.334696
-0.334696
-0.334696
-0.334696
-0.334696
-0.334696
-0.334696
-0.334696
-0.334696
-0.334696
-0.334696
-0.334696
-0.334696
-0.334696
-0.334696
-0.334696
-0.334696
-0.334696
-0.334696
-0.334696
-0.334696
-0.334696
-0.334696
-0.334696
-0.334696
-0.334696
-0.334696
-0.334696
-0.334696
-0.334696
-0.334696
-0.334696
-0.334696
-0.334696
-0.334696
-0.334696
-0.334696
-0.334696
-0.334696
-0.334696
-0.334696
-0.334696
-0.334696
-0.334696
-0.334696
-0.334696
-0.334696
-0.334696
-0.334696
-0.334696
-0.334696
-0.334696
-0.334696
-0.334696
-0.334696
-0.334696
-0.334696
-0.334696
-0.334696
-0.334696
-0.334696
-0.334696
-0.334696
-0.334696
-0.334696
-0.334696
-0.334696
-0.334696
-0.334696
-0.334696
-0.334696
-0.334696
-0.334696
-0.334696
-0.334696
-0.334696
-0.334696
-0.334696
-0.334696
-0.334696
-0.334696
-0.334696
-0.334696
-0.334696
-0.334696
-0.334696
-0.334696
-0.334696
-0.334696
-0.334696
-0.334696
-0.334696
-0.334696
-0.334696
-0.334696
-0.334696
-0.334696
-0.334696
-0.334696
-0.334696
-0.334696
-0.334696
-0.334696
-0.334696
-0.334696
-0.334696
-0.334696
-0.334696
-0.334696
-0.334696
-0.334696
-0.334696
-0.334696
-0.334696
-0.334696
-0.334696
-0.334696
-0.334696
-0.334696
-0.334696
-0.334696
-0.334696
-0.334696
-0.334696
-0.334696
-0.334696
-0.334696
-0.334696
-0.334696
-0.334696
-0.334696
-0.334696
-0.334696
-0.334696
-0.334696
-0.334696
-0.334696
-0.334696
-0.334696
-0.334696
-0.334696
-0.334696
-0.334696
-0.334696
-0.334696
-0.334696
-0.334696
-0.334696
-0.334696
-0.334696
-0.334696
-0.334696
-0.334696
-0.334696
-0.334696
-0.334696
-0.334696
-0.334696
-0.334696
-0.334696
-0.334696
-0.334696
-0.334696
-0.334696
-0.334696
-0.334696
-0.334696
-0.334696
-0.334696
-0.334696
-0.334696
-0.334696
-0.334696
-0.334696
-0.334696
-0.334696
-0.334696
-0.334696
-0.334696
-0.334696
-0.334696
-0.334696
-0.334696
-0.334696
-0.334696
-0.334696
-0.334696
-0.334696
-0.334696
-0.334696
-0.334696
-0.334696
-0.334696
-0.334696
-0.334696
-0.334696
-0.334696
-0.334696
-0.334696
-0.334696
-0.334696
-0.334696
-0.334696
-0.334696
-0.334696
-0.334696
-0.334696
-0.334696
-0.334696
-0.334696
-0.334696
-0.334696
-0.334696
-0.334696
-0.334696
-0.334696
-0.334696
-0.334696
-0.334696
-0.334696
-0.334696
-0.334696
-0.334696
-0.334696
-0.334696
-0.334696
-0.334696
-0.334696
-0.334696
-0.334696
-0.334696
-0.334696
-0.334696
-0.334696
-0.334696
-0.334696
-0.334696
-0.334696
-0.334696
-0.334696
-0.334696
-0.334696
-0.334696
-0.334696
-0.334696
-0.334696
-0.334696
-0.334696
-0.334696
-0.334696
-0.334696
-0.334696
-0.334696
-0.334696
-0.334696
-0.334696
-0.334696
-0.334696
-0.334696
-0.334696
-0.334696
-0.334696
-0.334696
-0.334696
-0.334696
-0.334696
-0.334696
-0.334696
-0.334696
-0.334696
-0.334696
-0.334696
-0.334696
-0.334696
-0.334696
-0.334696
-0.334696
-0.334696
-0.334696
-0.334696
-0.334696
-0.334696
-0.334696
-0.334696
-0.334696
-0.334696
-0.334696
-0.334696
-0.334696
-0.334696
-0.334696
-0.334696
-0.334696
-0.334696
-0.334696
-0.334696
-0.334696
-0.334696
-0.334696
-0.334696
-0.334696
-0.334696
-0.334696
-0.334696
-0.334696
-0.334696
-0.334696
-0.334696
-0.334696
-0.334696
-0.334696
-0.334696
-0.334696
-0.334696
-0.334696
-0.334696
-0.334696
-0.334696
-0.334696
-0.334696
-0.334696
-0.334696
-0.334696
-0.334696
-0.334696
-0.334696
-0.334696
-0.334696
-0.334696
-0.334696
-0.334696
-0.334696
-0.334696
-0.334696
-0.334696
-0.334696
-0.334696
-0.334696
-0.334696
-0.334696
-0.334696
-0.334696
-0.334696
-0.334696
-0.334696
-0.334696
-0.334696
-0.334696
-0.334696
-0.334696
-0.334696
-0.334696
-0.334696
-0.334696
-0.334696
-0.334696
-0.334696
-0.334696
-0.334696
-0.334696
-0.334696
-0.334696
-0.334696
-0.334696
-0.334696
-0.334696
-0.334696
-0.334696
-0.334696
-0.334696
-0.334696
-0.334696
-0.334696
-0.334696
-0.334696
-0.334696
-0.334696
-0.334696
-0.334696
-0.334696
-0.334696
-0.334696
-0.334696
-0.334696
-0.334696
-0.334696
-0.334696
-0.334696
-0.334696
-0.334696
-0.334696
-0.334696
-0.334696
-0.334696
-0.334696
-0.334696
-0.334696
-0.334696
-0.334696
-0.334696
-0.334696
-0.334696
-0.334696
-0.334696
-0.334696
-0.334696
-0.334696
-0.334696
-0.334696
-0.334696
-0.334696
-0.334696
-0.334696
-0.334696
-0.334696
-0.334696
-0.334696
-0.334696
-0.334696
-0.334696
-0.334696
-0.334696
-0.334696
-0.334696
-0.334696
-0.334696
-0.334696
-0.334696
-0.334696
-0.334696
-0.334696
-0.334696
-0.334696
-0.334696
-0.334696
-0.334696
-0.334696
-0.334696
-0.334696
-0.334696
-0.334696
-0.334696
-0.334696
-0.334696
-0.334696
-0.334696
-0.334696
-0.334696
-0.334696
-0.334696
-0.334696
-0.334696
-0.334696
-0.334696
-0.334696
-0.334696
-0.334696
-0.334696
-0.334696
-0.334696
-0.334696
-0.334696
-0.334696
-0.334696
-0.334696
-0.334696
-0.334696
-0.334696
-0.334696
-0.334696
-0.334696
-0.334696
-0.334696
-0.334696
-0.334696
-0.334696
-0.334696
-0.334696
-0.334696
-0.334696
-0.334696
-0.334696
-0.334696
-0.334696
-0.334696
-0.334696
-0.334696
-0.334696
-0.334696
-0.334696
-0.334696
-0.334696
-0.334696
-0.334696
-0.334696
-0.334696
-0.334696
-0.334696
-0.334696
-0.334696
-0.334696
-0.334696
-0.334696
-0.334696
-0.334696
-0.334696
-0.334696
-0.334696
-0.334696
-0.334696
-0.334696
-0.334696
-0.334696
-0.334696
-0.334696
-0.334696
-0.334696
-0.334696
-0.334696
-0.334696
-0.334696
-0.334696
-0.334696
-0.334696
-0.334696
-0.334696
-0.334696
-0.334696
-0.334696
-0.334696
-0.334696
-0.334696
-0.334696
-0.334696
-0.334696
-0.334696
-0.334696
-0.334696
-0.334696
-0.334696
-0.334696
-0.334696
-0.334696
-0.334696
-0.334696
-0.334696
-0.334696
-0.334696
-0.334696
-0.334696
-0.334696
-0.334696
-0.334696
-0.334696
-0.334696
-0.334696
-0.334696
-0.334696
-0.334696
-0.334696
-0.334696
-0.334696
-0.334696
-0.334696
-0.334696
-0.334696
-0.334696
-0.334696
-0.334696
-0.334696
-0.334696
-0.334696
-0.334696
-0.334696
-0.334696
-0.334696
-0.334696
-0.334696
-0.334696
-0.334696
-0.334696
-0.334696
-0.334696
-0.334696
-0.334696
-0.334696
-0.334696
-0.334696
-0.334696
-0.334696
-0.334696
-0.334696
-0.334696
-0.334696
-0.334696
-0.334696
-0.334696
-0.334696
-0.334696
-0.334696
-0.334696
-0.334696
-0.334696
-0.334696
-0.334696
-0.334696
-0.334696
-0.334696
-0.334696
-0.334696
-0.334696
-0.334696
-0.334696
-0.334696
-0.334696
