-0.926228
-0.900549
-0.877039
-0.855321
-0.835395
-0.816914
-0.799857
-0.783955
-0.769208
-0.75539
-0.742515
-0.730392
-0.719046
-0.708311
-0.698222
-0.688633
-0.679586
-0.670951
-0.662773
-0.654939
-0.647494
-0.640338
-0.633516
-0.626938
-0.620651
-0.614572
-0.608748
-0.603102
-0.597681
-0.592415
-0.587349
-0.582419
-0.577668
-0.573037
-0.568568
-0.564205
-0.559989
-0.555868
-0.551882
-0.547981
-0.544204
-0.540504
-0.536918
-0.533402
-0.529992
-0.526647
-0.5234
-0.520212
-0.517116
-0.514075
-0.511119
-0.508215
-0.50539
-0.502613
-0.499912
-0.497254
-0.49467
-0.492175
-0.489737
-0.487337
-0.484991
-0.482682
-0.480425
-0.478203
-0.47603
-0.473892
-0.471801
-0.469742
-0.467729
-0.465747
-0.463809
-0.4619
-0.460033
-0.458194
-0.456395
-0.454623
-0.45289
-0.451182
-0.44951
-0.447863
-0.446251
-0.444663
-0.443108
-0.441575
-0.440075
-0.438595
-0.437147
-0.435719
-0.43432
-0.432941
-0.43159
-0.430258
-0.428953
-0.427665
-0.426404
-0.425159
-0.42394
-0.422737
-0.421557
-0.420394
-0.419253
-0.418127
-0.417024
-0.415935
-0.414867
-0.413812
-0.412778
-0.411758
-0.410757
-0.409768
-0.408799
-0.407841
-0.406902
-0.405974
-0.405064
-0.404165
-0.403283
-0.402412
-0.401557
-0.400712
-0.399884
-0.399064
-0.398261
-0.397466
-0.396686
-0.395916
-0.395159
-0.394412
-0.393678
-0.392952
-0.39224
-0.391535
-0.390844
-0.39016
-0.389489
-0.388825
-0.388173
-0.387529
-0.386896
-0.386269
-0.385654
-0.385046
-0.384449
-0.383858
-0.383277
-0.382703
-0.382139
-0.381581
-0.381033
-0.38049
-0.379957
-0.37943
-0.378912
-0.378399
-0.377895
-0.377397
-0.376907
-0.376422
-0.375946
-0.375474
-0.375011
-0.374552
-0.374101
-0.373655
-0.373216
-0.372782
-0.372355
-0.371932
-0.371517
-0.371106
-0.370701
-0.370301
-0.369908
-0.369518
-0.369135
-0.368756
-0.368383
-0.368013
-0.36765
-0.367291
-0.366937
-0.366587
-0.366242
-0.365901
-0.365566
-0.365234
-0.364907
-0.364584
-0.364265
-0.36395
-0.36364
-0.363333
-0.363031
-0.362732
-0.362438
-0.362146
-0.361859
-0.361575
-0.361296
-0.361019
-0.360747
-0.360477
-0.360211
-0.359948
-0.359689
-0.359433
-0.359181
-0.358931
-0.358685
-0.358441
-0.358202
-0.357964
-0.35773
-0.357499
-0.357271
-0.357045
-0.356823
-0.356603
-0.356386
-0.356171
-0.35596
-0.35575
-0.355544
-0.35534
-0.355139
-0.35494
-0.354744
-0.354549
-0.354358
-0.354169
-0.353982
-0.353797
-0.353615
-0.353435
-0.353257
-0.353081
-0.352908
-0.352736
-0.352567
-0.352399
-0.352234
-0.352071
-0.35191
-0.35175
-0.351593
-0.351437
-0.351284
-0.351132
-0.350983
-0.350834
-0.350688
-0.350544
-0.350401
-0.35026
-0.350121
-0.349983
-0.349847
-0.349713
-0.34958
-0.349449
-0.349319
-0.349191
-0.349065
-0.34894
-0.348816
-0.348694
-0.348574
-0.348455
-0.348337
-0.348221
-0.348106
-0.347992
-0.34788
-0.347769
-0.34766
-0.347551
-0.347445
-0.347339
-0.347234
-0.347131
-0.347029
-0.346928
-0.346829
-0.34673
-0.346633
-0.346537
-0.346442
-0.346348
-0.346256
-0.346164
-0.346073
-0.345984
-0.345896
-0.345808
-0.345722
-0.345636
-0.345552
-0.345468
-0.345386
-0.345305
-0.345224
-0.345145
-0.345066
-0.344988
-0.344912
-0.344836
-0.344761
-0.344687
-0.344613
-0.344541
-0.344469
-0.344399
-0.344329
-0.34426
-0.344191
-0.344124
-0.344057
-0.343991
-0.343926
-0.343861
-0.343798
-0.343735
-0.343673
-0.343611
-0.343551
-0.34349
-0.343431
-0.343372
-0.343314
-0.343257
-0.3432
-0.343144
-0.343089
-0.343034
-0.34298
-0.342927
-0.342874
-0.342821
-0.34277
-0.342719
-0.342668
-0.342618
-0.342569
-0.34252
-0.342472
-0.342425
-0.342378
-0.342331
-0.342285
-0.342239
-0.342195
-0.34215
-0.342106
-0.342063
-0.34202
-0.341977
-0.341936
-0.341894
-0.341853
-0.341812
-0.341772
-0.341733
-0.341694
-0.341655
-0.341617
-0.341579
-0.341542
-0.341505
-0.341468
-0.341432
-0.341396
-0.341361
-0.341326
-0.341292
-0.341258
-0.341224
-0.34119
-0.341157
-0.341125
-0.341093
-0.341061
-0.341029
-0.340998
-0.340968
-0.340937
-0.340907
-0.340877
-0.340848
-0.340819
-0.34079
-0.340762
-0.340734
-0.340706
-0.340679
-0.340651
-0.340625
-0.340598
-0.340572
-0.340546
-0.34052
-0.340495
-0.34047
-0.340445
-0.340421
-0.340397
-0.340373
-0.340349
-0.340326
-0.340303
-0.34028
-0.340257
-0.340235
-0.340213
-0.340191
-0.340169
-0.340148
-0.340127
-0.340106
-0.340085
-0.340065
-0.340045
-0.340025
-0.340005
-0.339986
-0.339966
-0.339947
-0.339929
-0.33991
-0.339892
-0.339873
-0.339855
-0.339838
-0.33982
-0.339803
-0.339785
-0.339768
-0.339752
-0.339735
-0.339719
-0.339702
-0.339686
-0.33967
-0.339655
-0.339639
-0.339624
-0.339609
-0.339594
-0.339579
-0.339564
-0.33955
-0.339535
-0.339521
-0.339507
-0.339493
-0.33948
-0.339466
-0.339453
-0.339439
-0.339426
-0.339413
-0.339401
-0.339388
-0.339375
-0.339363
-0.339351
-0.339339
-0.339327
-0.339315
-0.339303
-0.339292
-0.33928
-0.339269
-0.339258
-0.339247
-0.339236
-0.339225
-0.339214
-0.339204
-0.339193
-0.339183
-0.339173
-0.339163
-0.339153
-0.339143
-0.339133
-0.339123
-0.339114
-0.339104
-0.339095
-0.339086
-0.339077
-0.339068
-0.339059
-0.33905
-0.339041
-0.339033
-0.339024
-0.339016
-0.339007
-0.338999
-0.338991
-0.338983
-0.338975
-0.338967
-0.338959
-0.338952
-0.338944
-0.338936
-0.338929
-0.338922
-0.338914
-0.338907
-0.3389
-0.338893
-0.338886
-0.338879
-0.338872
-0.338866
-0.338859
-0.338852
-0.338846
-0.338839
-0.338833
-0.338827
-0.338821
-0.338814
-0.338808
-0.338802
-0.338796
-0.338791
-0.338785
-0.338779
-0.338773
-0.338768
-0.338762
-0.338757
-0.338751
-0.338746
-0.338741
-0.338735
-0.33873
-0.338725
-0.33872
-0.338715
-0.33871
-0.338705
-0.3387
-0.338695
-0.338691
-0.338686
-0.338681
-0.338677
-0.338672
-0.338668
-0.338663
-0.338659
-0.338654
-0.33865
-0.338646
-0.338642
-0.338638
-0.338633
-0.338629
-0.338625
-0.338621
-0.338618
-0.338614
-0.33861
-0.338606
-0.338602
-0.338599
-0.338595
-0.338591
-0.338588
-0.338584
-0.338581
-0.338577
-0.338574
-0.33857
-0.338567
-0.338564
-0.33856
-0.338557
-0.338554
-0.338551
-0.338548
-0.338545
-0.338541
-0.338538
-0.338535
-0.338533
-0.33853
-0.338527
-0.338524
-0.338521
-0.338518
-0.338515
-0.338513
-0.33851
-0.338507
-0.338505
-0.338502
-0.338499
-0.338497
-0.338494
-0.338492
-0.338489
-0.338487
-0.338484
-0.338482
-0.33848
-0.338477
-0.338475
-0.338473
-0.33847
-0.338468
-0.338466
-0.338464
-0.338462
-0.338459
-0.338457
-0.338455
-0.338453
-0.338451
-0.338449
-0.338447
-0.338445
-0.338443
-0.338441
-0.338439
-0.338437
-0.338436
-0.338434
-0.338432
-0.33843
-0.338428
-0.338426
-0.338425
-0.338423
-0.338421
-0.33842
-0.338418
-0.338416
-0.338415
-0.338413
-0.338411
-0.33841
-0.338408
-0.338407
-0.338405
-0.338404
-0.338402
-0.338401
-0.338399
-0.338398
-0.338396
-0.338395
-0.338393
-0.338392
-0.338391
-0.338389
-0.338388
-0.338387
-0.338385
-0.338384
-0.338383
-0.338381
-0.33838
-0.338379
-0.338378
-0.338376
-0.338375
-0.338374
-0.338373
-0.338372
-0.338371
-0.338369
-0.338368
-0.338367
-0.338366
-0.338365
-0.338364
-0.338363
-0.338362
-0.338361
-0.33836
-0.338359
-0.338358
-0.338357
-0.338356
-0.338355
-0.338354
-0.338353
-0.338352
-0.338351
-0.33835
-0.338349
-0.338348
-0.338347
-0.338346
-0.338345
-0.338345
-0.338344
-0.338343
-0.338342
-0.338341
-0.33834
-0.33834
-0.338339
-0.338338
-0.338337
-0.338336
-0.338336
-0.338335
-0.338334
-0.338333
-0.338333
-0.338332
-0.338331
-0.338331
-0.33833
-0.338329
-0.338328
-0.338328
-0.338327
-0.338326
-0.338326
-0.338325
-0.338324
-0.338324
-0.338323
-0.338323
-0.338322
-0.338321
-0.338321
-0.33832
-0.33832
-0.338319
-0.338318
-0.338318
-0.338317
-0.338317
-0.338316
-0.338316
-0.338315
-0.338315
-0.338314
-0.338313
-0.338313
-0.338312
-0.338312
-0.338311
-0.338311
-0.33831
-0.33831
-0.338309
-0.338309
-0.338308
-0.338308
-0.338308
-0.338307
-0.338307
-0.338306
-0.338306
-0.338305
-0.338305
-0.338304
-0.338304
-0.338304
-0.338303
-0.338303
-0.338302
-0.338302
-0.338302
-0.338301
-0.338301
-0.3383
-0.3383
-0.3383
-0.338299
-0.338299
-0.338299
-0.338298
-0.338298
-0.338298
-0.338297
-0.338297
-0.338296
-0.338296
-0.338296
-0.338295
-0.338295
-0.338295
-0.338294
-0.338294
-0.338294
-0.338294
-0.338293
-0.338293
-0.338293
-0.338292
-0.338292
-0.338292
-0.338291
-0.338291
-0.338291
-0.338291
-0.33829
-0.33829
-0.33829
-0.33829
-0.338289
-0.338289
-0.338289
-0.338288
-0.338288
-0.338288
-0.338288
-0.338287
-0.338287
-0.338287
-0.338287
-0.338286
-0.338286
-0.338286
-0.338286
-0.338286
-0.338285
-0.338285
-0.338285
-0.338285
-0.338284
-0.338284
-0.338284
-0.338284
-0.338284
-0.338283
-0.338283
-0.338283
-0.338283
-0.338283
-0.338282
-0.338282
-0.338282
-0.338282
-0.338282
-0.338281
-0.338281
-0.338281
-0.338281
-0.338281
-0.338281
-0.33828
-0.33828
-0.33828
-0.33828
-0.33828
-0.33828
-0.338279
-0.338279
-0.338279
-0.338279
-0.338279
-0.338279
-0.338278
-0.338278
-0.338278
-0.338278
-0.338278
-0.338278
-0.338278
-0.338277
-0.338277
-0.338277
-0.338277
-0.338277
-0.338277
-0.338277
-0.338276
-0.338276
-0.338276
-0.338276
-0.338276
-0.338276
-0.338276
-0.338275
-0.338275
-0.338275
-0.338275
-0.338275
-0.338275
-0.338275
-0.338275
-0.338275
-0.338274
-0.338274
-0.338274
-0.338274
-0.338274
-0.338274
-0.338274
-0.338274
-0.338274
-0.338273
-0.338273
-0.338273
-0.338273
-0.338273
-0.338273
-0.338273
-0.338273
-0.338273
-0.338273
-0.338272
-0.338272
-0.338272
-0.338272
-0.338272
-0.338272
-0.338272
-0.338272
-0.338272
-0.338272
-0.338271
-0.338271
-0.338271
-0.338271
-0.338271
-0.338271
-0.338271
-0.338271
-0.338271
-0.338271
-0.338271
-0.338271
-0.33827
-0.33827
-0.33827
-0.33827
-0.33827
-0.33827
-0.33827
-0.33827
-0.33827
-0.33827
-0.33827
-0.33827
-0.33827
-0.33827
-0.338269
-0.338269
-0.338269
-0.338269
-0.338269
-0.338269
-0.338269
-0.338269
-0.338269
-0.338269
-0.338269
-0.338269
-0.338269
-0.338269
-0.338269
-0.338268
-0.338268
-0.338268
-0.338268
-0.338268
-0.338268
-0.338268
-0.338268
-0.338268
-0.338268
-0.338268
-0.338268
-0.338268
-0.338268
-0.338268
-0.338268
-0.338268
-0.338268
-0.338267
-0.338267
-0.338267
-0.338267
-0.338267
-0.338267
-0.338267
-0.338267
-0.338267
-0.338267
-0.338267
-0.338267
-0.338267
-0.338267
-0.338267
-0.338267
-0.338267
-0.338267
-0.338267
-0.338267
-0.338266
-0.338266
-0.338266
-0.338266
-0.338266
-0.338266
-0.338266
-0.338266
-0.338266
-0.338266
-0.338266
-0.338266
-0.338266
-0.338266
-0.338266
-0.338266
-0.338266
-0.338266
-0.338266
-0.338266
-0.338266
-0.338266
-0.338266
-0.338266
-0.338265
-0.338265
-0.338265
-0.338265
-0.338265
-0.338265
-0.338265
-0.338265
-0.338265
-0.338265
-0.338265
-0.338265
-0.338265
-0.338265
-0.338265
-0.338265
-0.338265
-0.338265
-0.338265
-0.338265
-0.338265
-0.338265
-0.338265
-0.338265
-0.338265
-0.338265
-0.338265
-0.338265
-0.338265
-0.338265
-0.338264
-0.338264
-0.338264
-0.338264
-0.338264
-0.338264
-0.338264
-0.338264
-0.338264
-0.338264
-0.338264
-0.338264
-0.338264
-0.338264
-0.338264
-0.338264
-0.338264
-0.338264
-0.338264
-0.338264
-0.338264
-0.338264
-0.338264
-0.338264
-0.338264
-0.338264
-0.338264
-0.338264
-0.338264
-0.338264
-0.338264
-0.338264
-0.338264
-0.338264
-0.338264
-0.338264
-0.338263
-0.338263
-0.338263
-0.338263
-0.338263
-0.338263
-0.338263
-0.338263
-0.338263
-0.338263
-0.338263
-0.338263
-0.338263
-0.338263
-0.338263
-0.338263
-0.338263
-0.338263
-0.338263
-0.338263
-0.338263
-0.338263
-0.338263
-0.338263
-0.338263
-0.338263
-0.338263
-0.338263
-0.338263
-0.338263
-0.338263
-0.338263
-0.338263
-0.338263
-0.338263
-0.338263
-0.338263
-0.338263
-0.338263
-0.338263
-0.338263
-0.338263
-0.338263
-0.338263
-0.338263
-0.338262
-0.338262
-0.338262
-0.338262
-0.338262
-0.338262
-0.338262
-0.338262
-0.338262
-0.338262
-0.338262
-0.338262
-0.338262
-0.338262
-0.338262
-0.338262
-0.338262
-0.338262
-0.338262
-0.338262
-0.338262
-0.338262
-0.338262
-0.338262
-0.338262
-0.338262
-0.338262
-0.338262
-0.338262
-0.338262
-0.338262
-0.338262
-0.338262
-0.338262
-0.338262
-0.338262
-0.338262
-0.338262
-0.338262
-0.338262
-0.338262
-0.338262
-0.338262
-0.338262
-0.338262
-0.338262
-0.338262
-0.338262
-0.338262
-0.338262
-0.338262
-0.338262
-0.338262
-0.338262
-0.338262
-0.338262
-0.338262
-0.338262
-0.338261
-0.338261
-0.338261
-0.338261
-0.338261
-0.338261
-0.338261
-0.338261
-0.338261
-0.338261
-0.338261
-0.338261
-0.338261
-0.338261
-0.338261
-0.338261
-0.338261
-0.338261
-0.338261
-0.338261
-0.338261
-0.338261
-0.338261
-0.338261
-0.338261
-0.338261
-0.338261
-0.338261
-0.338261
-0.338261
-0.338261
-0.338261
-0.338261
-0.338261
-0.338261
-0.338261
-0.338261
-0.338261
-0.338261
-0.338261
-0.338261
-0.338261
-0.338261
-0.338261
-0.338261
-0.338261
-0.338261
-0.338261
-0.338261
-0.338261
-0.338261
-0.338261
-0.338261
-0.338261
-0.338261
-0.338261
-0.338261
-0.338261
-0.338261
-0.338261
-0.338261
-0.338261
-0.338261
-0.338261
-0.338261
-0.338261
-0.338261
-0.338261
-0.338261
-0.338261
-0.338261
-0.338261
-0.338261
-0.33826
-0.33826
-0.33826
-0.33826
-0.33826
-0.33826
-0.33826
-0.33826
-0.33826
-0.33826
-0.33826
-0.33826
-0.33826
-0.33826
-0.33826
-0.33826
-0.33826
-0.33826
-0.33826
-0.33826
-0.33826
-0.33826
-0.33826
-0.33826
-0.33826
-0.33826
-0.33826
-0.33826
-0.33826
-0.33826
-0.33826
-0.33826
-0.33826
-0.33826
-0.33826
-0.33826
-0.33826
-0.33826
-0.33826
-0.33826
-0.33826
-0.33826
-0.33826
-0.33826
-0.33826
-0.33826
-0.33826
-0.33826
-0.33826
-0.33826
-0.33826
-0.33826
-0.33826
-0.33826
-0.33826
-0.33826
-0.33826
-0.33826
-0.33826
-0.33826
-0.33826
-0.33826
-0.33826
-0.33826
-0.33826
-0.33826
-0.33826
-0.33826
-0.33826
-0.33826
-0.33826
-0.33826
-0.33826
-0.33826
-0.33826
-0.33826
-0.33826
-0.33826
-0.33826
-0.33826
-0.33826
-0.33826
-0.33826
-0.33826
-0.33826
-0.33826
-0.33826
-0.33826
-0.33826
-0.33826
-0.33826
-0.33826
-0.338259
-0.338259
-0.338259
-0.338259
-0.338259
-0.338259
-0.338259
-0.338259
-0.338259
-0.338259
-0.338259
-0.338259
-0.338259
-0.338259
-0.338259
-0.338259
-0.338259
-0.338259
-0.338259
-0.338259
-0.338259
-0.338259
-0.338259
-0.338259
-0.338259
-0.338259
-0.338259
-0.338259
-0.338259
-0.338259
-0.338259
-0.338259
-0.338259
-0.338259
-0.338259
-0.338259
-0.338259
-0.338259
-0.338259
-0.338259
-0.338259
-0.338259
-0.338259
-0.338259
-0.338259
-0.338259
-0.338259
-0.338259
-0.338259
-0.338259
-0.338259
-0.338259
-0.338259
-0.338259
-0.338259
-0.338259
-0.338259
-0.338259
-0.338259
-0.338259
-0.338259
-0.338259
-0.338259
-0.338259
-0.338259
-0.338259
-0.338259
-0.338259
-0.338259
-0.338259
-0.338259
-0.338259
-0.338259
-0.338259
-0.338259
-0.338259
-0.338259
-0.338259
-0.338259
-0.338259
-0.338259
-0.338259
-0.338259
-0.338259
-0.338259
-0.338259
-0.338259
-0.338259
-0.338259
-0.338259
-0.338259
-0.338259
-0.338259
-0.338259
-0.338259
-0.338259
-0.338259
-0.338259
-0.338259
-0.338259
-0.338259
-0.338259
-0.338259
-0.338259
-0.338259
-0.338259
-0.338259
-0.338259
-0.338259
-0.338259
-0.338259
-0.338259
-0.338259
-0.338259
-0.338258
-0.338258
-0.338258
-0.338258
-0.338258
-0.338258
-0.338258
-0.338258
-0.338258
-0.338258
-0.338258
-0.338258
-0.338258
-0.338258
-0.338258
-0.338258
-0.338258
-0.338258
-0.338258
-0.338258
-0.338258
-0.338258
-0.338258
-0.338258
-0.338258
-0.338258
-0.338258
-0.338258
-0.338258
-0.338258
-0.338258
-0.338258
-0.338258
-0.338258
-0.338258
-0.338258
-0.338258
-0.338258
-0.338258
-0.338258
-0.338258
-0.338258
-0.338258
-0.338258
-0.338258
-0.338258
-0.338258
-0.338258
-0.338258
-0.338258
-0.338258
-0.338258
-0.338258
-0.338258
-0.338258
-0.338258
-0.338258
-0.338258
-0.338258
-0.338258
-0.338258
-0.338258
-0.338258
-0.338258
-0.338258
-0.338258
-0.338258
-0.338258
-0.338258
-0.338258
-0.338258
-0.338258
-0.338258
-0.338258
-0.338258
-0.338258
-0.338258
-0.338258
-0.338258
-0.338258
-0.338258
-0.338258
-0.338258
-0.338258
-0.338258
-0.338258
-0.338258
-0.338258
-0.338258
-0.338258
-0.338258
-0.338258
-0.338258
-0.338258
-0.338258
-0.338258
-0.338258
-0.338258
-0.338258
-0.338258
-0.338258
-0.338258
-0.338258
-0.338258
-0.338258
-0.338258
-0.338258
-0.338258
-0.338258
-0.338258
-0.338258
-0.338258
-0.338258
-0.338258
-0.338258
-0.338258
-0.338258
-0.338258
-0.338258
-0.338258
-0.338258
-0.338258
-0.338258
-0.338258
-0.338258
-0.338258
-0.338258
-0.338258
-0.338258
-0.338258
-0.338258
-0.338258
-0.338258
-0.338258
-0.338258
-0.338258
-0.338258
-0.338258
-0.338258
-0.338258
-0.338258
-0.338258
-0.338258
-0.338258
-0.338258
-0.338257
-0.338257
-0.338257
-0.338257
-0.338257
-0.338257
-0.338257
-0.338257
-0.338257
-0.338257
-0.338257
-0.338257
-0.338257
-0.338257
-0.338257
-0.338257
-0.338257
-0.338257
-0.338257
-0.338257
-0.338257
-0.338257
-0.338257
-0.338257
-0.338257
-0.338257
-0.338257
-0.338257
-0.338257
-0.338257
-0.338257
-0.338257
-0.338257
-0.338257
-0.338257
-0.338257
-0.338257
-0.338257
-0.338257
-0.338257
-0.338257
-0.338257
-0.338257
-0.338257
-0.338257
-0.338257
-0.338257
-0.338257
-0.338257
-0.338257
-0.338257
-0.338257
-0.338257
-0.338257
-0.338257
-0.338257
-0.338257
-0.338257
-0.338257
-0.338257
-0.338257
-0.338257
-0.338257
-0.338257
-0.338257
-0.338257
-0.338257
-0.338257
-0.338257
-0.338257
-0.338257
-0.338257
-0.338257
-0.338257
-0.338257
-0.338257
-0.338257
-0.338257
-0.338257
-0.338257
-0.338257
-0.338257
-0.338257
-0.338257
-0.338257
-0.338257
-0.338257
-0.338257
-0.338257
-0.338257
-0.338257
-0.338257
-0.338257
-0.338257
-0.338257
-0.338257
-0.338257
-0.338257
-0.338257
-0.338257
-0.338257
-0.338257
-0.338257
-0.338257
-0.338257
-0.338257
-0.338257
-0.338257
-0.338257
-0.338257
-0.338257
-0.338257
-0.338257
-0.338257
-0.338257
-0.338257
-0.338257
-0.338257
-0.338257
-0.338257
-0.338257
-0.338257
-0.338257
-0.338257
-0.338257
-0.338257
-0.338257
-0.338257
-0.338257
-0.338257
-0.338257
-0.338257
-0.338257
-0.338257
-0.338257
-0.338257
-0.338257
-0.338257
-0.338257
-0.338257
-0.338257
-0.338257
-0.338257
-0.338257
-0.338257
-0.338257
-0.338257
-0.338257
-0.338257
-0.338257
-0.338257
-0.338257
-0.338257
-0.338257
-0.338257
-0.338257
-0.338257
-0.338257
-0.338257
-0.338257
-0.338257
-0.338257
-0.338257
-0.338257
-0.338257
-0.338257
-0.338257
-0.338257
-0.338257
-0.338257
-0.338257
-0.338257
-0.338257
-0.338257
-0.338257
-0.338257
-0.338257
-0.338257
-0.338257
-0.338257
-0.338257
-0.338257
-0.338257
-0.338257
-0.338257
-0.338257
-0.338257
-0.338257
-0.338257
-0.338257
-0.338256
-0.338256
-0.338256
-0.338256
-0.338256
-0.338256
-0.338256
-0.338256
-0.338256
-0.338256
-0.338256
-0.338256
-0.338256
-0.338256
-0.338256
-0.338256
-0.338256
-0.338256
-0.338256
-0.338256
-0.338256
-0.338256
-0.338256
-0.338256
-0.338256
-0.338256
-0.338256
-0.338256
-0.338256
-0.338256
-0.338256
-0.338256
-0.338256
-0.338256
-0.338256
-0.338256
-0.338256
-0.338256
-0.338256
-0.338256
-0.338256
-0.338256
-0.338256
-0.338256
-0.338256
-0.338256
-0.338256
-0.338256
-0.338256
-0.338256
-0.338256
-0.338256
-0.338256
-0.338256
-0.338256
-0.338256
-0.338256
-0.338256
-0.338256
-0.338256
-0.338256
-0.338256
-0.338256
-0.338256
-0.338256
-0.338256
-0.338256
-0.338256
-0.338256
-0.338256
-0.338256
-0.338256
-0.338256
-0.338256
-0.338256
-0.338256
-0.338256
-0.338256
-0.338256
-0.338256
-0.338256
-0.338256
-0.338256
-0.338256
-0.338256
-0.338256
-0.338256
-0.338256
-0.338256
-0.338256
-0.338256
-0.338256
-0.338256
-0.338256
-0.338256
-0.338256
-0.338256
-0.338256
-0.338256
-0.338256
-0.338256
-0.338256
-0.338256
-0.338256
-0.338256
-0.338256
-0.338256
-0.338256
-0.338256
-0.338256
-0.338256
-0.338256
-0.338256
-0.338256
-0.338256
-0.338256
-0.338256
-0.338256
-0.338256
-0.338256
-0.338256
-0.338256
-0.338256
-0.338256
-0.338256
-0.338256
-0.338256
-0.338256
-0.338256
-0.338256
-0.338256
-0.338256
-0.338256
-0.338256
-0.338256
-0.338256
-0.338256
-0.338256
-0.338256
-0.338256
-0.338256
-0.338256
-0.338256
-0.338256
-0.338256
-0.338256
-0.338256
-0.338256
-0.338256
-0.338256
-0.338256
-0.338256
-0.338256
-0.338256
-0.338256
-0.338256
-0.338256
-0.338256
-0.338256
-0.338256
-0.338256
-0.338256
-0.338256
-0.338256
-0.338256
-0.338256
-0.338256
-0.338256
-0.338256
-0.338256
-0.338256
-0.338256
-0.338256
-0.338256
-0.338256
-0.338256
-0.338256
-0.338256
-0.338256
-0.338256
-0.338256
-0.338256
-0.338256
-0.338256
-0.338256
-0.338256
-0.338256
-0.338256
-0.338256
-0.338256
-0.338256
-0.338256
-0.338256
-0.338256
-0.338256
-0.338256
-0.338256
-0.338256
-0.338256
-0.338256
-0.338256
-0.338256
-0.338256
-0.338256
-0.338256
-0.338256
-0.338256
-0.338256
-0.338256
-0.338256
-0.338256
-0.338256
-0.338256
-0.338256
-0.338256
-0.338256
-0.338256
-0.338256
-0.338256
-0.338256
-0.338256
-0.338256
-0.338256
-0.338256
-0.338256
-0.338256
-0.338256
-0.338256
-0.338256
-0.338256
-0.338256
-0.338256
-0.338256
-0.338256
-0.338256
-0.338256
-0.338256
-0.338256
-0.338256
-0.338256
-0.338256
-0.338256
-0.338256
-0.338256
-0.338256
-0.338256
-0.338256
-0.338256
-0.338256
-0.338256
-0.338256
-0.338256
-0.338256
-0.338256
-0.338256
-0.338256
-0.338256
-0.338256
-0.338256
-0.338256
-0.338256
-0.338256
-0.338256
-0.338256
-0.338256
-0.338256
-0.338256
-0.338256
-0.338256
-0.338256
-0.338256
-0.338256
-0.338256
-0.338256
-0.338255
-0.338255
-0.338255
-0.338255
-0.338255
-0.338255
-0.338255
-0.338255
-0.338255
-0.338255
-0.338255
-0.338255
-0.338255
-0.338255
-0.338255
-0.338255
-0.338255
-0.338255
-0.338255
-0.338255
-0.338255
-0.338255
-0.338255
-0.338255
-0.338255
-0.338255
-0.338255
-0.338255
-0.338255
-0.338255
-0.338255
-0.338255
-0.338255
-0.338255
-0.338255
-0.338255
-0.338255
-0.338255
-0.338255
-0.338255
-0.338255
-0.338255
-0.338255
-0.338255
-0.338255
-0.338255
-0.338255
-0.338255
-0.338255
-0.338255
-0.338255
-0.338255
-0.338255
-0.338255
-0.338255
-0.338255
-0.338255
-0.338255
-0.338255
-0.338255
-0.338255
-0.338255
-0.338255
-0.338255
-0.338255
-0.338255
-0.338255
-0.338255
-0.338255
-0.338255
-0.338255
-0.338255
-0.338255
-0.338255
-0.338255
-0.338255
-0.338255
-0.338255
-0.338255
-0.338255
-0.338255
-0.338255
-0.338255
-0.338255
-0.338255
-0.338255
-0.338255
-0.338255
-0.338255
-0.338255
-0.338255
-0.338255
-0.338255
-0.338255
-0.338255
-0.338255
-0.338255
-0.338255
-0.338255
-0.338255
-0.338255
-0.338255
-0.338255
-0.338255
-0.338255
-0.338255
-0.338255
-0.338255
-0.338255
-0.338255
-0.338255
-0.338255
-0.338255
-0.338255
-0.338255
-0.338255
-0.338255
-0.338255
-0.338255
-0.338255
-0.338255
-0.338255
-0.338255
-0.338255
-0.338255
-0.338255
-0.338255
-0.338255
-0.338255
-0.338255
-0.338255
-0.338255
-0.338255
-0.338255
-0.338255
-0.338255
-0.338255
-0.338255
-0.338255
-0.338255
-0.338255
-0.338255
-0.338255
-0.338255
-0.338255
-0.338255
-0.338255
-0.338255
-0.338255
-0.338255
-0.338255
-0.338255
-0.338255
-0.338255
-0.338255
-0.338255
-0.338255
-0.338255
-0.338255
-0.338255
-0.338255
-0.338255
-0.338255
-0.338255
-0.338255
-0.338255
-0.338255
-0.338255
-0.338255
-0.338255
-0.338255
-0.338255
-0.338255
-0.338255
-0.338255
-0.338255
-0.338255
-0.338255
-0.338255
-0.338255
-0.338255
-0.338255
-0.338255
-0.338255
-0.338255
-0.338255
-0.338255
-0.338255
-0.338255
-0.338255
-0.338255
-0.338255
-0.338255
-0.338255
-0.338255
-0.338255
-0.338255
-0.338255
-0.338255
-0.338255
-0.338255
-0.338255
-0.338255
-0.338255
-0.338255
-0.338255
-0.338255
-0.338255
-0.338255
-0.338255
-0.338255
-0.338255
-0.338255
-0.338255
-0.338255
-0.338255
-0.338255
-0.338255
-0.338255
-0.338255
-0.338255
-0.338255
-0.338255
-0.338255
-0.338255
-0.338255
-0.338255
-0.338255
-0.338255
-0.338255
-0.338255
-0.338255
-0.338255
-0.338255
-0.338255
-0.338255
-0.338255
-0.338255
-0.338255
-0.338255
-0.338255
-0.338255
-0.338255
-0.338255
-0.338255
-0.338255
-0.338255
-0.338255
-0.338255
-0.338255
-0.338255
-0.338255
-0.338255
-0.338255
-0.338255
-0.338255
-0.338255
-0.338255
-0.338255
-0.338255
-0.338255
-0.338255
-0.338255
-0.338255
-0.338255
-0.338255
-0.338255
-0.338255
-0.338255
-0.338255
-0.338255
-0.338255
-0.338255
-0.338255
-0.338255
-0.338255
-0.338255
-0.338255
-0.338255
-0.338255
-0.338255
-0.338255
-0.338255
-0.338255
-0.338255
-0.338255
-0.338255
-0.338255
-0.338255
-0.338255
-0.338255
-0.338255
-0.338255
-0.338255
-0.338255
-0.338255
-0.338255
-0.338255
-0.338255
-0.338255
-0.338255
-0.338255
-0.338255
-0.338255
-0.338255
-0.338255
-0.338255
-0.338255
-0.338255
-0.338255
-0.338255
-0.338255
-0.338255
-0.338255
-0.338255
-0.338255
-0.338255
-0.338255
-0.338255
-0.338255
-0.338255
-0.338255
-0.338255
-0.338255
-0.338255
-0.338255
-0.338255
-0.338255
-0.338255
-0.338255
-0.338255
-0.338255
-0.338255
-0.338255
-0.338255
-0.338255
-0.338255
-0.338255
-0.338255
-0.338255
-0.338255
-0.338255
-0.338255
-0.338255
-0.338255
-0.338255
-0.338255
-0.338255
-0.338255
-0.338255
-0.338255
-0.338255
-0.338255
-0.338255
-0.338255
-0.338255
-0.338255
-0.338255
-0.338255
-0.338255
-0.338255
-0.338255
-0.338255
-0.338255
-0.338255
-0.338255
-0.338255
-0.338255
-0.338255
-0.338255
-0.338255
-0.338255
-0.338255
-0.338255
-0.338255
-0.338255
-0.338255
-0.338255
-0.338255
-0.338255
-0.338255
-0.338255
-0.338255
-0.338255
-0.338255
-0.338255
-0.338255
-0.338255
-0.338255
-0.338255
-0.338255
-0.338255
-0.338255
-0.338255
-0.338255
-0.338255
-0.338255
-0.338255
-0.338255
-0.338255
-0.338255
-0.338255
-0.338255
-0.338255
-0.338255
-0.338255
-0.338255
-0.338255
-0.338255
-0.338255
-0.338255
-0.338255
-0.338255
-0.338255
-0.338255
-0.338255
-0.338255
-0.338255
-0.338255
-0.338255
-0.338255
-0.338255
-0.338255
-0.338255
-0.338255
-0.338255
-0.338255
-0.338255
-0.338255
-0.338255
-0.338255
-0.338255
-0.338255
-0.338255
-0.338255
-0.338255
-0.338255
-0.338255
-0.338255
-0.338255
-0.338255
-0.338255
-0.338255
-0.338255
-0.338255
-0.338255
-0.338255
-0.338255
-0.338255
-0.338255
-0.338255
-0.338255
-0.338255
-0.338255
-0.338255
-0.338255
-0.338255
-0.338255
-0.338255
-0.338255
-0.338255
-0.338255
-0.338255
-0.338255
-0.338255
-0.338255
-0.338255
-0.338255
-0.338255
-0.338255
-0.338255
-0.338255
-0.338255
-0.338255
-0.338255
-0.338255
-0.338255
-0.338255
-0.338255
-0.338255
-0.338255
-0.338255
-0.338255
-0.338255
-0.338254
-0.338254
-0.338254
-0.338254
-0.338254
-0.338254
-0.338254
-0.338254
-0.338254
-0.338254
-0.338254
-0.338254
-0.338254
-0.338254
-0.338254
-0.338254
-0.338254
-0.338254
-0.338254
-0.338254
-0.338254
-0.338254
-0.338254
-0.338254
-0.338254
-0.338254
-0.338254
-0.338254
-0.338254
-0.338254
-0.338254
-0.338254
-0.338254
-0.338254
-0.338254
-0.338254
-0.338254
-0.338254
-0.338254
-0.338254
-0.338254
-0.338254
-0.338254
-0.338254
-0.338254
-0.338254
-0.338254
-0.338254
-0.338254
-0.338254
-0.338254
-0.338254
-0.338254
-0.338254
-0.338254
-0.338254
-0.338254
-0.338254
-0.338254
-0.338254
-0.338254
-0.338254
-0.338254
-0.338254
-0.338254
-0.338254
-0.338254
-0.338254
-0.338254
-0.338254
-0.338254
-0.338254
-0.338254
-0.338254
-0.338254
-0.338254
-0.338254
-0.338254
-0.338254
-0.338254
-0.338254
-0.338254
-0.338254
-0.338254
-0.338254
-0.338254
-0.338254
-0.338254
-0.338254
-0.338254
-0.338254
-0.338254
-0.338254
-0.338254
-0.338254
-0.338254
-0.338254
-0.338254
-0.338254
-0.338254
-0.338254
-0.338254
-0.338254
-0.338254
-0.338254
-0.338254
-0.338254
-0.338254
-0.338254
-0.338254
-0.338254
-0.338254
-0.338254
-0.338254
-0.338254
-0.338254
-0.338254
-0.338254
-0.338254
-0.338254
-0.338254
-0.338254
-0.338254
-0.338254
-0.338254
-0.338254
-0.338254
-0.338254
-0.338254
-0.338254
-0.338254
-0.338254
-0.338254
-0.338254
-0.338254
-0.338254
-0.338254
-0.338254
-0.338254
-0.338254
-0.338254
-0.338254
-0.338254
-0.338254
-0.338254
-0.338254
-0.338254
-0.338254
-0.338254
-0.338254
-0.338254
-0.338254
-0.338254
-0.338254
-0.338254
-0.338254
-0.338254
-0.338254
-0.338254
-0.338254
-0.338254
-0.338254
-0.338254
-0.338254
-0.338254
-0.338254
-0.338254
-0.338254
-0.338254
-0.338254
-0.338254
-0.338254
-0.338254
-0.338254
-0.338254
-0.338254
-0.338254
-0.338254
-0.338254
-0.338254
-0.338254
-0.338254
-0.338254
-0.338254
-0.338254
-0.338254
-0.338254
-0.338254
-0.338254
-0.338254
-0.338254
-0.338254
-0.338254
-0.338254
-0.338254
-0.338254
-0.338254
-0.338254
-0.338254
-0.338254
-0.338254
-0.338254
-0.338254
-0.338254
-0.338254
-0.338254
-0.338254
-0.338254
-0.338254
-0.338254
-0.338254
-0.338254
-0.338254
-0.338254
-0.338254
-0.338254
-0.338254
-0.338254
-0.338254
-0.338254
-0.338254
-0.338254
-0.338254
-0.338254
-0.338254
-0.338254
-0.338254
-0.338254
-0.338254
-0.338254
-0.338254
-0.338254
-0.338254
-0.338254
-0.338254
-0.338254
-0.338254
-0.338254
-0.338254
-0.338254
-0.338254
-0.338254
-0.338254
-0.338254
-0.338254
-0.338254
-0.338254
-0.338254
-0.338254
-0.338254
-0.338254
-0.338254
-0.338254
-0.338254
-0.338254
-0.338254
-0.338254
-0.338254
-0.338254
-0.338254
-0.338254
-0.338254
-0.338254
-0.338254
-0.338254
-0.338254
-0.338254
-0.338254
-0.338254
-0.338254
-0.338254
-0.338254
-0.338254
-0.338254
-0.338254
-0.338254
-0.338254
-0.338254
-0.338254
-0.338254
-0.338254
-0.338254
-0.338254
-0.338254
-0.338254
-0.338254
-0.338254
-0.338254
-0.338254
-0.338254
-0.338254
-0.338254
-0.338254
-0.338254
-0.338254
-0.338254
-0.338254
-0.338254
-0.338254
-0.338254
-0.338254
-0.338254
-0.338254
-0.338254
-0.338254
-0.338254
-0.338254
-0.338254
-0.338254
-0.338254
-0.338254
-0.338254
-0.338254
-0.338254
-0.338254
-0.338254
-0.338254
-0.338254
-0.338254
-0.338254
-0.338254
-0.338254
-0.338254
-0.338254
-0.338254
-0.338254
-0.338254
-0.338254
-0.338254
-0.338254
-0.338254
-0.338254
-0.338254
-0.338254
-0.338254
-0.338254
-0.338254
-0.338254
-0.338254
-0.338254
-0.338254
-0.338254
-0.338254
-0.338254
-0.338254
-0.338254
-0.338254
-0.338254
-0.338254
-0.338254
-0.338254
-0.338254
-0.338254
-0.338254
-0.338254
-0.338254
-0.338254
-0.338254
-0.338254
-0.338254
-0.338254
-0.338254
-0.338254
-0.338254
-0.338254
-0.338254
-0.338254
-0.338254
-0.338254
-0.338254
-0.338254
-0.338254
-0.338254
-0.338254
-0.338254
-0.338254
-0.338254
-0.338254
-0.338254
-0.338254
-0.338254
-0.338254
-0.338254
-0.338254
-0.338254
-0.338254
-0.338254
-0.338254
-0.338254
-0.338254
-0.338254
-0.338254
-0.338254
-0.338254
-0.338254
-0.338254
-0.338254
-0.338254
-0.338254
-0.338254
-0.338254
-0.338254
-0.338254
-0.338254
-0.338254
-0.338254
-0.338254
-0.338254
-0.338254
-0.338254
-0.338254
-0.338254
-0.338254
-0.338254
-0.338254
-0.338254
-0.338254
-0.338254
-0.338254
-0.338254
-0.338254
-0.338254
-0.338254
-0.338254
-0.338254
-0.338254
-0.338254
-0.338254
-0.338254
-0.338254
-0.338254
-0.338254
-0.338254
-0.338254
-0.338254
-0.338254
-0.338254
-0.338254
-0.338254
-0.338254
-0.338254
-0.338254
-0.338254
-0.338254
-0.338254
-0.338254
-0.338254
-0.338254
-0.338254
-0.338254
-0.338254
-0.338254
-0.338254
-0.338254
-0.338254
-0.338254
-0.338254
-0.338254
-0.338254
-0.338254
-0.338254
-0.338254
-0.338254
-0.338254
-0.338254
-0.338254
-0.338254
-0.338254
-0.338254
-0.338254
-0.338254
-0.338254
-0.338254
-0.338254
-0.338254
-0.338254
-0.338254
-0.338254
-0.338254
-0.338254
-0.338254
-0.338254
-0.338254
-0.338254
-0.338254
-0.338254
-0.338254
-0.338254
-0.338254
-0.338254
-0.338254
-0.338254
-0.338254
-0.338254
-0.338254
-0.338254
-0.338254
-0.338254
-0.338254
-0.338254
-0.338254
-0.338254
-0.338254
-0.338254
-0.338254
-0.338254
-0.338254
-0.338254
-0.338254
-0.338254
-0.338254
-0.338254
-0.338254
-0.338254
-0.338254
-0.338254
-0.338254
-0.338254
-0.338254
-0.338254
-0.338254
-0.338254
-0.338254
-0.338254
-0.338254
-0.338254
-0.338254
-0.338254
-0.338254
-0.338254
-0.338254
-0.338254
-0.338254
-0.338254
-0.338254
-0.338254
-0.338254
-0.338254
-0.338254
-0.338254
-0.338254
-0.338254
-0.338254
-0.338254
-0.338254
-0.338254
-0.338254
-0.338254
-0.338254
-0.338254
-0.338254
-0.338254
-0.338254
-0.338254
-0.338254
-0.338254
-0.338254
-0.338254
-0.338254
-0.338254
-0.338254
-0.338254
-0.338254
-0.338254
-0.338254
-0.338254
-0.338254
-0.338254
-0.338254
-0.338254
-0.338254
-0.338254
-0.338254
-0.338254
-0.338254
-0.338254
-0.338254
-0.338254
-0.338254
-0.338254
-0.338254
-0.338254
-0.338254
-0.338254
-0.338254
-0.338254
-0.338254
-0.338254
-0.338254
-0.338254
-0.338254
-0.338254
-0.338254
-0.338254
-0.338254
-0.338254
-0.338254
-0.338254
-0.338254
-0.338254
-0.338254
-0.338254
-0.338254
-0.338254
-0.338254
-0.338254
-0.338254
-0.338254
-0.338254
-0.338254
-0.338254
-0.338254
-0.338254
-0.338254
-0.338254
-0.338254
-0.338254
-0.338254
-0.338254
-0.338254
-0.338254
-0.338254
-0.338254
-0.338254
-0.338254
-0.338254
-0.338254
-0.338254
-0.338254
-0.338254
-0.338254
-0.338254
-0.338254
-0.338254
-0.338254
-0.338254
-0.338254
-0.338254
-0.338254
-0.338254
-0.338254
-0.338254
-0.338254
-0.338254
-0.338254
-0.338254
-0.338254
-0.338254
-0.338254
-0.338254
-0.338254
-0.338254
-0.338254
-0.338254
-0.338254
-0.338254
-0.338254
-0.338254
-0.338254
-0.338254
-0.338254
-0.338254
-0.338254
-0.338254
-0.338254
-0.338254
-0.338254
-0.338254
-0.338254
-0.338254
-0.338254
-0.338254
-0.338254
-0.338254
-0.338254
-0.338254
-0.338254
-0.338254
-0.338254
-0.338254
-0.338254
-0.338254
-0.338254
-0.338254
-0.338254
-0.338254
-0.338254
-0.338254
-0.338254
-0.338254
-0.338254
-0.338254
-0.338254
-0.338254
-0.338254
-0.338254
-0.338254
-0.338254
-0.338254
-0.338254
-0.338254
-0.338254
-0.338254
-0.338254
-0.338254
-0.338254
-0.338254
-0.338254
-0.338254
-0.338254
-0.338254
-0.338254
-0.338254
-0.338254
-0.338254
-0.338254
-0.338254
-0.338254
-0.338254
-0.338254
-0.338254
-0.338254
-0.338254
-0.338254
-0.338254
-0.338254
-0.338254
-0.338254
-0.338254
-0.338254
-0.338254
-0.338254
-0.338254
-0.338254
-0.338254
-0.338254
-0.338254
-0.338254
-0.338254
-0.338254
-0.338254
-0.338254
-0.338254
-0.338254
-0.338254
-0.338254
-0.338254
-0.338254
-0.338254
-0.338254
-0.338254
-0.338254
-0.338254
-0.338254
-0.338254
-0.338254
-0.338254
-0.338254
-0.338254
-0.338254
-0.338254
-0.338254
-0.338254
-0.338254
-0.338254
-0.338254
-0.338254
-0.338254
-0.338254
-0.338254
-0.338254
-0.338254
-0.338254
-0.338254
-0.338254
-0.338254
-0.338254
-0.338254
-0.338254
-0.338254
-0.338254
-0.338254
-0.338254
-0.338254
-0.338254
-0.338254
-0.338254
-0.338254
-0.338254
-0.338254
-0.338254
-0.338254
-0.338254
-0.338254
-0.338254
-0.338254
-0.338254
-0.338254
-0.338254
-0.338254
-0.338254
-0.338254
-0.338254
-0.338254
-0.338254
-0.338254
-0.338254
-0.338254
-0.338254
-0.338254
-0.338254
-0.338254
-0.338254
-0.338254
-0.338254
-0.338254
-0.338254
-0.338254
-0.338254
-0.338254
-0.338254
-0.338254
-0.338254
-0.338254
-0.338254
-0.338254
-0.338254
-0.338254
-0.338254
-0.338254
-0.338254
-0.338254
-0.338254
-0.338254
-0.338254
-0.338254
-0.338254
-0.338254
-0.338254
-0.338254
-0.338254
-0.338254
-0.338254
-0.338254
-0.338254
-0.338254
-0.338254
-0.338254
-0.338254
-0.338254
-0.338254
-0.338254
-0.338254
-0.338254
-0.338254
-0.338254
-0.338254
-0.338254
-0.338254
-0.338254
-0.338254
-0.338254
-0.338254
-0.338254
-0.338254
-0.338254
-0.338254
-0.338254
-0.338254
-0.338254
-0.338254
-0.338254
-0.338254
-0.338254
-0.338254
-0.338254
-0.338254
-0.338254
-0.338254
-0.338254
-0.338254
-0.338254
-0.338254
-0.338254
-0.338254
-0.338254
-0.338254
-0.338254
-0.338254
-0.338254
-0.338254
-0.338254
-0.338254
-0.338254
-0.338254
-0.338254
-0.338254
-0.338254
-0.338254
-0.338254
-0.338254
-0.338254
-0.338254
-0.338254
-0.338254
-0.338254
-0.338254
-0.338254
-0.338254
-0.338254
-0.338254
-0.338254
-0.338254
-0.338254
-0.338254
-0.338254
-0.338254
-0.338254
-0.338254
-0.338254
-0.338254
-0.338254
-0.338254
-0.338254
-0.338254
-0.338254
-0.338254
-0.338254
-0.338254
-0.338254
-0.338254
-0.338254
-0.338254
-0.338254
-0.338254
-0.338254
-0.338254
-0.338254
-0.338254
-0.338254
-0.338254
-0.338254
-0.338254
-0.338254
-0.338254
-0.338254
-0.338254
-0.338254
-0.338254
-0.338254
-0.338254
-0.338254
-0.338254
-0.338254
-0.338254
-0.338254
-0.338254
-0.338254
-0.338254
-0.338254
-0.338254
-0.338254
-0.338254
-0.338254
-0.338254
-0.338254
-0.338254
-0.338254
-0.338254
-0.338254
-0.338254
-0.338254
-0.338254
-0.338254
-0.338254
-0.338254
-0.338254
-0.338254
-0.338254
-0.338254
-0.338254
-0.338254
-0.338254
-0.338254
-0.338254
-0.338254
-0.338254
-0.338254
-0.338254
-0.338254
-0.338254
-0.338254
-0.338254
-0.338254
-0.338254
-0.338254
-0.338254
-0.338254
-0.338254
-0.338254
-0.338254
-0.338254
-0.338254
-0.338254
-0.338254
-0.338254
-0.338254
-0.338254
-0.338254
-0.338254
-0.338254
-0.338254
-0.338254
-0.338254
-0.338254
-0.338254
-0.338254
-0.338254
-0.338254
-0.338254
-0.338254
-0.338254
-0.338254
-0.338254
-0.338254
-0.338254
-0.338254
-0.338254
-0.338254
-0.338254
-0.338254
-0.338254
-0.338254
-0.338254
-0.338254
-0.338254
-0.338254
-0.338254
-0.338254
-0.338254
-0.338254
-0.338254
-0.338254
-0.338254
-0.338254
-0.338254
-0.338254
-0.338254
-0.338254
-0.338254
-0.338254
-0.338254
-0.338254
-0.338254
-0.338254
-0.338254
-0.338254
-0.338254
-0.338254
-0.338254
-0.338254
-0.338254
-0.338254
-0.338254
-0.338254
-0.338254
-0.338254
-0.338254
-0.338254
-0.338254
-0.338254
-0.338254
-0.338254
-0.338254
-0.338254
-0.338254
-0.338254
-0.338254
-0.338254
-0.338254
-0.338254
-0.338254
-0.338254
-0.338254
-0.338254
-0.338254
-0.338254
-0.338254
-0.338254
-0.338254
-0.338254
-0.338254
-0.338254
-0.338254
-0.338254
-0.338254
-0.338254
-0.338254
-0.338254
-0.338254
-0.338254
-0.338254
-0.338254
-0.338254
-0.338254
-0.338254
-0.338254
-0.338254
-0.338254
-0.338254
-0.338254
-0.338254
-0.338254
-0.338254
-0.338254
-0.338254
-0.338254
-0.338254
-0.338254
-0.338254
-0.338254
-0.338254
-0.338254
-0.338254
-0.338254
-0.338254
-0.338254
-0.338254
-0.338254
-0.338254
-0.338254
-0.338254
-0.338254
-0.338254
-0.338254
-0.338254
-0.338254
-0.338254
-0.338254
-0.338254
-0.338254
-0.338254
-0.338254
-0.338254
-0.338254
-0.338254
-0.338254
-0.338254
-0.338254
-0.338254
-0.338254
-0.338254
-0.338254
-0.338254
-0.338254
-0.338254
-0.338254
-0.338254
-0.338254
-0.338254
-0.338254
-0.338254
-0.338254
-0.338254
-0.338254
-0.338254
-0.338254
-0.338254
-0.338254
-0.338254
-0.338254
-0.338254
-0.338254
-0.338254
-0.338254
-0.338254
-0.338254
-0.338254
-0.338254
-0.338254
-0.338254
-0.338254
-0.338254
-0.338254
-0.338254
-0.338254
-0.338254
-0.338254
-0.338254
-0.338254
-0.338254
-0.338254
-0.338254
-0.338254
-0.338254
-0.338254
-0.338254
-0.338254
-0.338254
-0.338254
-0.338254
-0.338254
-0.338254
-0.338254
-0.338254
-0.338254
-0.338254
-0.338254
-0.338254
-0.338254
-0.338254
-0.338254
-0.338254
-0.338254
-0.338254
-0.338254
-0.338254
-0.338254
-0.338254
-0.338254
-0.338254
-0.338254
-0.338254
-0.338254
-0.338254
-0.338254
-0.338254
-0.338254
-0.338254
-0.338254
-0.338254
-0.338254
-0.338254
-0.338254
-0.338254
-0.338254
-0.338254
-0.338254
-0.338254
-0.338254
-0.338254
-0.338254
-0.338254
-0.338254
-0.338254
-0.338254
-0.338254
-0.338254
-0.338254
-0.338254
-0.338254
-0.338254
-0.338254
-0.338254
-0.338254
-0.338254
-0.338254
-0.338254
-0.338254
-0.338254
-0.338254
-0.338254
-0.338254
-0.338254
-0.338254
-0.338254
-0.338254
-0.338254
-0.338254
-0.338254
-0.338254
-0.338254
-0.338254
-0.338254
-0.338254
-0.338254
-0.338254
-0.338254
-0.338254
-0.338254
-0.338254
-0.338254
-0.338254
-0.338254
-0.338254
-0.338254
-0.338254
-0.338254
-0.338254
-0.338254
-0.338254
-0.338254
-0.338254
-0.338254
-0.338254
-0.338254
-0.338254
-0.338254
-0.338254
-0.338254
-0.338254
-0.338254
-0.338254
-0.338254
-0.338254
-0.338254
-0.338254
-0.338254
-0.338254
-0.338254
-0.338254
-0.338254
-0.338254
-0.338254
-0.338254
-0.338254
-0.338254
-0.338254
-0.338254
-0.338254
-0.338254
-0.338254
-0.338254
-0.338254
-0.338254
-0.338254
-0.338254
-0.338254
-0.338254
-0.338254
-0.338254
-0.338254
-0.338254
-0.338254
-0.338254
-0.338254
-0.338254
-0.338254
-0.338254
-0.338254
-0.338254
-0.338254
-0.338254
-0.338254
-0.338254
-0.338254
-0.338254
-0.338254
-0.338254
-0.338254
-0.338254
-0.338254
-0.338254
-0.338254
-0.338254
-0.338254
-0.338254
-0.338254
-0.338254
-0.338254
-0.338254
-0.338254
-0.338254
-0.338254
-0.338254
-0.338254
-0.338254
-0.338254
-0.338254
-0.338254
-0.338254
-0.338254
-0.338254
-0.338254
-0.338254
-0.338254
-0.338254
-0.338254
-0.338254
-0.338254
-0.338254
-0.338254
-0.338254
-0.338254
-0.338254
-0.338254
-0.338254
-0.338254
-0.338254
-0.338254
-0.338254
-0.338254
-0.338254
-0.338254
-0.338254
-0.338254
-0.338254
-0.338254
-0.338254
-0.338254
-0.338254
-0.338254
-0.338254
-0.338254
-0.338254
-0.338254
-0.338254
-0.338254
-0.338254
-0.338254
-0.338254
-0.338254
-0.338254
-0.338254
-0.338254
-0.338254
-0.338254
-0.338254
-0.338254
-0.338254
-0.338254
-0.338254
-0.338254
-0.338254
-0.338254
-0.338254
-0.338254
-0.338254
-0.338254
-0.338254
-0.338254
