680.175
0.735785
0.971806
0.718759
40.8285
0.755157
146.606
0.714346
183.49
0.724429
186.381
0.711847
152.285
0.720511
172.345
0.715483
178.69
0.717437
158.083
0.714717
152.613
0.721123
169.008
0.722184
151.817
0.714602
143.567
0.719551
143.582
0.717028
141.675
0.719708
132.089
0.712167
127.312
0.724314
123.143
0.715877
119.02
0.711702
114.057
0.701355
111.079
0.70391
107.763
0.720995
105.438
0.705127
92.39
0.712507
96.5831
0.709888
94.4616
0.702474
91.9536
0.707701
90.1826
0.710736
88.2039
0.704359
72.6597
0.706862
74.924
0.699399
77.8139
0.709156
76.3386
0.704935
75.11
0.702434
73.4632
0.703125
69.5316
0.7119
58.4215
0.704119
52.0167
0.719189
62.3796
0.7128
61.5929
0.706898
60.4837
0.713358
59.5047
0.710411
58.4779
0.707909
57.4671
0.704516
49.0803
0.70517
43.8161
0.710111
40.3424
0.721062
40.1384
0.709309
47.2494
0.708324
46.6409
0.702638
46.0948
0.706268
45.7034
0.707541
44.7602
0.706303
44.0853
0.711544
40.7643
0.700586
36.4136
0.702601
33.2995
0.714463
31.1287
0.704882
29.216
0.70699
27.7796
0.713198
26.6381
0.705974
32.2204
0.716974
33.4655
0.709607
32.8466
0.715473
32.7676
0.715329
32.2453
0.701671
31.7751
0.719805
30.8194
0.710291
29.7625
0.703456
27.1934
0.723402
25.157
0.712434
23.4845
0.702595
22.1333
0.712025
20.9467
0.701471
19.9962
0.709302
19.2035
0.70693
18.3979
0.708698
17.7835
0.707693
17.1192
0.706923
16.5575
0.717514
16.0422
0.715842
18.304
0.701466
21.14
0.707073
20.8644
0.705366
20.6416
0.713079
20.4918
0.716019
19.9874
0.70683
19.3015
0.706928
18.7038
0.707166
18.1565
0.709537
17.5293
0.719249
16.9552
0.705969
15.8929
0.703415
15.0856
0.704541
14.2723
0.704946
13.6812
0.703146
13.0463
0.70234
12.5215
0.698708
12.0831
0.700857
11.6477
0.707475
11.1969
0.706712
10.8526
0.705724
10.5261
0.70517
10.1833
0.706025
9.9186
0.713845
9.5639
0.712405
9.3166
0.714186
9.07212
0.712795
8.82288
0.711274
8.56669
0.709225
8.35159
0.703007
8.16716
0.706602
7.92299
0.706331
7.73512
0.711129
7.55589
0.70739
7.38151
0.709255
7.20383
0.707398
7.03031
0.707277
6.89334
0.711158
6.67911
0.713589
8.06869
0.715928
9.49658
0.70384
9.24457
0.704214
8.96772
0.717899
8.7055
0.718396
8.50148
0.704899
8.24398
0.702047
8.0456
0.701962
7.82755
0.701355
7.60574
0.709685
7.47717
0.714872
7.24161
0.712525
7.08715
0.701485
6.95846
0.699673
6.75415
0.705332
6.60183
0.709396
6.45702
0.712931
6.3104
0.706359
6.15657
0.71156
6.00777
0.705915
5.91699
0.708868
5.75447
0.707949
5.64407
0.716497
5.50261
0.710136
5.35809
0.701357
5.15184
0.709561
5.05449
0.709915
4.88373
0.710446
4.74496
0.701835
4.64802
0.718735
4.47352
0.707724
4.39218
0.706507
4.2775
0.702574
4.16808
0.713975
4.03489
0.706207
3.9735
0.709796
3.84721
0.697469
3.80611
0.706336
3.69655
0.7074
3.6086
0.711957
3.5172
0.702138
3.46058
0.705387
3.38763
0.70495
3.29292
0.708128
3.23171
0.709353
3.17634
0.713609
3.10536
0.705399
3.04421
0.712969
2.96039
0.709875
2.92201
0.713002
2.86787
0.70465
2.78811
0.700561
2.76243
0.704584
2.70092
0.701415
2.63625
0.709979
2.57575
0.707428
2.54934
0.706948
2.51375
0.712112
2.44896
0.710318
2.39053
0.713791
2.38835
0.709732
2.34228
0.701416
2.26188
0.705229
2.26801
0.708891
2.20079
0.705888
2.18188
0.701414
2.11775
0.705866
2.11195
0.70435
2.04793
0.702458
2.04528
0.710953
1.98712
0.706081
1.96057
0.702144
1.96503
0.705087
1.90397
0.70946
1.89557
0.703302
1.83794
0.704737
1.83522
0.720032
1.76912
0.709784
1.76599
0.719911
1.72816
0.707024
1.73622
0.706286
1.67476
0.703309
1.67922
0.704806
1.64535
0.706268
1.60693
0.709214
1.58338
0.710092
1.58542
0.704202
1.54814
0.716261
1.53318
0.724053
1.52519
0.702136
1.48597
0.713873
1.48928
0.703936
1.46227
0.704592
1.43727
0.713056
1.43547
0.704047
1.39776
0.716203
1.36113
0.709633
1.40309
0.702699
1.33518
0.714775
1.33076
0.715447
1.32588
0.703419
1.30333
0.708691
1.27308
0.702974
1.27516
0.70037
1.27529
0.708137
1.24559
0.705034
1.23693
0.712814
1.20717
0.710609
1.21667
0.714489
1.20728
0.710198
1.17414
0.710713
1.17066
0.706314
1.14154
0.716684
1.14915
0.707212
1.14071
0.706227
1.11557
0.712192
1.10573
0.704704
1.11786
0.700175
1.07773
0.70115
1.08126
0.70785
1.0844
0.71476
1.04954
0.707017
1.05562
0.708219
1.0528
0.709786
1.03164
0.714281
1.05011
0.705628
0.986454
0.703605
1.03693
0.727117
1.02214
0.706121
0.987169
0.700167
1.00814
0.716804
0.954139
0.698653
0.99198
0.708908
0.954156
0.708671
0.967071
0.709256
0.960497
0.706062
0.926401
0.70455
0.920795
0.709152
0.926893
0.704916
0.916973
0.704198
0.9291
0.714401
0.925222
0.709536
0.894501
0.706654
0.899107
0.712939
0.885659
0.707769
0.889697
0.69835
0.864684
0.702598
0.886956
0.708167
0.861043
0.698741
0.865188
0.702367
0.854652
0.708237
0.8589
0.698579
0.864582
0.702213
0.823418
0.708316
0.858478
0.698791
0.833613
0.702976
0.823468
0.708263
0.827642
0.698732
0.834711
0.702418
0.698445
0.86454
0.702519
0.823644
0.707831
0.702191
0.854623
0.70851
0.702853
0.823822
0.708293
0.795987
0.69818
0.802646
0.702533
0.793525
0.708158
0.702601
0.823054
0.707873
0.702205
0.823603
0.708172
0.702856
0.792103
0.707743
0.79647
0.698593
0.708579
0.796445
0.69855
0.707717
0.796388
0.698999
0.707926
0.79628
0.698399
0.708146
0.703035
0.792425
0.708141
0.702483
0.792252
0.708579
0.702436
0.69874
0.770648
0.702394
0.699148
0.770782
0.702495
0.699014
0.771429
0.703009
0.698784
0.70823
0.766222
0.698986
0.708911
0.705883
0.760966
0.707949
0.702463
0.699092
0.708081
0.765015
0.698842
0.708409
0.702879
0.698875
0.77127
0.702505
0.698549
0.708694
0.702583
0.698619
0.707579
0.702374
0.760965
0.70856
0.70348
0.698449
0.708162
0.702821
0.698634
0.70853
0.702617
0.698722
0.708191
0.702612
0.698227
0.707983
0.702257
0.69886
0.708175
0.702342
0.698661
0.708222
0.702772
0.699474
0.708444
0.702409
0.698381
0.708589
0.702451
0.698623
0.708702
0.703903
0.698839
0.70784
0.702647
0.698979
0.708374
0.702494
0.698442
0.708312
0.702372
0.69841
0.708449
0.702709
0.698372
0.708053
0.702311
0.698653
0.708193
0.702666
0.698542
0.708319
0.702757
0.698632
0.70824
0.702653
0.699281
0.708509
0.702667
0.698659
0.707926
0.702355
0.698877
0.708156
0.702375
0.700493
0.710173
0.702864
0.698642
0.708088
0.702591
0.69885
0.711621
0.702661
0.698728
0.708123
0.70258
0.69891
0.708209
0.702205
0.698822
0.711234
0.702717
0.698584
0.70853
0.702317
0.698692
0.708345
0.702514
0.699462
0.708953
0.702139
0.698913
0.708202
0.702189
0.698484
0.70833
0.702657
0.698509
0.708161
0.702659
0.698876
0.708584
0.702588
0.698577
0.708401
0.702257
0.698968
0.7096
0.702435
0.698704
0.707817
0.702574
0.698978
0.708401
0.70257
0.69852
0.708701
0.70259
0.698679
0.70816
0.702337
0.699045
0.708662
0.702685
0.69859
0.708125
0.702719
0.698576
0.708359
0.702313
0.698316
0.708306
0.702754
0.698466
0.708253
0.702652
0.698882
0.708127
0.702165
0.69949
0.710117
0.702733
0.698809
0.708472
0.702564
0.698814
0.708496
0.702476
0.698587
0.70816
0.704817
0.698419
0.707611
0.702346
0.698599
0.708286
0.703125
0.698573
0.708517
0.702402
0.698858
0.708347
0.703092
0.698263
0.70767
0.702664
0.698754
0.708196
0.70221
0.698674
0.708106
0.703016
0.698978
0.707963
0.702645
0.698459
0.708465
0.702757
0.698488
0.707992
0.702297
0.698508
0.707749
0.702444
0.698525
0.708388
0.703255
0.6983
0.708172
0.70233
0.698519
0.708522
0.702676
0.698792
0.707903
0.702275
0.69859
0.707924
0.702587
0.698459
0.708822
0.702625
0.698792
0.70798
0.702087
0.6983
0.708576
0.702783
0.702531
0.707989
0.702232
0.69836
0.707984
0.702306
0.698458
0.70784
0.702766
0.698612
0.708107
0.70252
0.698549
0.70853
0.702569
0.698013
0.707803
0.703492
0.698735
0.707653
0.702377
0.698717
0.707764
0.702442
0.698726
0.707344
0.702125
0.699425
0.708286
0.702509
0.698361
0.708026
0.702449
0.697952
0.708631
0.702259
0.698407
0.708
0.703004
0.698784
0.708363
0.702577
0.698499
0.708228
0.702576
0.6986
0.707971
0.702497
0.698779
0.707897
0.702474
0.698442
0.708111
0.702832
0.698577
0.708078
0.702338
0.698515
0.708634
0.702451
0.698353
0.707835
0.702927
0.698373
0.707682
0.702328
0.698532
0.707881
0.704318
0.69979
0.709982
0.702464
0.698712
0.708638
0.702221
0.698119
0.707935
0.702376
0.698491
0.708078
0.702511
0.698196
0.708327
0.70283
0.698607
0.708759
0.703382
0.698121
0.708164
0.702637
0.69835
0.707373
0.702215
0.698384
0.707723
0.702334
0.698341
0.707893
0.703087
0.69846
0.708044
0.702515
0.698727
0.708335
0.702377
0.698313
0.70831
0.702396
0.698455
0.708011
0.702032
0.698735
0.708189
0.703424
0.698771
0.708061
0.702133
0.698128
0.708548
0.702648
0.700284
0.707972
0.702221
0.698459
0.70777
0.702098
0.698331
0.707937
0.702805
0.698853
0.708593
0.702186
0.698351
0.708747
0.702488
0.698388
0.707951
0.704473
0.698475
0.707959
0.702289
0.698593
0.7083
0.702666
0.698608
0.708366
0.702087
0.698772
0.708984
0.702614
0.698563
0.708201
0.702387
0.698453
0.709151
0.704788
0.698523
0.707963
0.702702
0.698459
0.708571
0.702291
0.699079
0.709089
0.702405
0.698579
0.707918
0.702339
0.69857
0.707977
0.70245
0.698024
0.708056
0.702629
0.698821
0.708383
0.702792
0.698802
0.708142
0.702041
0.698536
0.708533
0.702478
0.698738
0.708205
0.702674
0.698823
0.708099
0.702572
0.698038
0.708465
0.702409
0.698337
0.708218
0.702176
0.698675
0.707737
0.70269
0.700997
0.708046
0.702076
0.697857
0.707852
0.702591
0.698448
0.708007
0.702407
0.698413
0.708276
0.702013
0.698268
0.707859
0.702523
0.698445
0.707928
0.702492
0.698275
0.707897
0.704486
0.698357
0.708302
0.702184
0.698413
0.708316
0.702221
0.698339
0.708458
0.702147
0.698767
0.707906
0.702606
0.698532
0.707952
0.702423
0.698207
0.708178
0.702545
0.69824
0.7083
0.702567
0.699675
0.708409
0.702372
0.698699
0.707891
0.702377
0.698605
0.708128
0.702454
0.698125
0.708447
0.702649
0.69842
0.708367
0.702191
0.698589
0.70753
0.702356
0.698787
0.70819
0.702562
0.698521
0.70817
0.702279
0.698154
0.708659
0.702522
0.698653
0.708634
0.702497
0.698998
0.707617
0.702042
0.69814
0.708214
0.702874
0.698841
0.708236
0.702369
0.698169
0.70823
0.70268
0.698343
0.709006
0.703173
0.698155
0.708234
0.702283
0.698498
0.708035
0.702351
0.698499
0.707996
0.702642
0.698237
0.708324
0.702715
0.698293
0.708498
0.702272
0.698513
0.707958
0.702211
0.698599
0.708257
0.702284
0.698037
0.708217
0.70515
0.698482
0.708545
0.702407
0.698646
0.70839
0.702158
0.698209
0.70824
0.70178
0.698561
0.707839
0.702171
0.698215
0.707779
0.702432
0.698537
0.709168
0.703187
0.698551
0.708201
0.702166
0.698306
0.707791
0.702181
0.699056
0.708175
0.702522
0.698625
0.708206
0.702692
0.69807
0.708905
0.702241
0.698722
0.709256
0.702616
0.698475
0.708119
0.702478
0.698632
0.708
0.702533
0.698327
0.708
0.702592
0.698314
0.708568
0.702758
0.698172
0.708173
0.702374
0.698593
0.70804
0.702434
0.698224
0.708076
0.702369
0.698308
0.707867
0.703093
0.701054
0.70855
0.702187
0.698236
0.70829
0.702367
0.698666
0.70801
0.702389
0.698179
0.708094
0.702467
0.698492
0.708198
0.70261
0.698262
0.708868
0.702385
0.698128
0.708996
0.704889
0.699108
0.708202
0.702198
0.698696
0.70788
0.702637
0.698487
0.707813
0.702624
0.698187
0.708188
0.702518
0.698364
0.708348
0.702474
0.69835
0.707811
0.702175
0.698423
0.708014
0.702703
0.69889
0.708501
0.702431
0.698231
0.708431
0.702625
0.698434
0.708649
0.702149
0.698463
0.708191
0.702346
0.698556
0.708499
0.702499
0.698633
0.707737
0.702276
0.698388
0.708503
0.702515
0.698188
0.708021
0.702281
0.698487
0.707896
0.702082
0.698724
0.707947
0.702472
0.698233
0.707807
0.7029
0.698007
0.708922
0.702399
0.698343
0.708059
0.702132
0.698481
0.707859
0.702399
0.698606
0.709727
0.702691
0.698342
0.708376
0.702575
0.698272
0.70841
0.702549
0.699023
0.708583
0.702264
0.698315
0.707901
0.70244
0.698348
0.707776
0.702454
0.698324
0.708134
0.702637
0.698079
0.708375
0.702218
0.69832
0.708648
0.704564
0.698728
0.707953
0.702211
0.698434
0.708059
0.702413
0.698573
0.708031
0.702528
0.69834
0.708573
0.702327
0.698405
0.708554
0.702405
0.698301
0.708396
0.703418
0.6989
0.707838
0.702595
0.698441
0.707588
0.702553
0.700662
0.708608
0.702502
0.698005
0.708267
0.702382
0.698349
0.707787
0.702251
0.698766
0.707868
0.7023
0.698382
0.708246
0.702756
0.698225
0.708479
0.702336
0.698481
0.708108
0.702115
0.698574
0.708063
0.702393
0.698357
0.707933
0.702611
0.698428
0.707932
0.702397
0.698564
0.708454
0.70263
0.698297
0.708588
0.702265
0.701787
0.70791
0.702265
0.698559
0.707852
0.702313
0.698234
0.709322
0.704222
0.698186
0.708186
0.702211
0.698749
0.708583
0.702951
0.698208
0.707847
0.702444
0.698402
0.707828
0.702471
0.698461
0.708001
0.702461
0.698167
0.709267
0.702586
0.698655
0.708325
0.702342
0.698651
0.707943
0.702317
0.698439
0.707603
0.702366
0.698179
0.7079
0.702414
0.698224
0.708304
0.702503
0.699076
0.708124
0.702445
0.698455
0.708066
0.70235
0.698344
0.708109
0.702321
0.698338
0.707876
0.70229
0.698392
0.708519
0.70249
0.698134
0.708419
0.702262
0.698611
0.707932
0.702132
0.698199
0.707735
0.702318
0.698172
0.70806
0.702653
0.698132
0.708489
0.702381
0.698394
0.708224
0.702181
0.698359
0.707453
0.702419
0.698799
0.70795
0.702647
0.69821
0.707751
0.702379
0.698372
0.708825
0.702427
0.698385
0.708318
0.70439
0.698598
0.707804
0.702317
0.698686
0.708003
0.702688
0.698367
0.707962
0.702418
0.698737
0.707926
0.702429
0.698356
0.707928
0.702335
0.698372
0.707787
0.702121
0.698946
0.708231
0.703437
0.698759
0.707662
0.702628
0.698423
0.708201
0.702629
0.698647
0.708317
0.702277
0.69885
0.707866
0.702165
0.698633
0.707996
0.70265
0.698247
0.707779
0.703445
0.698092
0.708014
0.70238
0.698952
0.708406
0.70245
0.700017
0.707704
0.702122
0.698452
0.707691
0.702547
0.698562
0.707815
0.702328
0.698589
0.708365
0.702368
0.698288
0.708382
0.702398
0.69836
0.707395
0.70245
0.69806
0.707958
0.702514
0.69856
0.707929
0.70218
0.698209
0.70834
0.702635
0.698894
0.708164
0.702494
0.698494
0.7078
0.70182
0.69842
0.707834
0.702208
0.699244
0.707978
0.702474
0.698002
0.708842
0.702602
0.698402
0.708639
0.704237
0.698711
0.707432
0.702059
0.698528
0.707748
0.702389
0.698239
0.707614
0.702704
0.698037
0.708105
0.702565
0.698297
0.708097
0.702545
0.698615
0.707961
0.702247
0.698561
0.707847
0.702547
0.698246
0.707633
0.702151
0.698385
0.708737
0.70214
0.698567
0.708085
0.70202
0.698582
0.708057
0.701935
0.698764
0.707768
0.702703
0.698617
0.708068
0.702603
0.698465
0.708391
0.702248
0.698224
0.708457
0.702406
0.698464
0.707871
0.702071
0.698563
0.707868
0.702865
0.698245
0.707721
0.70238
0.698041
0.708387
0.702394
0.698379
0.708429
0.702759
0.69829
0.708178
0.702182
0.698485
0.707871
0.702398
0.698344
0.708026
0.702875
0.698635
0.708047
0.702429
0.698351
0.708039
0.702222
0.698506
0.707931
0.702065
0.698458
0.707875
0.705108
0.698957
0.707529
0.702593
0.698681
0.708275
0.702207
0.698689
0.708405
0.702186
0.698299
0.70769
0.70255
0.698283
0.707708
0.702368
0.698406
0.707558
0.702578
0.698223
0.708366
0.702416
0.699036
0.708407
0.702457
0.698742
0.708067
0.701908
0.698494
0.707505
0.702555
0.698211
0.707692
0.702434
0.698162
0.708408
0.702369
0.698243
0.707592
0.702546
0.697811
0.707724
0.702383
0.698411
0.70848
0.70684
0.698309
0.70791
0.702361
0.697872
0.708121
0.702384
0.698518
0.708394
0.702359
0.698783
0.707587
0.702198
0.698421
0.707559
0.702489
0.698212
0.707672
0.702568
0.698624
0.708287
0.702394
0.698561
0.708777
0.702424
0.698744
0.707626
0.702748
0.698845
0.707777
0.702287
0.698331
0.708192
0.70236
0.698379
0.708263
0.702764
0.699924
0.708232
0.702102
0.698781
0.707896
0.702427
0.698116
0.70822
0.704568
0.698593
0.707676
0.702527
0.69831
0.708329
0.702447
0.698042
0.708482
0.70218
0.698519
0.707689
0.702281
0.698404
0.707359
0.702573
0.698634
0.708461
0.702287
0.698307
0.708191
0.702518
0.698308
0.707785
0.702366
0.698563
0.707604
0.702094
0.698219
0.707962
0.702622
0.698291
0.707919
0.702524
0.698452
0.708591
0.702447
0.698118
0.708766
0.70259
0.698393
0.707669
0.702042
0.698374
0.707627
0.702779
0.698423
0.707748
0.702879
0.698084
0.70831
0.702543
0.698467
0.708532
0.702446
0.698606
0.707707
0.702166
0.69834
0.708149
0.702715
0.69851
0.708123
0.702275
0.698389
0.708447
0.702441
0.698087
0.708322
0.702394
0.698437
0.707591
0.702092
0.698415
0.708114
0.702326
0.698453
0.709254
0.702659
0.697857
0.707962
0.704838
0.698644
0.708118
0.702513
0.698401
0.707749
0.70208
0.698445
0.707845
0.702547
0.69835
0.707479
0.702372
0.698499
0.708238
0.702355
0.698811
0.708701
0.702196
0.698619
0.708061
0.703053
0.699082
0.707619
0.702493
0.69857
0.707907
0.7029
0.697946
0.708113
0.702233
0.698375
0.708103
0.702312
0.698073
0.707852
0.702017
0.698432
0.707458
0.703227
0.698449
0.707573
0.702817
0.698559
0.70792
0.703484
0.69859
0.708022
0.70218
0.698305
0.707615
0.702347
0.698806
0.707904
0.702333
0.698658
0.707592
0.702265
0.698287
0.708206
0.702474
0.698497
0.707717
0.702397
0.698512
0.707697
0.702461
0.698503
0.707852
0.702267
0.697916
0.70748
0.70248
0.698427
0.708512
0.702263
0.698264
0.708251
0.702329
0.698452
0.70833
0.705034
0.698529
0.707345
0.702537
0.698201
0.707797
0.702474
0.698262
0.708357
0.706614
0.698602
0.707908
0.702518
0.698681
0.707944
0.702126
0.698512
0.70792
0.702319
0.698171
0.707432
0.702241
0.698226
0.708217
0.702549
0.698529
0.708947
0.702195
0.698582
0.707931
0.702215
0.698333
0.707836
0.702278
0.698467
0.707982
0.702536
0.697962
0.708391
0.702121
0.698319
0.707923
0.70225
0.698932
0.707591
0.702355
0.698428
0.708192
0.702468
0.698652
0.707631
0.702486
0.698776
0.7084
0.702318
0.698166
0.70811
0.702436
0.698475
0.707894
0.702133
0.698111
0.70795
0.702826
0.698123
0.707696
0.702403
0.698273
0.707887
0.702346
0.698491
0.708146
0.702602
0.698194
0.707616
0.702063
0.698365
0.707496
0.702685
0.698332
0.707825
0.70239
0.698135
0.708096
0.702157
0.698292
0.709116
0.702425
0.698293
0.707346
0.704941
0.698118
0.707831
0.702581
0.698052
0.70758
0.702411
0.698076
0.70945
0.703763
0.698474
0.707962
0.702613
0.698442
0.707581
0.702347
0.698224
0.707842
0.702357
0.698212
0.70769
0.702911
0.699177
0.70814
0.702513
0.697799
0.708183
0.702207
0.698415
0.707752
0.702207
0.698232
0.707763
0.702408
0.698548
0.707986
0.702579
0.697994
0.708438
0.702659
0.698599
0.708377
0.702473
0.698354
0.70891
0.702145
0.698654
0.708071
0.702266
0.698379
0.707473
0.702547
0.698392
0.708674
0.70259
0.698573
0.708071
0.702434
0.698332
0.707763
0.70204
0.698721
0.707522
0.701989
0.698514
0.707797
0.702159
0.69821
0.70749
0.701669
0.698455
0.707711
0.702262
0.698729
0.707647
0.701862
0.698345
0.708276
0.702215
0.698261
0.707563
0.703031
0.698208
0.707643
0.702226
0.698301
0.707762
0.702177
0.698575
0.707822
0.704983
0.698292
0.707634
0.701944
0.698162
0.708153
0.702097
0.698168
0.707476
0.701808
0.698379
0.707881
0.701931
0.698158
0.707721
0.702054
0.698491
0.708295
0.702097
0.698364
0.707605
0.701996
0.698428
0.707787
0.701996
0.69834
0.707588
0.702452
0.69841
0.708015
0.702194
0.698465
0.707475
0.702026
0.701071
0.707693
0.70201
0.698253
0.707824
0.702034
0.698421
0.708066
0.702105
0.698284
0.708055
0.702096
0.698366
0.707763
0.7021
0.698214
0.707736
0.702031
0.698636
0.707482
0.702048
0.698481
0.707527
0.702063
0.698811
0.707665
0.702829
0.698729
0.708188
0.701898
0.69834
0.70771
0.702267
0.698063
0.707807
0.702273
0.698638
0.708016
0.701966
0.698496
0.70769
0.702051
0.698323
0.708264
0.702312
0.698231
0.707626
0.704894
0.699051
0.707965
0.702236
0.698526
0.707852
0.702345
0.698623
0.707885
0.702302
0.698555
0.707639
0.701915
0.698247
0.708012
0.70203
0.698367
0.707789
0.70225
0.698274
0.708311
0.702855
0.698868
0.707935
0.701951
0.698665
0.70792
0.702078
0.698441
0.707871
0.702201
0.698579
0.707987
0.702159
0.698239
0.707617
0.701777
0.698489
0.709053
0.702095
0.698311
0.707549
0.7022
0.698426
0.709408
0.702433
0.69849
0.707794
0.702498
0.69839
0.707814
0.702323
0.698054
0.707429
0.702234
0.698288
0.708217
0.702225
0.698312
0.707717
0.702551
0.698449
0.707967
0.702325
0.698403
0.707969
0.702146
0.698455
0.707775
0.702352
0.698203
0.708199
0.702077
0.699571
0.707927
0.702179
0.697914
0.707764
0.702158
0.698502
0.707602
0.704006
0.698707
0.707784
0.702172
0.698089
0.707942
0.70223
0.698343
0.707667
0.704474
0.698559
0.707929
0.702132
0.698215
0.707396
0.702103
0.698387
0.707949
0.702247
0.698249
0.707978
0.70192
0.698404
0.70802
0.702112
0.698385
0.708495
0.702386
0.698165
0.707895
0.702142
0.698474
0.707941
0.70209
0.698143
0.70805
0.702272
0.698677
0.707659
0.702322
0.698143
0.707821
0.702252
0.699866
0.707863
0.702062
0.698732
0.707646
0.70219
0.698445
0.707414
0.70212
0.69863
0.707826
0.702032
0.698182
0.70771
0.702219
0.698963
0.707824
0.70283
0.699146
0.707588
0.701903
0.698392
0.707876
0.702045
0.698307
0.707986
0.702048
0.698711
0.708108
0.702535
0.698427
0.707489
0.701871
0.698749
0.708365
0.704098
0.698181
0.707391
0.702564
0.698489
0.708149
0.702293
0.698231
0.708664
0.701779
0.698785
0.707497
0.702826
0.698586
0.707791
0.701865
0.698591
0.708477
0.702243
0.698196
0.707762
0.701997
0.698369
0.708044
0.702341
0.69823
0.70755
0.70209
0.697948
0.707332
0.702197
0.698089
0.707651
0.702356
0.698764
0.707896
0.70202
0.698184
0.707664
0.702147
0.698168
0.707684
0.70224
0.69854
0.707742
0.702322
0.698393
0.708034
0.702393
0.698535
0.70816
0.702313
0.698418
0.707875
0.702217
0.699727
0.707928
0.702656
0.698256
0.708204
0.702657
0.698319
0.708831
0.702335
0.698741
0.707682
0.702142
0.698559
0.70794
0.702056
0.698542
0.708519
0.702099
0.698682
0.707754
0.702061
0.698423
0.708394
0.702333
0.698423
0.708242
0.704893
0.698819
0.707743
0.702013
0.698776
0.707815
0.701944
0.698871
0.708368
0.702176
0.698987
0.707857
0.703655
0.698713
0.708087
0.702031
0.698419
0.70812
0.70225
0.698397
0.708117
0.702735
0.698852
0.708093
0.70206
0.698487
0.708077
0.702229
0.698453
0.70765
0.702209
0.698454
0.708169
0.702634
0.698692
0.708044
0.702284
0.698724
0.707939
0.70241
0.698701
0.707877
0.702414
0.698666
0.707623
0.702155
0.698687
0.707932
0.702217
0.698704
0.708487
0.702378
0.698231
0.707621
0.702835
0.699324
0.708262
0.702529
0.698067
0.707835
0.701984
0.698443
0.708132
0.70255
0.698415
0.707814
0.70225
0.698865
0.708428
0.702383
0.698549
0.708173
0.703028
0.69861
0.707785
0.702225
0.698396
0.708115
0.702059
0.698256
0.708044
0.702076
0.698502
0.708031
0.702128
0.698525
0.707937
0.702338
0.698467
0.708303
0.704264
0.698851
0.708004
0.702349
0.698294
0.707869
0.70225
0.699269
0.708142
0.70243
0.698693
0.708302
0.702339
0.698701
0.707894
0.702194
0.698603
0.708505
0.702396
0.69865
0.707938
0.702332
0.698536
0.708004
0.702024
0.698142
0.708349
0.70212
0.698427
0.707725
0.7021
0.698919
0.708037
0.702644
0.698619
0.707747
0.702599
0.698423
0.707947
0.702485
0.698538
0.707908
0.702492
0.698313
0.707798
0.702051
0.698632
0.708029
0.702166
0.698649
0.710359
0.702485
0.69848
0.707776
0.702593
0.698827
0.708499
0.702541
0.698453
0.70822
0.702177
0.699023
0.707976
0.70208
0.699074
0.707459
0.701979
0.698866
0.708122
0.702263
0.69873
0.708017
0.702148
0.698918
0.708046
0.702297
0.698488
0.707759
0.702353
0.698421
0.708153
0.705351
0.698878
0.707701
0.702261
0.698725
0.708063
0.702511
0.698707
0.707691
0.70216
0.698628
0.708088
0.703173
0.698613
0.707769
0.702298
0.698711
0.70777
0.702272
0.69877
0.708229
0.702431
0.699745
0.707918
0.702354
0.69868
0.707815
0.70257
0.698218
0.707724
0.702422
0.698557
0.708321
0.702293
0.698465
0.708129
0.702451
0.698624
0.708127
0.702318
0.698614
0.707865
0.702378
0.698889
0.707957
0.702375
0.698569
0.707867
0.702241
0.698832
0.707922
0.702166
0.698774
0.707841
0.702414
0.69939
0.708164
0.702298
0.698733
0.70805
0.702277
0.698504
0.708106
0.70218
0.698478
0.707948
0.702209
0.698199
0.708153
0.702037
0.698693
0.708102
0.702381
0.698758
0.70805
0.702668
0.69893
0.708172
0.702345
0.698647
0.707857
0.702399
0.698594
0.708194
0.702077
0.698448
0.707727
0.702427
0.698489
0.708292
0.704259
0.698775
0.707967
0.702237
0.698592
0.708011
0.702354
0.699005
0.707852
0.702442
0.698923
0.708143
0.70229
0.698373
0.708015
0.702171
0.698261
0.708646
0.702464
0.698373
0.707842
0.702549
0.698454
0.708046
0.702653
0.69866
0.708294
0.702234
0.698646
0.708293
0.702167
0.698423
0.707904
0.702325
0.698817
0.708158
0.702132
0.698486
0.708043
0.702505
0.698992
0.708136
0.702162
0.698446
0.708072
0.702122
0.69866
0.708223
0.702514
0.698594
0.708322
0.702463
0.69852
0.708086
0.702058
0.699202
0.708948
0.702178
0.698764
0.708217
0.702375
0.698922
0.707953
0.702363
0.698781
0.707942
0.702254
0.698382
0.708231
0.702369
0.698796
0.70797
0.702458
0.698771
0.707849
0.702208
0.698842
0.707955
0.702186
0.698876
0.708097
0.704799
0.698591
0.708443
0.702464
0.698697
0.707897
0.702461
0.698679
0.708529
0.702629
0.698829
0.707766
0.702633
0.698297
0.708093
0.702445
0.698854
0.70787
0.702441
0.698688
0.708238
0.702841
0.699316
0.707843
0.702565
0.698593
0.707816
0.702317
0.698458
0.708233
0.702815
0.698701
0.708129
0.702201
0.699146
0.707933
0.702523
0.698618
0.708547
0.702218
0.698634
0.707946
0.702126
0.698731
0.70783
0.702371
0.698846
0.707953
0.702062
0.698692
0.708313
0.702307
0.698521
0.708088
0.703251
0.698971
0.708258
0.702421
0.69884
0.70815
0.702326
0.698845
0.708147
0.702006
0.698725
0.707978
0.702327
0.698551
0.708367
0.702485
0.698263
0.707712
0.702578
0.698884
0.708441
0.702452
0.698667
0.707978
0.70258
0.698427
0.708462
0.702693
0.698813
0.708333
0.702209
0.698607
0.708559
0.702055
0.698584
0.708417
0.704632
0.699012
0.708233
0.702266
0.698668
0.708056
0.702339
0.70065
0.708216
0.702368
0.698571
0.708301
0.702276
0.698459
0.708367
0.702048
0.698407
0.708767
0.702549
0.698493
0.708084
0.702626
0.698495
0.707588
0.702832
0.698722
0.708139
0.702444
0.698668
0.707795
0.702128
0.698653
0.708202
0.702212
0.698215
0.707809
0.702218
0.698797
0.707967
0.702554
0.69867
0.707678
0.702476
0.698712
0.707757
0.702426
0.698626
0.707968
0.702459
0.698857
0.709363
0.702609
0.698468
0.708029
0.703404
0.7002
0.708884
0.702092
0.698386
0.707834
0.702666
0.698593
0.708261
0.702437
0.698507
0.707521
0.702166
0.698764
0.708081
0.702311
0.698768
0.707991
0.702369
0.698773
0.708049
0.702399
0.698544
0.70812
0.702188
0.698842
0.708114
0.704619
0.698663
0.70776
0.702691
0.69858
0.708705
0.702461
0.698508
0.70793
0.702532
0.698557
0.708038
0.703712
0.698714
0.70823
0.702366
0.698653
0.708341
0.702471
0.698591
0.708253
0.70266
0.699893
0.708225
0.702441
0.698641
0.70808
0.702146
0.698147
0.707848
0.702589
0.698401
0.707944
0.702063
0.698753
0.708036
0.702365
0.69864
0.708225
0.702301
0.698643
0.707781
0.702423
0.698746
0.708148
0.702593
0.698432
0.708314
0.70233
0.698634
0.708083
0.702119
0.698604
0.708223
0.702864
0.699248
0.707942
0.702207
0.698801
0.707898
0.702113
0.698848
0.708157
0.70229
0.69858
0.708271
0.702348
0.69887
0.708187
0.702053
0.698866
0.708342
0.702288
0.699628
0.708289
0.702512
0.699042
0.708285
0.7023
0.698649
0.707737
0.702166
0.698656
0.707963
0.702341
0.698489
0.708101
0.702392
0.698567
0.708169
0.704441
0.698629
0.707673
0.702589
0.69831
0.708554
0.70254
0.698746
0.708115
0.702427
0.698941
0.708046
0.702411
0.698607
0.708204
0.702401
0.698431
0.709008
0.70234
0.698701
0.70825
0.702279
0.699049
0.708362
0.702417
0.698586
0.708189
0.702387
0.698518
0.70786
0.702548
0.698437
0.707982
0.702191
0.698827
0.708292
0.702251
0.698905
0.708034
0.702728
0.698571
0.708334
0.702133
0.698427
0.708034
0.702307
0.698872
0.708249
0.702331
0.698789
0.708284
0.702316
0.698805
0.708337
0.70271
0.699637
0.708026
0.70226
0.698662
0.708249
0.702571
0.698487
0.708145
0.702227
0.698468
0.708105
0.702376
0.698516
0.708151
0.702125
0.698428
0.708279
0.702476
0.698464
0.707867
0.702136
0.698584
0.708185
0.702523
0.698911
0.708139
0.705016
0.698743
0.707792
0.702354
0.698814
0.707609
0.702674
0.698576
0.708528
0.702255
0.698624
0.709522
0.702066
0.698736
0.7082
0.70217
0.698691
0.707758
0.702153
0.698504
0.707784
0.702656
0.699456
0.708272
0.70225
0.698752
0.708245
0.702124
0.698374
0.708087
0.702178
0.698764
0.707914
0.702366
0.698732
0.707899
0.702287
0.698301
0.708202
0.7025
0.698561
0.707967
0.702454
0.698478
0.708388
0.702566
0.698509
0.707738
0.702143
0.69855
0.708287
0.702263
0.698777
0.707912
0.702549
0.698671
0.708316
0.702687
0.698429
0.7078
0.702453
0.698262
0.708041
0.702454
0.698185
0.707664
0.702323
0.698682
0.708286
0.702516
0.69799
0.708058
0.702168
0.698713
0.708149
0.702526
0.698724
0.707989
0.702405
0.698633
0.70823
0.702531
0.698558
0.708382
0.702317
0.698683
0.707908
0.702256
0.698547
0.708251
0.706123
0.698834
0.708168
0.702588
0.6985
0.707853
0.702347
0.70038
0.707852
0.702236
0.698604
0.707684
0.702367
0.69911
0.708491
0.702282
0.698555
0.708598
0.702938
0.698969
0.708315
0.702204
0.698502
0.707882
0.702316
0.698562
0.708043
0.702298
0.698098
0.707739
0.702113
0.69895
0.70801
0.702476
0.698771
0.707768
0.702224
0.698645
0.707985
0.702611
0.698509
0.707998
0.70239
0.698374
0.708425
0.702487
0.698447
0.708134
0.702285
0.698905
0.70806
0.70256
0.69885
0.708036
0.70278
0.6994
0.708456
0.702593
0.698917
0.708057
0.702529
0.698395
0.707986
0.702323
0.698377
0.708057
0.702229
0.69831
0.707805
0.702432
0.698417
0.707718
0.702164
0.698931
0.707794
0.70225
0.698376
0.707862
0.702281
0.698742
0.70775
0.70501
0.698509
0.707996
0.702522
0.698773
0.707838
0.702081
0.698565
0.707621
0.702224
0.698716
0.708776
0.702924
0.698566
0.707775
0.702506
0.698456
0.707372
0.702164
0.698896
0.707363
0.7028
0.699542
0.707395
0.702079
0.698811
0.708146
0.703085
0.698558
0.707332
0.702445
0.698575
0.707511
0.702549
0.698394
0.708042
0.702466
0.698787
0.707331
0.70241
0.698702
0.708323
0.702219
0.698648
0.707598
0.702344
0.698732
0.707787
0.70287
0.698699
0.707545
0.702362
0.698872
0.707855
0.703417
0.698302
0.708407
0.70219
0.69875
0.707667
0.702859
0.698652
0.707336
0.702523
0.698492
0.707522
0.70248
0.69892
0.707166
0.702232
0.698275
0.707402
0.702334
0.698952
0.708642
0.702107
0.69864
0.707679
0.702127
0.698542
0.707823
0.70222
0.698823
0.708169
0.702367
0.698584
0.707644
0.70237
0.698639
0.707696
0.704965
0.698685
0.707595
0.702205
0.698613
0.707525
0.702368
0.698931
0.707653
0.70262
0.698396
0.707632
0.702781
0.6982
0.707557
0.702695
0.698576
0.708121
0.703123
0.698265
0.707759
0.702184
0.698586
0.707554
0.702195
0.698776
0.707485
0.702213
0.698675
0.707776
0.702349
0.69877
0.707764
0.702416
0.698714
0.707697
0.702492
0.698803
0.707446
0.702216
0.698521
0.707954
0.702467
0.698557
0.707592
0.702447
0.698459
0.707994
0.702661
0.699297
0.707711
0.70249
0.698846
0.707753
0.705335
0.698688
0.70785
0.702415
0.698764
0.707746
0.702575
0.698302
0.707357
0.70256
0.698863
0.707405
0.702584
0.698283
0.708628
0.705009
0.699109
0.707715
0.702419
0.698482
0.707737
0.702464
0.698829
0.707608
0.702274
0.69875
0.708053
0.702177
0.699072
0.707726
0.702557
0.698923
0.708277
0.702544
0.698754
0.707986
0.702484
0.698753
0.707746
0.70232
0.698741
0.708311
0.70246
0.69863
0.707511
0.702612
0.698304
0.707901
0.702788
0.698732
0.707614
0.702415
0.698914
0.707964
0.703294
0.698897
0.707327
0.702675
0.698552
0.707848
0.702709
0.698517
0.707426
0.702254
0.698646
0.707578
0.702538
0.698616
0.707683
0.702481
0.698648
0.707576
0.702438
0.69861
0.707692
0.702537
0.698874
0.707711
0.702526
0.69863
0.707609
0.703514
0.698895
0.707767
0.702523
0.698527
0.707215
0.70253
0.698809
0.707648
0.702292
0.698757
0.70772
0.702424
0.698572
0.707995
0.7047
0.698567
0.707518
0.70229
0.698324
0.70779
0.702285
0.698581
0.707527
0.702409
0.699192
0.707679
0.702493
0.698654
0.707627
0.702323
0.6986
0.707931
0.702576
0.698588
0.707765
0.702627
0.699447
0.708008
0.702379
0.69842
0.707146
0.702377
0.699779
0.707667
0.70263
0.698681
0.707607
0.702694
0.698416
0.707772
0.702864
0.698623
0.707495
0.702255
0.698669
0.707963
0.703255
0.698736
0.707489
0.702804
0.698925
0.707711
0.702506
0.698524
0.707332
0.702338
0.698922
0.707756
0.702347
0.698985
0.707436
0.702322
0.698691
0.707784
0.702535
0.698539
0.707442
0.702677
0.698936
0.707798
0.70229
0.698844
0.707909
0.702361
0.699239
0.707606
0.702352
0.698717
0.707855
0.703178
0.698729
0.707822
0.702483
0.698626
0.707669
0.702497
0.699059
0.707901
0.702664
0.699531
0.708893
0.702635
0.69853
0.707571
0.702828
0.698869
0.707594
0.70233
0.698527
0.707729
0.70238
0.698662
0.707655
0.702444
0.698929
0.707578
0.702112
0.698411
0.707536
0.702495
0.699106
0.707861
0.702521
0.69845
0.707392
0.70237
0.698899
0.708991
0.702416
0.698076
0.707572
0.702658
0.698434
0.70764
0.702467
0.698346
0.707357
0.702345
0.698455
0.707692
0.702514
0.698652
0.708077
0.702567
0.698583
0.707768
0.702656
0.698424
0.707438
0.702268
0.698674
0.707785
0.702519
0.698864
0.707319
0.702442
0.698403
0.707642
0.702563
0.698511
0.707573
0.702269
0.698248
0.70778
0.702824
0.698455
0.707412
0.70253
0.698387
0.707999
0.702708
0.698838
0.707381
0.702261
0.698646
0.707699
0.702389
0.698614
0.70752
0.70243
0.698438
0.707667
0.702334
0.698294
0.707507
0.704567
0.698658
0.707543
0.702537
0.698646
0.707415
0.702101
0.698471
0.707472
0.702692
0.698507
0.707519
0.702325
0.698856
0.707424
0.70252
0.698404
0.707422
0.702481
0.698559
0.707704
0.702818
0.699596
0.707254
0.702333
0.698633
0.707674
0.704131
0.698591
0.707713
0.702497
0.698765
0.707573
0.702525
0.698465
0.708068
0.702436
0.698772
0.707599
0.702966
0.698673
0.708279
0.702254
0.698491
0.708058
0.702689
0.698962
0.707171
0.702251
0.698442
0.707747
0.702364
0.69858
0.707639
0.702612
0.698931
0.707613
0.702256
0.69828
0.707426
0.702237
0.698684
0.708084
0.702826
0.698341
0.707574
0.702318
0.698517
0.707525
0.702394
0.700191
0.707699
0.702698
0.698708
0.707786
0.702321
0.699269
0.707648
0.702272
0.698684
0.707745
0.704497
0.700534
0.707484
0.702662
0.69846
0.707405
0.702273
0.698602
0.707711
0.704485
0.698715
0.708133
0.702303
0.698647
0.707818
0.702424
0.698543
0.707666
0.702399
0.6985
0.707501
0.702244
0.698336
0.70723
0.702664
0.698566
0.708471
0.702518
0.698814
0.707365
0.702512
0.698636
0.70861
0.702503
0.69884
0.707247
0.702211
0.698662
0.707574
0.702364
0.698658
0.707589
0.702391
0.698422
0.70765
0.702449
0.698895
0.708176
0.702401
0.698069
0.707711
0.702904
0.698549
0.707773
0.70274
0.698816
0.707164
0.702102
0.698435
0.70744
0.702717
0.698365
0.707401
0.702359
0.698924
0.70767
0.702677
0.698571
0.707895
0.702169
0.698364
0.707574
0.702468
0.698585
0.70761
0.70288
0.698787
0.70756
0.702497
0.698262
0.707365
0.702291
0.698624
0.707662
0.702535
0.698295
0.707633
0.702339
0.698706
0.707683
0.705488
0.698508
0.707537
0.702222
0.69876
0.707716
0.702495
0.698375
0.707384
0.702211
0.698559
0.707569
0.702342
0.698595
0.707147
0.702501
0.698283
0.707504
0.702425
0.698628
0.707768
0.702662
0.699613
0.707885
0.702391
0.698512
0.70764
0.702816
0.698767
0.707758
0.702529
0.698893
0.707292
0.702321
0.698588
0.707766
0.702673
0.698505
0.707805
0.702303
0.698508
0.70781
0.70231
0.698587
0.707319
0.702233
0.698622
0.707244
0.702162
0.698556
0.707533
0.70254
0.698494
0.707629
0.702245
0.698834
0.707624
0.702362
0.698802
0.708006
0.702519
0.698432
0.707567
0.702299
0.698462
0.707622
0.702456
0.698695
0.707769
0.702369
0.698952
0.707822
0.702062
0.699595
0.709997
0.702184
0.698741
0.707876
0.702544
0.698238
0.707416
0.702446
0.698611
0.707464
0.702324
0.698482
0.707597
0.702572
0.698321
0.707573
0.705873
0.699019
0.707453
0.702323
0.698516
0.707459
0.702257
0.6989
0.707231
0.70233
0.698654
0.707492
0.702411
0.698626
0.707401
0.702429
0.698585
0.708553
0.702728
0.698098
0.707508
0.702131
0.698674
0.70834
0.70222
0.698396
0.707302
0.702255
0.698481
0.707733
0.702598
0.698175
0.707717
0.702206
0.698484
0.707755
0.70256
0.698556
0.707613
0.702533
0.698424
0.707752
0.702479
0.69851
0.7074
0.70233
0.698755
0.707756
0.702629
0.698663
0.707261
0.702409
0.698797
0.707776
0.702591
0.698672
0.707533
0.702315
0.699311
0.707525
0.702987
0.698428
0.708141
0.702327
0.698526
0.708392
0.702569
0.698796
0.707593
0.702449
0.698549
0.707826
0.702564
0.698502
0.70778
