0.553864
0.530365
0.524666
0.51994
0.529134
0.522846
0.526943
0.514146
0.521197
0.526129
0.524071
0.513434
0.525528
0.520004
0.530488
0.515214
0.527822
0.517174
0.53468
0.514306
0.52115
0.520192
0.540212
0.520539
0.523581
0.512909
0.523531
0.518221
0.527431
0.515137
0.521749
0.518295
0.531952
0.509869
0.534108
0.53192
0.528214
0.525116
0.52939
0.519409
0.517887
0.510009
0.510822
0.513428
0.510016
0.529503
0.533387
0.514539
0.516888
0.521707
0.522323
0.5193
0.517794
0.511988
0.514296
0.516832
0.52155
0.519686
0.515646
0.513257
0.51591
0.516114
0.525677
0.508879
0.518344
0.516595
0.518329
0.514076
0.526712
0.510993
0.521707
0.512707
0.525661
0.520848
0.519453
0.510783
0.519258
0.528286
0.510632
0.521514
0.519111
0.516111
0.513522
0.522595
0.517359
0.519747
0.523781
0.51716
0.515559
0.5136
0.520464
0.513783
0.524027
0.518878
0.526037
0.53052
0.523506
0.518597
0.517319
0.517948
0.519507
0.511656
0.512549
0.515141
0.519244
0.517067
0.519337
0.514758
0.519343
0.52088
0.521373
0.509881
0.515934
0.511609
0.521651
0.5231
0.517783
0.514014
0.518074
0.516246
0.52114
0.520694
0.51845
0.514822
0.518146
0.524596
0.516882
0.518852
0.516199
0.524514
0.518231
0.524393
0.512695
0.510871
0.520538
0.529132
0.511692
0.519781
0.516333
0.512913
0.52185
0.532276
0.515575
0.521088
0.519846
0.511912
0.515495
0.521304
0.510231
0.51076
0.511743
0.518771
0.520793
0.514414
0.522397
0.517898
0.511328
0.51608
0.527431
0.515029
0.512646
0.525386
0.511616
0.525193
0.521631
0.508942
0.510108
0.51677
0.51219
0.514812
0.518883
0.522371
0.509755
0.525091
0.525288
0.515895
0.522147
0.515929
0.509993
0.516118
0.520565
0.518276
0.512299
0.527076
0.511218
0.51527
0.51586
0.512682
0.513907
0.513579
0.527111
0.514273
0.519795
0.512564
0.521618
0.511505
0.507682
0.508137
0.513827
0.509827
0.516994
0.516159
0.517968
0.516287
0.51449
0.515468
0.521053
0.514121
0.520881
0.515503
0.522463
0.521587
0.51196
0.520161
0.513244
0.523084
0.516407
0.51967
0.514885
0.520555
0.50777
0.518443
0.513294
0.51254
0.511935
0.51585
0.516434
0.514862
0.513153
0.51999
0.521894
0.516841
0.517807
0.518433
0.517556
0.516211
0.520315
0.516518
0.516635
0.520523
0.512565
0.522815
0.51886
0.524914
0.534545
0.512406
0.519401
0.513176
0.527941
0.527288
0.513524
0.526908
0.523008
0.513825
0.515322
0.511171
0.515661
0.510073
0.516668
0.51088
0.512397
0.51895
0.518131
0.523532
0.520121
0.520925
0.518408
0.510699
0.522687
0.508734
0.527156
0.514306
0.512818
0.518843
0.5135
0.522129
0.513375
0.515059
0.515631
0.519983
0.518844
0.514878
0.516767
0.517378
0.519411
0.517158
0.528564
0.525421
0.510463
0.519144
0.522393
0.510215
0.513455
0.518815
0.519332
0.517818
0.51501
0.519959
0.511038
0.511371
0.516406
0.52673
0.513803
0.517349
0.515924
0.51552
0.508507
0.51195
0.521336
0.523217
0.519228
0.515428
0.511352
0.519155
0.512918
0.506287
0.528398
0.515617
0.518907
0.516346
0.522194
0.521213
0.518796
0.510636
0.521355
0.514277
0.519362
0.514204
0.521208
0.516936
0.518245
0.518537
0.523516
0.522962
0.518994
0.514173
0.519957
0.520456
0.523561
0.518753
0.520741
0.522474
0.5198
0.513447
0.508423
0.510146
0.517841
0.512344
0.516237
0.510353
0.512809
0.516904
0.513937
0.517172
0.514134
0.516182
0.518126
0.521585
0.513592
0.519959
0.516455
0.523259
0.514456
0.519015
0.525407
0.510696
0.513333
0.514606
0.51989
0.518648
0.51661
0.514883
0.523534
0.510328
0.519002
0.514579
0.517565
0.513438
0.51777
0.511873
0.515166
0.520293
0.517387
0.514602
0.517915
0.511731
0.526501
0.514408
0.526458
0.517444
0.522218
0.511126
0.523025
0.513435
0.52263
0.528807
0.518466
0.51903
0.51361
0.529312
0.507693
0.516234
0.517079
0.515352
0.518051
0.512534
0.520935
0.514243
0.518431
0.515349
0.510519
0.517871
0.518543
0.519669
0.520502
0.513257
0.510828
0.523936
0.532302
0.533158
0.522953
0.511271
0.516494
0.522725
0.513847
0.513224
0.518443
0.513221
0.525727
0.522232
0.524839
0.51329
0.51774
0.52539
0.512899
0.518048
0.523868
0.511798
0.517457
0.523839
0.513796
0.52463
0.509337
0.512861
0.518913
0.517888
0.51839
0.512299
0.520743
0.509875
0.522094
0.517252
0.522336
0.513608
0.512514
0.521185
0.514365
0.519723
0.525532
0.522588
0.516239
0.518042
0.515819
0.520195
0.510757
0.515687
0.511342
0.525327
0.520893
0.514548
0.513609
0.513987
0.51542
0.519879
0.509056
0.513578
0.521807
0.509492
0.511719
0.510269
0.514046
0.517446
0.519356
0.52423
0.514763
0.516663
0.521468
0.517668
0.519355
0.518888
0.528412
0.521932
0.515437
0.514935
0.513907
0.511439
0.534692
0.536085
0.519703
0.515539
0.512749
0.509567
0.534663
0.525644
0.513082
0.507964
0.519195
0.518445
0.513564
0.517318
0.526254
0.516933
0.519643
0.513949
0.515264
0.512973
0.511443
0.516895
0.516822
0.513655
0.506814
0.513163
0.519305
0.522294
0.515011
0.518538
0.515907
0.51567
0.519853
0.52244
0.507914
0.516966
0.511846
0.507745
0.517077
0.512152
0.509031
0.517238
0.514156
0.508152
0.517295
0.511844
0.507943
0.517441
0.512233
0.508141
0.517174
0.511797
0.508375
0.517422
0.511802
0.50813
0.517084
0.512604
0.508038
0.517349
0.512344
0.508178
0.517767
0.511981
0.507918
0.517106
0.511942
0.508344
0.517069
0.511665
0.507959
0.517469
0.512245
0.508397
0.517192
0.511828
0.507627
0.517416
0.511954
0.509445
0.517171
0.512005
0.50765
0.51704
0.511741
0.508139
0.517239
0.512374
0.507833
0.516824
0.512168
0.508026
0.517602
0.512387
0.508162
0.516815
0.512106
0.508553
0.517132
0.511978
0.50782
0.517241
0.512324
0.508029
0.517188
0.511867
0.50799
0.517615
0.511988
0.508216
0.517113
0.511846
0.508546
0.516912
0.511995
0.50836
0.517629
0.512502
0.508177
0.517213
0.513229
0.508281
0.517917
0.515313
0.508
0.517077
0.5119
0.508422
0.517076
0.511878
0.508195
0.517495
0.512356
0.508273
0.517387
0.51194
0.50786
0.517763
0.512146
0.508183
0.516616
0.511867
0.507988
0.517737
0.512516
0.507901
0.517339
0.51224
0.508022
0.517609
0.512052
0.508229
0.517308
0.512246
0.507783
0.516986
0.511688
0.508381
0.517353
0.511889
0.508208
0.517363
0.512244
0.508374
0.517558
0.511913
0.507849
0.517647
0.512115
0.508063
0.517762
0.513338
0.508405
0.516986
0.511906
0.508486
0.517493
0.512066
0.507922
0.517277
0.511887
0.507867
0.517474
0.512158
0.507916
0.517193
0.511812
0.508207
0.517378
0.512101
0.507968
0.517356
0.512252
0.50808
0.517343
0.512178
0.5084
0.517514
0.512007
0.508224
0.517067
0.51182
0.508276
0.517291
0.511968
0.509892
0.518962
0.51229
0.508031
0.517225
0.511965
0.508235
0.520501
0.512207
0.508143
0.517225
0.511999
0.508472
0.517295
0.511675
0.508153
0.520264
0.512176
0.507999
0.51759
0.511792
0.508052
0.517392
0.511882
0.508984
0.517661
0.511598
0.508444
0.517378
0.511506
0.507922
0.517444
0.512117
0.507947
0.517297
0.512049
0.508245
0.517582
0.512154
0.508184
0.517413
0.5117
0.508295
0.518717
0.511852
0.508043
0.516807
0.512097
0.508354
0.517403
0.512009
0.507948
0.517735
0.512084
0.508219
0.517338
0.511825
0.508526
0.517751
0.511905
0.507979
0.517198
0.512203
0.50794
0.517354
0.511844
0.507762
0.517372
0.512303
0.508061
0.517402
0.512071
0.508462
0.517252
0.511608
0.508877
0.518512
0.512201
0.508209
0.517387
0.512055
0.508076
0.517484
0.512019
0.508142
0.517368
0.514343
0.507876
0.516769
0.511791
0.508037
0.517288
0.512684
0.507842
0.517423
0.512058
0.508167
0.517261
0.512607
0.507785
0.516903
0.512022
0.508199
0.517213
0.511651
0.507918
0.517119
0.512338
0.508454
0.516947
0.511871
0.507861
0.517587
0.512258
0.507955
0.517131
0.511752
0.508083
0.516979
0.512003
0.508011
0.51731
0.512732
0.507867
0.517287
0.511857
0.507955
0.517291
0.512054
0.507777
0.517064
0.511589
0.508181
0.517079
0.51192
0.507894
0.517578
0.512066
0.508177
0.517079
0.511662
0.507744
0.517616
0.51216
0.51138
0.51708
0.511686
0.507852
0.517172
0.511855
0.507836
0.516983
0.512241
0.507954
0.517313
0.511857
0.50799
0.517562
0.511961
0.507472
0.516968
0.512906
0.507744
0.516786
0.511769
0.508101
0.516962
0.51203
0.508132
0.516576
0.511641
0.50874
0.517285
0.512001
0.508029
0.517218
0.511849
0.507485
0.517666
0.511577
0.507798
0.517032
0.512435
0.508111
0.517302
0.512021
0.508021
0.517296
0.51198
0.508126
0.517087
0.511967
0.508174
0.517059
0.511896
0.507838
0.51713
0.512231
0.508093
0.517167
0.511892
0.507917
0.517818
0.51195
0.507802
0.517052
0.512222
0.50796
0.516855
0.511795
0.50788
0.516949
0.513956
0.50908
0.51904
0.511923
0.5081
0.517738
0.511832
0.507674
0.5169
0.511741
0.508058
0.517201
0.511895
0.507745
0.517364
0.51224
0.508059
0.517766
0.512341
0.507575
0.517094
0.512196
0.507899
0.516621
0.511679
0.508017
0.517027
0.511675
0.507774
0.516934
0.512469
0.507824
0.517205
0.511988
0.508215
0.517283
0.511927
0.507693
0.517397
0.511794
0.508063
0.51701
0.511637
0.50821
0.517199
0.512545
0.508183
0.517083
0.511787
0.507533
0.517549
0.512146
0.509562
0.517119
0.511664
0.508073
0.516897
0.511524
0.507803
0.516983
0.512078
0.50822
0.517774
0.511692
0.507727
0.517711
0.512108
0.507994
0.517016
0.513521
0.507933
0.516942
0.511747
0.508059
0.517327
0.512097
0.508082
0.517458
0.51168
0.508179
0.518065
0.512252
0.508137
0.517448
0.51183
0.50802
0.517472
0.514273
0.507962
0.51705
0.512075
0.507854
0.517551
0.511776
0.508523
0.51802
0.511969
0.50812
0.517107
0.511778
0.508107
0.517087
0.51195
0.507502
0.517075
0.512036
0.50834
0.517458
0.512048
0.508163
0.517258
0.511653
0.508025
0.517711
0.511885
0.508261
0.51733
0.512114
0.508158
0.517217
0.511991
0.507544
0.517516
0.511931
0.507647
0.517169
0.511656
0.508151
0.516708
0.51183
0.510474
0.5172
0.511563
0.507364
0.516872
0.512074
0.507864
0.517159
0.51181
0.507869
0.51738
0.511481
0.507876
0.517027
0.511929
0.508038
0.516989
0.51189
0.507595
0.516925
0.514
0.507705
0.517385
0.511738
0.507867
0.51733
0.51163
0.507824
0.517478
0.511564
0.508242
0.517049
0.51199
0.507819
0.516953
0.511717
0.50774
0.517296
0.511963
0.507747
0.517354
0.512055
0.508692
0.517516
0.511823
0.508232
0.516962
0.511787
0.507972
0.517199
0.511844
0.507546
0.517532
0.512108
0.507955
0.517457
0.511706
0.508193
0.516763
0.511738
0.508305
0.517293
0.512087
0.507821
0.517064
0.511795
0.507565
0.517765
0.512076
0.508047
0.517567
0.512034
0.508424
0.516683
0.511608
0.507732
0.51716
0.512234
0.50771
0.517307
0.511866
0.507604
0.517228
0.512158
0.507689
0.517994
0.512043
0.507721
0.517251
0.511784
0.507878
0.517041
0.511795
0.507576
0.517192
0.511986
0.507761
0.517368
0.512161
0.507766
0.517541
0.511838
0.508014
0.517116
0.511632
0.508191
0.517319
0.51177
0.507524
0.517254
0.514281
0.507948
0.517644
0.511852
0.508051
0.517396
0.511676
0.50775
0.517304
0.511354
0.508116
0.516792
0.51185
0.507614
0.516898
0.511876
0.507869
0.51757
0.512506
0.507854
0.517241
0.511527
0.507763
0.516835
0.511648
0.508662
0.516966
0.511939
0.507988
0.517202
0.512091
0.507424
0.517763
0.51176
0.507971
0.518109
0.512061
0.507995
0.51722
0.511712
0.508159
0.517167
0.511984
0.507715
0.517057
0.511824
0.507699
0.517591
0.512192
0.507565
0.517168
0.511858
0.508118
0.51717
0.511747
0.507706
0.517105
0.511735
0.507651
0.516978
0.512151
0.510506
0.517463
0.511635
0.507606
0.517364
0.51181
0.508234
0.51701
0.511607
0.507742
0.51717
0.511875
0.507661
0.51718
0.512068
0.507642
0.517834
0.511851
0.507656
0.517991
0.514349
0.50844
0.51732
0.511599
0.508139
0.51698
0.512126
0.507922
0.516918
0.512036
0.507587
0.517205
0.511787
0.507747
0.517286
0.511833
0.507815
0.516978
0.511648
0.508052
0.517034
0.512157
0.507953
0.517112
0.511874
0.507654
0.517378
0.512139
0.507707
0.51766
0.511632
0.507942
0.517259
0.511717
0.507971
0.517587
0.511959
0.507977
0.516895
0.511695
0.507765
0.517481
0.51181
0.507574
0.517121
0.511737
0.508034
0.516884
0.511461
0.508224
0.517037
0.51194
0.507528
0.516861
0.51224
0.507395
0.517589
0.511889
0.50771
0.517011
0.511842
0.50782
0.517066
0.511789
0.508071
0.518896
0.512101
0.507712
0.51746
0.512023
0.507628
0.517522
0.511914
0.508332
0.517573
0.511761
0.507775
0.517012
0.51193
0.507923
0.516877
0.51202
0.507811
0.517083
0.512104
0.507568
0.517414
0.511762
0.507729
0.517586
0.513568
0.508148
0.517148
0.511523
0.508044
0.517081
0.511777
0.507926
0.517199
0.51194
0.507684
0.51761
0.511831
0.507892
0.517532
0.511965
0.507862
0.517517
0.512285
0.508182
0.517014
0.512009
0.507846
0.5166
0.512016
0.509745
0.517659
0.512005
0.507432
0.517318
0.511844
0.507786
0.516852
0.511776
0.508309
0.516735
0.511888
0.507803
0.517257
0.512214
0.507621
0.51754
0.51174
0.50795
0.517065
0.511689
0.508127
0.516989
0.511768
0.507896
0.516955
0.511991
0.507827
0.517077
0.51189
0.507901
0.517573
0.512068
0.507793
0.517606
0.511797
0.510538
0.517088
0.511706
0.508047
0.516936
0.511787
0.507761
0.518308
0.513831
0.507615
0.517211
0.511769
0.508133
0.517671
0.512366
0.507683
0.516978
0.511788
0.50783
0.51695
0.511963
0.507766
0.517111
0.51178
0.507679
0.517852
0.511918
0.508019
0.5174
0.511946
0.507991
0.517071
0.511721
0.507946
0.516655
0.511731
0.507551
0.516855
0.51188
0.507634
0.517307
0.511852
0.508463
0.517213
0.511978
0.507987
0.517083
0.511675
0.507877
0.517136
0.511743
0.507767
0.516809
0.511665
0.507695
0.517699
0.511951
0.507479
0.517337
0.511737
0.508109
0.517067
0.511616
0.507757
0.516878
0.511737
0.507529
0.517205
0.51194
0.507516
0.517577
0.511799
0.507776
0.517212
0.511793
0.507754
0.516473
0.511736
0.508265
0.516992
0.512022
0.507618
0.516736
0.511857
0.507798
0.517672
0.51179
0.507695
0.517314
0.513667
0.507959
0.516921
0.511646
0.508148
0.517111
0.512155
0.507676
0.516993
0.511857
0.507695
0.516998
0.511848
0.507723
0.516996
0.51188
0.507733
0.516874
0.511396
0.508404
0.517262
0.512848
0.507633
0.516809
0.512046
0.507703
0.517155
0.512094
0.508045
0.517355
0.511763
0.508274
0.517005
0.511708
0.508335
0.51706
0.512038
0.507418
0.51688
0.512843
0.507581
0.517128
0.511709
0.508309
0.517498
0.511956
0.509112
0.516793
0.511605
0.507824
0.516858
0.512018
0.508146
0.516936
0.511741
0.50795
0.517213
0.511887
0.507744
0.517385
0.511895
0.507803
0.516607
0.511752
0.507656
0.517038
0.512061
0.507944
0.516969
0.511734
0.507724
0.517458
0.512053
0.508163
0.517166
0.511932
0.507939
0.516796
0.511222
0.507937
0.51692
0.511728
0.507827
0.516977
0.511913
0.507429
0.517838
0.512092
0.507703
0.517663
0.513608
0.508264
0.516612
0.511616
0.508002
0.516764
0.511789
0.507652
0.516764
0.512245
0.507428
0.517139
0.511936
0.507744
0.517131
0.512092
0.508083
0.516609
0.511702
0.508074
0.517072
0.511989
0.507634
0.51663
0.511567
0.507857
0.517742
0.511674
0.507917
0.51719
0.511386
0.507936
0.51717
0.511354
0.508476
0.516897
0.512095
0.507999
0.517043
0.51181
0.507813
0.51741
0.511719
0.507599
0.51742
0.511796
0.507958
0.516946
0.511343
0.507884
0.516944
0.512149
0.50759
0.516656
0.511693
0.507433
0.517469
0.511896
0.507759
0.517452
0.511935
0.507843
0.517222
0.511542
0.507917
0.516973
0.511722
0.507731
0.516932
0.512163
0.507978
0.517159
0.511956
0.507746
0.51698
0.511693
0.507875
0.517071
0.511475
0.507927
0.516954
0.514225
0.508146
0.516495
0.512016
0.507992
0.517266
0.511651
0.508073
0.517162
0.511756
0.507814
0.516839
0.511934
0.507824
0.516893
0.511783
0.507816
0.516619
0.512012
0.507607
0.517348
0.511977
0.507894
0.517405
0.511887
0.508139
0.517097
0.511351
0.507754
0.5166
0.511963
0.507637
0.516546
0.511853
0.507614
0.517423
0.511757
0.507685
0.516655
0.512086
0.507271
0.5168
0.511925
0.508074
0.517576
0.515099
0.507732
0.516878
0.511883
0.507301
0.517153
0.511921
0.507826
0.517444
0.511905
0.508265
0.516635
0.511631
0.508016
0.51653
0.511975
0.507652
0.516672
0.512165
0.508044
0.517315
0.511898
0.507922
0.517762
0.511884
0.508313
0.516602
0.512137
0.508222
0.516826
0.511754
0.507669
0.517207
0.511965
0.507702
0.51743
0.512155
0.509019
0.517294
0.511618
0.508178
0.51718
0.511812
0.507727
0.517381
0.513783
0.507908
0.516673
0.51196
0.507669
0.517521
0.511902
0.507485
0.517498
0.511781
0.50803
0.516729
0.511741
0.507952
0.516577
0.512038
0.508057
0.516973
0.511678
0.507866
0.517259
0.512049
0.507753
0.516933
0.511798
0.508105
0.516719
0.511582
0.507793
0.517078
0.512007
0.507665
0.517009
0.511968
0.507963
0.517611
0.511941
0.507509
0.517815
0.51185
0.507888
0.516789
0.511542
0.507909
0.516719
0.512256
0.50768
0.516741
0.512128
0.507407
0.51733
0.511927
0.50793
0.517541
0.511887
0.508059
0.516752
0.51159
0.507849
0.517257
0.511944
0.507804
0.516966
0.511784
0.507757
0.517511
0.511899
0.507524
0.517338
0.511858
0.507899
0.516661
0.51142
0.507921
0.517181
0.511807
0.507768
0.518417
0.511989
0.507101
0.516918
0.514002
0.507989
0.517117
0.51204
0.507901
0.516762
0.511436
0.507742
0.516996
0.51199
0.507738
0.516599
0.51182
0.507832
0.517312
0.511895
0.508161
0.517566
0.511689
0.508091
0.517062
0.51243
0.508156
0.516817
0.512016
0.508021
0.517054
0.512308
0.507476
0.517263
0.511712
0.507795
0.517131
0.511646
0.507582
0.517068
0.511508
0.507964
0.516656
0.512309
0.507856
0.516636
0.512157
0.507982
0.516971
0.512877
0.507935
0.517069
0.511664
0.507835
0.516727
0.51178
0.508363
0.516948
0.511855
0.507977
0.516693
0.511756
0.507689
0.517279
0.511883
0.508005
0.516848
0.511817
0.508055
0.516723
0.51184
0.507937
0.516947
0.511786
0.507302
0.516536
0.511968
0.507891
0.517643
0.511696
0.507763
0.517408
0.511846
0.50785
0.517321
0.514445
0.508196
0.516617
0.512046
0.507538
0.516949
0.512065
0.507698
0.517406
0.515973
0.508011
0.517046
0.511886
0.508232
0.517019
0.51164
0.507979
0.516926
0.511802
0.507639
0.516509
0.511697
0.507664
0.517266
0.512022
0.507989
0.517227
0.511752
0.50816
0.517103
0.511693
0.507942
0.51694
0.511778
0.507894
0.517124
0.512016
0.507473
0.517337
0.511605
0.5078
0.516958
0.511725
0.508437
0.516639
0.51168
0.508011
0.517251
0.511771
0.507935
0.516808
0.51187
0.508206
0.517492
0.51171
0.507695
0.517198
0.511949
0.508024
0.517051
0.511588
0.507747
0.51702
0.512274
0.507642
0.516839
0.511872
0.507675
0.517055
0.511741
0.507917
0.517262
0.512194
0.507723
0.516746
0.511485
0.507895
0.51665
0.512105
0.507833
0.516918
0.511967
0.507469
0.517326
0.511783
0.507808
0.518396
0.511852
0.507982
0.516535
0.514132
0.507794
0.516911
0.51202
0.507563
0.51686
0.512043
0.507566
0.518194
0.512252
0.507875
0.517041
0.512164
0.507878
0.516824
0.511671
0.507706
0.516905
0.512003
0.507651
0.51668
0.512463
0.508115
0.517193
0.511901
0.507256
0.517226
0.511614
0.507872
0.516931
0.51174
0.507789
0.516747
0.511805
0.507845
0.517049
0.511999
0.507386
0.517567
0.511916
0.507978
0.517429
0.511837
0.507812
0.517801
0.511456
0.508103
0.517221
0.511784
0.507782
0.516592
0.512025
0.507986
0.517733
0.511973
0.50804
0.516985
0.511968
0.507835
0.516779
0.51155
0.508193
0.516688
0.511575
0.508032
0.516932
0.511671
0.507775
0.516661
0.511207
0.507921
0.516875
0.511752
0.507919
0.516882
0.511309
0.507959
0.517438
0.511663
0.507688
0.516613
0.512485
0.507762
0.516767
0.51173
0.507813
0.516832
0.511542
0.508037
0.517032
0.514104
0.507844
0.516838
0.511446
0.507752
0.517124
0.511604
0.507702
0.516539
0.511296
0.507903
0.516916
0.511363
0.507626
0.516769
0.511491
0.508065
0.51673
0.511586
0.507896
0.516721
0.511531
0.507922
0.516895
0.511549
0.507702
0.516823
0.511836
0.507872
0.517114
0.511583
0.507938
0.516586
0.511403
0.510509
0.516834
0.511484
0.507805
0.516978
0.511262
0.507978
0.517165
0.511601
0.507641
0.517107
0.511515
0.507888
0.516745
0.511564
0.507762
0.516926
0.511304
0.508205
0.516696
0.511488
0.507908
0.516712
0.51141
0.508259
0.516755
0.511949
0.508203
0.51717
0.511424
0.507815
0.516854
0.511696
0.507625
0.516819
0.511615
0.508079
0.517068
0.5116
0.507946
0.516818
0.511329
0.507835
0.517208
0.511727
0.507771
0.516707
0.514207
0.508213
0.517053
0.511583
0.507993
0.516965
0.511593
0.508166
0.516945
0.511649
0.508035
0.516724
0.511272
0.507784
0.517002
0.511515
0.507776
0.516907
0.511624
0.507806
0.517354
0.512167
0.508152
0.516986
0.511407
0.508127
0.516924
0.511584
0.507948
0.517032
0.511578
0.507924
0.516881
0.511544
0.507664
0.516645
0.511154
0.508021
0.517999
0.511499
0.507754
0.516602
0.511659
0.507874
0.5185
0.511903
0.507821
0.516779
0.511771
0.507921
0.516829
0.511737
0.507556
0.516503
0.511563
0.507791
0.517043
0.511832
0.507752
0.516886
0.511872
0.507832
0.517133
0.51167
0.507813
0.517002
0.511484
0.507874
0.516784
0.511857
0.507677
0.517361
0.511448
0.509
0.516913
0.511564
0.507476
0.516911
0.511566
0.508137
0.516654
0.513463
0.507798
0.516819
0.51146
0.507612
0.517013
0.511737
0.507896
0.516717
0.513545
0.508136
0.517099
0.511483
0.507816
0.516491
0.511431
0.507827
0.51706
0.511706
0.507808
0.517048
0.511276
0.507964
0.517052
0.511502
0.507973
0.517655
0.511269
0.507791
0.517064
0.511617
0.50797
0.517233
0.51157
0.507657
0.517036
0.511868
0.508078
0.516766
0.511728
0.507673
0.516924
0.511681
0.509377
0.516825
0.511507
0.508063
0.516847
0.511755
0.507973
0.516576
0.511458
0.50811
0.516913
0.51137
0.507776
0.516868
0.511582
0.50837
0.516883
0.512255
0.50847
0.516714
0.511369
0.50791
0.516825
0.511498
0.507771
0.517112
0.511539
0.508225
0.517162
0.512007
0.507845
0.516698
0.511264
0.508312
0.51754
0.513403
0.507731
0.51654
0.511943
0.508037
0.517118
0.511724
0.507752
0.516871
0.511189
0.508247
0.516513
0.512247
0.508069
0.516888
0.511326
0.508108
0.517055
0.511789
0.507685
0.516978
0.511532
0.507809
0.517179
0.511679
0.507677
0.51674
0.511472
0.507453
0.516574
0.511773
0.507591
0.516802
0.51169
0.508355
0.516987
0.51147
0.507518
0.516807
0.511418
0.507836
0.516764
0.51159
0.508048
0.516905
0.511834
0.507915
0.516981
0.51187
0.508056
0.517163
0.51166
0.507878
0.516968
0.511656
0.509046
0.516849
0.511968
0.507741
0.51718
0.511771
0.507903
0.517945
0.511624
0.50827
0.51676
0.511593
0.50804
0.517053
0.511462
0.508128
0.517607
0.511531
0.508087
0.516779
0.511499
0.507953
0.517334
0.511651
0.507792
0.517223
0.514069
0.50813
0.516782
0.511366
0.508311
0.516995
0.511393
0.508308
0.517393
0.511704
0.508339
0.517023
0.513102
0.508189
0.517037
0.511476
0.50786
0.517133
0.511616
0.507865
0.517134
0.512008
0.507849
0.517284
0.511462
0.507829
0.51712
0.511701
0.507852
0.516832
0.511647
0.507899
0.517186
0.512158
0.508028
0.517057
0.51174
0.508235
0.517089
0.51185
0.508077
0.516935
0.511794
0.508115
0.516624
0.51163
0.50805
0.517061
0.51168
0.508189
0.517401
0.51174
0.507653
0.516791
0.512207
0.508246
0.517251
0.511898
0.507367
0.516964
0.511403
0.507919
0.517266
0.511904
0.507931
0.516949
0.511676
0.508251
0.517521
0.511939
0.507964
0.517367
0.512534
0.507979
0.516844
0.511732
0.507805
0.517193
0.511549
0.507828
0.517126
0.511608
0.507906
0.517127
0.511551
0.508209
0.517002
0.511769
0.507859
0.517435
0.513634
0.508376
0.516944
0.511733
0.507644
0.51692
0.511572
0.508693
0.517116
0.511892
0.508131
0.51744
0.511687
0.508252
0.516952
0.511678
0.507985
0.517136
0.511871
0.508115
0.517028
0.511736
0.507941
0.51711
0.51144
0.507666
0.517497
0.511603
0.507944
0.516858
0.511609
0.508325
0.517174
0.511948
0.508048
0.516899
0.511891
0.50786
0.517068
0.511768
0.507893
0.517023
0.511899
0.507868
0.516886
0.511527
0.508207
0.516988
0.511522
0.508124
0.519519
0.511798
0.507903
0.51677
0.512003
0.508267
0.517539
0.511998
0.507954
0.517315
0.511408
0.508502
0.51704
0.511521
0.508367
0.516561
0.511425
0.508398
0.517194
0.511843
0.508226
0.517069
0.511548
0.508353
0.517099
0.511829
0.507876
0.516923
0.511804
0.50796
0.517254
0.514422
0.508326
0.516828
0.511705
0.508123
0.517187
0.511929
0.508034
0.516867
0.511575
0.508141
0.517215
0.512617
0.508121
0.516907
0.511637
0.508227
0.516734
0.511702
0.508199
0.517318
0.511874
0.508863
0.516985
0.511732
0.508294
0.516962
0.51198
0.507851
0.516801
0.511717
0.508019
0.517457
0.511667
0.507944
0.517177
0.511895
0.508167
0.517369
0.511775
0.508116
0.516892
0.51182
0.508322
0.517096
0.51185
0.508114
0.51695
0.51173
0.50823
0.516978
0.511584
0.50822
0.516969
0.511778
0.50827
0.517073
0.511632
0.508026
0.517225
0.511678
0.508008
0.517144
0.511572
0.507919
0.517125
0.511606
0.507742
0.517246
0.511483
0.508098
0.517217
0.511812
0.508038
0.51708
0.51188
0.508367
0.517238
0.511677
0.508102
0.517009
0.511948
0.508211
0.517306
0.511418
0.507998
0.516811
0.511871
0.508012
0.517385
0.513537
0.508255
0.516958
0.511666
0.508158
0.517079
0.511847
0.508426
0.516869
0.511859
0.508267
0.517112
0.51175
0.507889
0.517085
0.511576
0.507766
0.516962
0.511921
0.507886
0.517026
0.511925
0.507931
0.517247
0.51206
0.507891
0.517355
0.511608
0.508129
0.517314
0.51164
0.507907
0.516983
0.511811
0.5083
0.517292
0.511552
0.507937
0.517171
0.511746
0.508436
0.517161
0.511679
0.508009
0.517201
0.511427
0.50807
0.517184
0.51192
0.508028
0.517503
0.511873
0.507964
0.517059
0.511442
0.508581
0.517278
0.51157
0.508249
0.517263
0.511627
0.508312
0.517013
0.51187
0.50825
0.516866
0.511677
0.507817
0.517127
0.511686
0.508356
0.517008
0.511686
0.508112
0.516956
0.511547
0.508344
0.516999
0.511536
0.508296
0.517122
0.513845
0.508034
0.517452
0.511846
0.507936
0.516937
0.511734
0.508203
0.51749
0.511961
0.508246
0.516956
0.511818
0.507817
0.517099
0.511757
0.508312
0.517102
0.511814
0.508228
0.517352
0.512238
0.508348
0.516962
0.511941
0.50811
0.516921
0.511786
0.508018
0.517339
0.512086
0.508137
0.51724
0.511604
0.508522
0.516993
0.511776
0.508044
0.517463
0.511658
0.508076
0.517063
0.511516
0.508198
0.516772
0.511784
0.508324
0.516935
0.511514
0.508128
0.517383
0.511658
0.507928
0.517206
0.512664
0.508423
0.517028
0.511912
0.508285
0.517146
0.511763
0.508339
0.51724
0.51144
0.507953
0.517051
0.511647
0.508002
0.517453
0.511818
0.507909
0.516769
0.511895
0.508177
0.517432
0.511821
0.507974
0.516987
0.511839
0.507949
0.517343
0.512137
0.508354
0.517377
0.511648
0.508052
0.517659
0.511559
0.508035
0.517423
0.513989
0.508524
0.517409
0.51183
0.508012
0.51713
0.511791
0.510187
0.517152
0.511742
0.507979
0.517217
0.5117
0.507932
0.51734
0.511415
0.507836
0.517141
0.511843
0.508059
0.517154
0.511983
0.507944
0.516727
0.512031
0.508242
0.517156
0.511747
0.507952
0.517001
0.511541
0.50808
0.517336
0.511725
0.507806
0.516882
0.511683
0.508278
0.517081
0.511813
0.507989
0.516754
0.511816
0.508089
0.516912
0.511839
0.508075
0.516982
0.51187
0.508446
0.518404
0.512014
0.508014
0.517121
0.512887
0.508231
0.517888
0.511445
0.507902
0.51686
0.511786
0.508154
0.51737
0.511801
0.507993
0.516637
0.511629
0.508309
0.517
0.511757
0.508164
0.517001
0.511752
0.508307
0.517144
0.511842
0.508145
0.517169
0.511534
0.508338
0.517239
0.513706
0.508102
0.516817
0.512127
0.508086
0.517794
0.511731
0.507876
0.517019
0.511889
0.507957
0.517026
0.511723
0.50816
0.517301
0.51172
0.508152
0.517284
0.512022
0.507945
0.517297
0.512053
0.508686
0.51728
0.511816
0.50809
0.517209
0.51152
0.507641
0.516782
0.51197
0.507868
0.517094
0.511387
0.508179
0.517225
0.511706
0.508036
0.517142
0.511687
0.508167
0.516871
0.511858
0.50816
0.51727
0.511841
0.507883
0.517272
0.511702
0.508015
0.517113
0.511579
0.508108
0.517264
0.512306
0.508691
0.51691
0.511625
0.508252
0.516925
0.511553
0.508183
0.517231
0.511616
0.508181
0.517298
0.511791
0.508199
0.517254
0.511475
0.508331
0.517327
0.511703
0.508837
0.517406
0.511923
0.508571
0.517312
0.511772
0.508018
0.516874
0.511511
0.508188
0.517179
0.511737
0.507914
0.517234
0.511692
0.508016
0.517215
0.51345
0.50807
0.516812
0.511878
0.507769
0.517629
0.511959
0.50823
0.517207
0.511786
0.508411
0.517056
0.511816
0.50802
0.517291
0.51175
0.507856
0.517305
0.511732
0.508191
0.517334
0.511763
0.508419
0.517407
0.511872
0.508028
0.517233
0.511665
0.508052
0.516946
0.511871
0.507917
0.517015
0.511571
0.508383
0.517322
0.511669
0.508349
0.517081
0.512007
0.508055
0.517457
0.511561
0.507834
0.51705
0.511748
0.508326
0.517314
0.511741
0.508236
0.517199
0.511761
0.508285
0.51733
0.51205
0.508747
0.517067
0.511701
0.508138
0.517275
0.511664
0.507977
0.517194
0.511654
0.508084
0.517166
0.511805
0.507888
0.51704
0.51154
0.50785
0.517309
0.511764
0.507954
0.517033
0.51145
0.508124
0.517167
0.511834
0.508209
0.517183
0.514386
0.508181
0.516827
0.511673
0.508088
0.516776
0.511897
0.508029
0.517448
0.511532
0.508157
0.51849
0.511431
0.50832
0.517233
0.511608
0.508221
0.516899
0.511593
0.508032
0.516913
0.512094
0.508628
0.517339
0.511598
0.508201
0.517246
0.511584
0.507825
0.517223
0.511663
0.508215
0.517005
0.511768
0.508029
0.517061
0.511673
0.507822
0.517225
0.511981
0.507898
0.516989
0.511705
0.507922
0.517375
0.511806
0.508041
0.516764
0.511566
0.508088
0.517273
0.51167
0.508159
0.516946
0.511922
0.50812
0.517136
0.512108
0.507842
0.516835
0.511858
0.507805
0.517149
0.511912
0.507594
0.51681
0.511671
0.508207
0.517344
0.511939
0.507458
0.517173
0.511594
0.508028
0.517272
0.511917
0.508074
0.516981
0.511737
0.508065
0.517344
0.511876
0.508089
0.517384
0.511691
0.508205
0.517045
0.511672
0.508144
0.517341
0.515196
0.508313
0.517189
0.511987
0.507866
0.517023
0.511747
0.509918
0.516893
0.511802
0.508063
0.51686
0.511759
0.508625
0.517471
0.511773
0.508039
0.517339
0.511819
0.508362
0.517324
0.511745
0.50791
0.516981
0.511731
0.508092
0.517053
0.51179
0.507556
0.516859
0.511529
0.508439
0.517216
0.511914
0.508305
0.516885
0.511514
0.508128
0.517077
0.511802
0.507933
0.517231
0.511685
0.507895
0.517521
0.511955
0.507791
0.51713
0.511692
0.508382
0.516827
0.511952
0.508269
0.517189
0.512105
0.508385
0.51749
0.512017
0.508368
0.517116
0.511667
0.507807
0.517084
0.511761
0.507774
0.517068
0.511645
0.507884
0.51684
0.511726
0.507864
0.516746
0.511568
0.508335
0.516903
0.511703
0.507874
0.516947
0.511659
0.50815
0.516839
0.51444
0.507971
0.517089
0.51177
0.508152
0.516859
0.511573
0.507975
0.51677
0.511612
0.508169
0.517887
0.512097
0.508044
0.516893
0.511838
0.507997
0.516542
0.511693
0.508285
0.516446
0.512259
0.508549
0.516487
0.511663
0.508172
0.517278
0.51177
0.508112
0.516317
0.511941
0.507963
0.516506
0.512063
0.507839
0.517068
0.511804
0.508178
0.516487
0.511808
0.50814
0.517307
0.511742
0.508152
0.516667
0.511728
0.50825
0.516898
0.512204
0.50816
0.516616
0.511837
0.508415
0.51695
0.512781
0.507712
0.517178
0.511579
0.50827
0.516766
0.512225
0.508011
0.516495
0.511919
0.508076
0.516636
0.5119
0.50835
0.516385
0.511628
0.5077
0.516546
0.511735
0.508343
0.517541
0.511579
0.508118
0.51681
0.511521
0.507881
0.516782
0.511542
0.508255
0.517089
0.511873
0.507998
0.516673
0.511801
0.508003
0.516801
0.514158
0.507942
0.516655
0.511604
0.508067
0.516615
0.511803
0.508228
0.516554
0.511952
0.507963
0.51667
0.512187
0.507682
0.51667
0.512002
0.508059
0.517256
0.511981
0.507664
0.516806
0.511678
0.507957
0.516627
0.511654
0.508227
0.516668
0.511666
0.508166
0.516741
0.511695
0.508191
0.516878
0.511857
0.508132
0.516556
0.511847
0.508205
0.516557
0.511477
0.508005
0.517123
0.511974
0.507917
0.516736
0.511846
0.507966
0.517024
0.511984
0.508737
0.516733
0.511925
0.508131
0.516887
0.514665
0.508045
0.516805
0.511762
0.508354
0.516757
0.512007
0.507745
0.5165
0.511925
0.508255
0.516376
0.51213
0.507878
0.517671
0.514367
0.508564
0.516766
0.511789
0.507966
0.516854
0.511888
0.508225
0.516571
0.511783
0.50811
0.517171
0.511695
0.508568
0.516784
0.511916
0.508347
0.516867
0.51182
0.508174
0.517067
0.511984
0.508232
0.516823
0.511734
0.508163
0.517309
0.511968
0.50804
0.516635
0.511911
0.507906
0.517039
0.51214
0.508191
0.516636
0.511797
0.508272
0.517042
0.512544
0.508258
0.516328
0.511975
0.508129
0.516851
0.511913
0.507977
0.516572
0.511691
0.508066
0.51665
0.511933
0.508034
0.516702
0.511787
0.508017
0.516651
0.511874
0.508133
0.516816
0.511753
0.508346
0.516689
0.511905
0.50804
0.516648
0.512913
0.508346
0.516692
0.511914
0.508015
0.516246
0.511943
0.508384
0.516711
0.511827
0.508152
0.516725
0.511921
0.50808
0.517034
0.514056
0.507993
0.516692
0.511713
0.507897
0.516904
0.511566
0.507921
0.516611
0.511844
0.508753
0.516646
0.511876
0.507999
0.516649
0.511749
0.508045
0.516879
0.511868
0.508
0.516674
0.51199
0.508466
0.517087
0.511774
0.507989
0.516262
0.511758
0.508554
0.516749
0.512007
0.508132
0.516777
0.512051
0.507982
0.516733
0.512191
0.508049
0.516563
0.51167
0.508122
0.517046
0.512627
0.508057
0.516641
0.512001
0.508363
0.516849
0.511833
0.508036
0.516548
0.511613
0.508358
0.516749
0.511841
0.508422
0.516427
0.511746
0.508061
0.51694
0.512072
0.508062
0.516527
0.511976
0.508281
0.516634
0.511787
0.508329
0.516989
0.511692
0.508693
0.516543
0.511692
0.508159
0.516853
0.512587
0.508088
0.51677
0.511849
0.50803
0.516753
0.511955
0.508397
0.516949
0.51206
0.50896
0.517766
0.511898
0.508078
0.516714
0.512008
0.50822
0.516603
0.511826
0.507899
0.516815
0.511863
0.508077
0.516721
0.511887
0.508285
0.516717
0.511566
0.507749
0.516695
0.511976
0.508458
0.516665
0.512007
0.507878
0.516515
0.511701
0.50831
0.518083
0.511803
0.50759
0.516516
0.512052
0.507867
0.516721
0.511882
0.507887
0.516433
0.511772
0.507964
0.516713
0.511843
0.508103
0.517187
0.51167
0.508105
0.516845
0.51199
0.50777
0.516534
0.511619
0.508236
0.516874
0.51188
0.508213
0.516392
0.511805
0.507993
0.516628
0.511959
0.50802
0.516801
0.511726
0.507808
0.516793
0.51203
0.507958
0.516529
0.511857
0.507837
0.516991
0.51219
0.508252
0.516573
0.511797
0.5083
0.516705
0.511771
0.507972
0.516695
0.511859
0.507823
0.516756
0.511725
0.507797
0.516604
0.51365
0.508026
0.516673
0.511946
0.508033
0.516513
0.511525
0.507925
0.516555
0.512038
0.507963
0.51666
0.511651
0.508271
0.516525
0.511841
0.507794
0.516584
0.511792
0.508154
0.516839
0.512179
0.508605
0.516409
0.511759
0.508102
0.5167
0.513448
0.507868
0.516719
0.511857
0.508388
0.516667
0.51189
0.507805
0.517026
0.511844
0.508128
0.51666
0.512185
0.508204
0.517336
0.511649
0.508116
0.517055
0.512145
0.508372
0.516427
0.51172
0.507926
0.516847
0.511868
0.508026
0.516794
0.512039
0.508326
0.516443
0.511722
0.507697
0.516437
0.511598
0.508223
0.516989
0.512206
0.507784
0.516666
0.511792
0.507993
0.516554
0.511894
0.509524
0.516892
0.512189
0.508049
0.516777
0.511815
0.50869
0.516782
0.511686
0.508139
0.516743
0.513863
0.508274
0.516555
0.511908
0.507986
0.516472
0.511755
0.508048
0.516793
0.513853
0.508077
0.517105
0.511825
0.508026
0.516847
0.511866
0.508071
0.516722
0.51178
0.507908
0.516486
0.511732
0.507939
0.516329
0.512113
0.508047
0.516845
0.511859
0.508296
0.516375
0.511927
0.50816
0.517767
0.511896
0.508394
0.51634
0.511794
0.508125
0.51671
0.511803
0.508172
0.516676
0.511748
0.507893
0.516745
0.511907
0.508349
0.517332
0.511797
0.507652
0.516791
0.512288
0.50798
0.516817
0.512108
0.508252
0.5164
0.511442
0.507998
0.516458
0.512059
0.507737
0.516577
0.511733
0.50827
0.516627
0.512027
0.507936
0.516936
0.511553
0.507913
0.516754
0.511889
0.50816
0.516593
0.511444
0.508315
0.516523
0.511806
0.507695
0.516505
0.511785
0.508226
0.516792
0.51197
0.507799
0.5168
0.511903
0.5083
0.516696
0.514578
0.507955
0.51669
0.511559
0.508325
0.516792
0.511943
0.507844
0.516521
0.511729
0.508103
0.516736
0.511749
0.507961
0.516297
0.511922
0.507932
0.516531
0.511994
0.50823
0.516806
0.51205
0.508692
0.516939
0.511871
0.507944
0.516751
0.512283
0.50827
0.516865
0.511969
0.508374
0.516448
0.511741
0.508067
0.516838
0.5121
0.508003
0.516911
0.511792
0.508002
0.516871
0.511784
0.508129
0.516433
0.511561
0.50815
0.516401
0.511613
0.507932
0.516653
0.511923
0.508095
0.516623
0.511724
0.508272
0.516609
0.511805
0.508197
0.517133
0.511912
0.50779
0.516805
0.511669
0.508092
0.516735
0.511924
0.508205
0.516892
0.511856
0.508399
0.516858
0.511578
0.508874
0.518168
0.511521
0.508184
0.516954
0.511946
0.507774
0.516664
0.511839
0.508159
0.516476
0.511826
0.507998
0.516742
0.511974
0.507932
0.516679
0.514976
0.50843
0.516532
0.511708
0.508079
0.516647
0.511819
0.508314
0.516412
0.511881
0.50825
0.51665
0.511969
0.508211
0.516435
0.511921
0.508137
0.516936
0.512202
0.507652
0.516671
0.511617
0.508216
0.516884
0.511699
0.507923
0.516525
0.511717
0.508085
0.516917
0.511981
0.507638
0.516719
0.511594
0.50802
0.516836
0.511978
0.508081
0.516769
0.511763
0.507986
0.516819
0.511924
0.508059
0.516498
0.511708
0.508285
0.516698
0.512008
0.508045
0.516427
0.511821
0.508216
0.51684
0.51199
0.508124
0.516749
0.511761
0.50869
0.516614
0.512114
0.50793
0.517284
0.51187
0.508091
0.517507
0.512095
0.508274
0.516725
0.511829
0.508103
0.516846
0.512105
0.50803
0.517008
