3.31015
2.34482
1.77421
1.28886
0.929247
0.675208
0.496997
0.370229
-0.311789
-0.305073
-0.29874
-0.292737
-0.287026
-0.281572
-0.27635
-0.271337
-0.266516
-0.261871
-0.25739
-0.25306
-0.248871
-0.244816
-0.240885
-0.237073
-0.233372
-0.229777
-0.226283
-0.222885
-0.219578
-0.216359
-0.213223
-0.210169
-0.207217
-0.204334
-0.201519
-0.198769
-0.196082
-0.193457
-0.19089
-0.18838
-0.185926
-0.183525
-0.181177
-0.178878
-0.176628
-0.174426
-0.172269
-0.170157
-0.168088
-0.166061
-0.164075
-0.162128
-0.16022
-0.158348
-0.156513
-0.154714
-0.152948
-0.151216
-0.149517
-0.147848
-0.146211
-0.144603
-0.143025
-0.141474
-0.139952
-0.138456
-0.136986
-0.135542
-0.134122
-0.132727
-0.131356
-0.130007
-0.128681
-0.127377
-0.126094
-0.124832
-0.12359
-0.122369
-0.121166
-0.119983
-0.118818
-0.117671
-0.116542
-0.11543
-0.114335
-0.113257
-0.112194
-0.111147
-0.110116
-0.1091
-0.108099
-0.107112
-0.106139
-0.10518
-0.104234
-0.103302
-0.102382
-0.101476
-0.100581
-0.0996993
-0.0988291
-0.0979707
-0.0971236
-0.0962879
-0.0954631
-0.0946491
-0.0938456
-0.0930525
-0.0922696
-0.0914967
-0.0907335
-0.08998
-0.0892358
-0.0885009
-0.087775
-0.0870581
-0.0863498
-0.0856502
-0.0849589
-0.084276
-0.0836011
-0.0829342
-0.0822752
-0.0816238
-0.08098
-0.0803437
-0.0797146
-0.0790927
-0.0784779
-0.07787
-0.0772689
-0.0766745
-0.0760867
-0.0755054
-0.0749304
-0.0743618
-0.0737993
-0.0732428
-0.0726924
-0.0721478
-0.071609
-0.0710759
-0.0705484
-0.0700264
-0.0695099
-0.0689987
-0.0684927
-0.067992
-0.0674963
-0.0670057
-0.06652
-0.0660392
-0.0655633
-0.065092
-0.0646255
-0.0641635
-0.0637061
-0.0632531
-0.0628046
-0.0623603
-0.0619204
-0.0614847
-0.0610532
-0.0606257
-0.0602023
-0.0597829
-0.0593674
-0.0589559
-0.0585481
-0.0581442
-0.0577439
-0.0573474
-0.0569544
-0.0565651
-0.0561793
-0.055797
-0.0554181
-0.0550426
-0.0546705
-0.0543017
-0.0539362
-0.0535739
-0.0532148
-0.0528588
-0.052506
-0.0521562
-0.0518095
-0.0514658
-0.051125
-0.0507871
-0.0504522
-0.0501201
-0.0497908
-0.0494643
-0.0491405
-0.0488195
-0.0485012
-0.0481855
-0.0478725
-0.047562
-0.0472541
-0.0469488
-0.0466459
-0.0463456
-0.0460477
-0.0457522
-0.0454591
-0.0451684
-0.04488
-0.044594
-0.0443102
-0.0440287
-0.0437495
-0.0434725
-0.0431976
-0.042925
-0.0426544
-0.042386
-0.0421197
-0.0418555
-0.0415934
-0.0413333
-0.0410751
-0.040819
-0.0405649
-0.0403127
-0.0400624
-0.0398141
-0.0395676
-0.0393231
-0.0390803
-0.0388394
-0.0386004
-0.0383631
-0.0381276
-0.0378939
-0.0376619
-0.0374316
-0.0372031
-0.0369762
-0.036751
-0.0365275
-0.0363056
-0.0360854
-0.0358668
-0.0356497
-0.0354343
-0.0352204
-0.0350081
-0.0347973
-0.034588
-0.0343802
-0.034174
-0.0339692
-0.0337659
-0.033564
-0.0333636
-0.0331646
-0.032967
-0.0327708
-0.032576
-0.0323826
-0.0321905
-0.0319998
-0.0318104
-0.0316224
-0.0314357
-0.0312502
-0.0310661
-0.0308832
-0.0307016
-0.0305213
-0.0303422
-0.0301643
-0.0299877
-0.0298123
-0.0296381
-0.029465
-0.0292932
-0.0291225
-0.028953
-0.0287846
-0.0286174
-0.0284513
-0.0282863
-0.0281225
-0.0279597
-0.0277981
-0.0276375
-0.027478
-0.0273196
-0.0271622
-0.0270059
-0.0268506
-0.0266963
-0.0265431
-0.0263909
-0.0262396
-0.0260894
-0.0259402
-0.0257919
-0.0256447
-0.0254984
-0.025353
-0.0252086
-0.0250652
-0.0249226
-0.024781
-0.0246404
-0.0245006
-0.0243617
-0.0242238
-0.0240867
-0.0239505
-0.0238152
-0.0236808
-0.0235472
-0.0234145
-0.0232826
-0.0231516
-0.0230214
-0.022892
-0.0227635
-0.0226357
-0.0225088
-0.0223827
-0.0222574
-0.0221329
-0.0220092
-0.0218862
-0.021764
-0.0216426
-0.021522
-0.0214021
-0.0212829
-0.0211645
-0.0210469
-0.02093
-0.0208138
-0.0206983
-0.0205835
-0.0204695
-0.0203562
-0.0202435
-0.0201316
-0.0200204
-0.0199098
-0.0197999
-0.0196907
-0.0195822
-0.0194743
-0.0193671
-0.0192606
-0.0191547
-0.0190495
-0.0189448
-0.0188409
-0.0187375
-0.0186348
-0.0185328
-0.0184313
-0.0183305
-0.0182302
-0.0181306
-0.0180316
-0.0179331
-0.0178353
-0.0177381
-0.0176414
-0.0175453
-0.0174498
-0.0173549
-0.0172605
-0.0171667
-0.0170735
-0.0169808
-0.0168887
-0.0167971
-0.0167061
-0.0166156
-0.0165256
-0.0164362
-0.0163473
-0.016259
-0.0161711
-0.0160838
-0.015997
-0.0159107
-0.0158249
-0.0157397
-0.0156549
-0.0155706
-0.0154868
-0.0154035
-0.0153207
-0.0152384
-0.0151566
-0.0150752
-0.0149943
-0.0149139
-0.014834
-0.0147545
-0.0146755
-0.014597
-0.0145189
-0.0144412
-0.014364
-0.0142873
-0.014211
-0.0141351
-0.0140597
-0.0139847
-0.0139102
-0.013836
-0.0137624
-0.0136891
-0.0136162
-0.0135438
-0.0134718
-0.0134002
-0.013329
-0.0132582
-0.0131878
-0.0131178
-0.0130483
-0.0129791
-0.0129103
-0.0128419
-0.0127739
-0.0127063
-0.0126391
-0.0125722
-0.0125057
-0.0124397
-0.0123739
-0.0123086
-0.0122436
-0.012179
-0.0121148
-0.0120509
-0.0119874
-0.0119242
-0.0118614
-0.011799
-0.0117369
-0.0116751
-0.0116137
-0.0115526
-0.0114919
-0.0114316
-0.0113715
-0.0113118
-0.0112525
-0.0111934
-0.0111347
-0.0110763
-0.0110183
-0.0109606
-0.0109032
-0.0108461
-0.0107893
-0.0107329
-0.0106767
-0.0106209
-0.0105654
-0.0105102
-0.0104553
-0.0104007
-0.0103464
-0.0102924
-0.0102387
-0.0101853
-0.0101322
-0.0100794
-0.0100269
-0.00997466
-0.00992272
-0.00987107
-0.0098197
-0.00976861
-0.0097178
-0.00966728
-0.00961703
-0.00956706
-0.00951736
-0.00946793
-0.00941878
-0.00936989
-0.00932127
-0.00927292
-0.00922483
-0.00917701
-0.00912944
-0.00908214
-0.00903509
-0.00898831
-0.00894177
-0.00889549
-0.00884946
-0.00880368
-0.00875815
-0.00871287
-0.00866783
-0.00862304
-0.00857849
-0.00853419
-0.00849012
-0.00844629
-0.0084027
-0.00835934
-0.00831622
-0.00827334
-0.00823068
-0.00818826
-0.00814606
-0.00810409
-0.00806235
-0.00802083
-0.00797954
-0.00793847
-0.00789762
-0.00785699
-0.00781658
-0.00777639
-0.00773641
-0.00769665
-0.0076571
-0.00761776
-0.00757863
-0.00753972
-0.00750101
-0.00746251
-0.00742421
-0.00738612
-0.00734824
-0.00731055
-0.00727307
-0.00723579
-0.00719871
-0.00716182
-0.00712513
-0.00708864
-0.00705234
-0.00701624
-0.00698033
-0.0069446
-0.00690907
-0.00687373
-0.00683858
-0.00680361
-0.00676883
-0.00673423
-0.00669982
-0.00666559
-0.00663154
-0.00659767
-0.00656398
-0.00653047
-0.00649714
-0.00646398
-0.006431
-0.00639819
-0.00636556
-0.0063331
-0.00630081
-0.00626869
-0.00623674
-0.00620496
-0.00617335
-0.0061419
-0.00611062
-0.0060795
-0.00604855
-0.00601776
-0.00598714
-0.00595667
-0.00592636
-0.00589622
-0.00586623
-0.0058364
-0.00580673
-0.00577721
-0.00574785
-0.00571864
-0.00568958
-0.00566068
-0.00563193
-0.00560333
-0.00557487
-0.00554657
-0.00551842
-0.00549041
-0.00546255
-0.00543484
-0.00540727
-0.00537984
-0.00535256
-0.00532542
-0.00529842
-0.00527156
-0.00524485
-0.00521827
-0.00519183
-0.00516553
-0.00513936
-0.00511333
-0.00508744
-0.00506168
-0.00503606
-0.00501057
-0.00498521
-0.00495998
-0.00493489
-0.00490992
-0.00488509
-0.00486038
-0.00483581
-0.00481136
-0.00478703
-0.00476284
-0.00473877
-0.00471482
-0.004691
-0.0046673
-0.00464372
-0.00462027
-0.00459693
-0.00457372
-0.00455063
-0.00452766
-0.0045048
-0.00448207
-0.00445945
-0.00443695
-0.00441457
-0.0043923
-0.00437014
-0.0043481
-0.00432618
-0.00430436
-0.00428266
-0.00426108
-0.0042396
-0.00421823
-0.00419698
-0.00417583
-0.00415479
-0.00413386
-0.00411304
-0.00409232
-0.00407172
-0.00405121
-0.00403082
-0.00401053
-0.00399034
-0.00397025
-0.00395027
-0.0039304
-0.00391062
-0.00389095
-0.00387137
-0.0038519
-0.00383253
-0.00381325
-0.00379408
-0.003775
-0.00375602
-0.00373714
-0.00371836
-0.00369967
-0.00368108
-0.00366258
-0.00364418
-0.00362587
-0.00360765
-0.00358953
-0.0035715
-0.00355357
-0.00353572
-0.00351797
-0.0035003
-0.00348273
-0.00346525
-0.00344785
-0.00343055
-0.00341333
-0.0033962
-0.00337916
-0.00336221
-0.00334534
-0.00332856
-0.00331186
-0.00329525
-0.00327873
-0.00326228
-0.00324592
-0.00322965
-0.00321346
-0.00319735
-0.00318132
-0.00316537
-0.00314951
-0.00313373
-0.00311802
-0.0031024
-0.00308685
-0.00307139
-0.003056
-0.00304069
-0.00302546
-0.00301031
-0.00299523
-0.00298023
-0.00296531
-0.00295047
-0.00293569
-0.002921
-0.00290638
-0.00289183
-0.00287735
-0.00286295
-0.00284863
-0.00283437
-0.00282019
-0.00280608
-0.00279204
-0.00277807
-0.00276418
-0.00275035
-0.00273659
-0.00272291
-0.00270929
-0.00269574
-0.00268226
-0.00266885
-0.0026555
-0.00264223
-0.00262902
-0.00261588
-0.0026028
-0.00258979
-0.00257685
-0.00256397
-0.00255115
-0.0025384
-0.00252572
-0.0025131
-0.00250054
-0.00248805
-0.00247562
-0.00246325
-0.00245095
-0.00243871
-0.00242653
-0.00241441
-0.00240235
-0.00239035
-0.00237841
-0.00236654
-0.00235472
-0.00234296
-0.00233127
-0.00231963
-0.00230805
-0.00229653
-0.00228506
-0.00227366
-0.00226231
-0.00225102
-0.00223978
-0.0022286
-0.00221748
-0.00220642
-0.00219541
-0.00218445
-0.00217355
-0.00216271
-0.00215192
-0.00214118
-0.0021305
-0.00211987
-0.0021093
-0.00209878
-0.00208831
-0.0020779
-0.00206753
-0.00205722
-0.00204696
-0.00203675
-0.0020266
-0.00201649
-0.00200644
-0.00199643
-0.00198648
-0.00197658
-0.00196672
-0.00195692
-0.00194716
-0.00193746
-0.0019278
-0.00191819
-0.00190863
-0.00189912
-0.00188965
-0.00188023
-0.00187086
-0.00186154
-0.00185226
-0.00184303
-0.00183385
-0.00182471
-0.00181562
-0.00180657
-0.00179757
-0.00178861
-0.0017797
-0.00177084
-0.00176201
-0.00175324
-0.0017445
-0.00173581
-0.00172717
-0.00171856
-0.00171
-0.00170148
-0.00169301
-0.00168458
-0.00167619
-0.00166784
-0.00165953
-0.00165127
-0.00164304
-0.00163486
-0.00162672
-0.00161862
-0.00161056
-0.00160254
-0.00159456
-0.00158662
-0.00157872
-0.00157086
-0.00156304
-0.00155526
-0.00154752
-0.00153981
-0.00153215
-0.00152452
-0.00151693
-0.00150938
-0.00150187
-0.00149439
-0.00148695
-0.00147955
-0.00147218
-0.00146486
-0.00145757
-0.00145031
-0.00144309
-0.00143591
-0.00142876
-0.00142165
-0.00141458
-0.00140754
-0.00140053
-0.00139356
-0.00138663
-0.00137973
-0.00137286
-0.00136603
-0.00135923
-0.00135247
-0.00134574
-0.00133904
-0.00133238
-0.00132575
-0.00131915
-0.00131259
-0.00130605
-0.00129956
-0.00129309
-0.00128666
-0.00128025
-0.00127388
-0.00126755
-0.00126124
-0.00125496
-0.00124872
-0.00124251
-0.00123633
-0.00123018
-0.00122406
-0.00121797
-0.00121191
-0.00120588
-0.00119988
-0.00119391
-0.00118797
-0.00118206
-0.00117618
-0.00117033
-0.00116451
-0.00115871
-0.00115295
-0.00114721
-0.00114151
-0.00113583
-0.00113018
-0.00112455
-0.00111896
-0.00111339
-0.00110786
-0.00110235
-0.00109686
-0.00109141
-0.00108598
-0.00108057
-0.0010752
-0.00106985
-0.00106453
-0.00105923
-0.00105397
-0.00104872
-0.00104351
-0.00103832
-0.00103315
-0.00102801
-0.0010229
-0.00101781
-0.00101275
-0.00100771
-0.0010027
-0.000997711
-0.000992748
-0.000987811
-0.000982897
-0.000978009
-0.000973144
-0.000968304
-0.000963488
-0.000958696
-0.000953927
-0.000949183
-0.000944462
-0.000939764
-0.00093509
-0.000930439
-0.000925811
-0.000921206
-0.000916624
-0.000912065
-0.000907528
-0.000903014
-0.000898523
-0.000894054
-0.000889607
-0.000885182
-0.000880779
-0.000876398
-0.000872039
-0.000867701
-0.000863385
-0.00085909
-0.000854817
-0.000850565
-0.000846334
-0.000842124
-0.000837935
-0.000833767
-0.000829619
-0.000825492
-0.000821386
-0.0008173
-0.000813234
-0.000809189
-0.000805163
-0.000801158
-0.000797172
-0.000793207
-0.000789261
-0.000785334
-0.000781428
-0.00077754
-0.000773672
-0.000769823
-0.000765993
-0.000762182
-0.00075839
-0.000754617
-0.000750862
-0.000747127
-0.000743409
-0.00073971
-0.00073603
-0.000732368
-0.000728724
-0.000725097
-0.000721489
-0.000717899
-0.000714327
-0.000710772
-0.000707236
-0.000703717
-0.000700215
-0.00069673
-0.000693263
-0.000689814
-0.000686381
-0.000682965
-0.000679566
-0.000676185
-0.000672819
-0.000669471
-0.000666139
-0.000662824
-0.000659525
-0.000656243
-0.000652976
-0.000649726
-0.000646492
-0.000643275
-0.000640073
-0.000636887
-0.000633717
-0.000630562
-0.000627424
-0.0006243
-0.000621193
-0.0006181
-0.000615024
-0.000611962
-0.000608915
-0.000605884
-0.000602868
-0.000599866
-0.00059688
-0.000593908
-0.000590952
-0.000588009
-0.000585082
-0.000582169
-0.00057927
-0.000576386
-0.000573516
-0.00057066
-0.000567818
-0.000564991
-0.000562178
-0.000559378
-0.000556593
-0.000553821
-0.000551063
-0.000548318
-0.000545588
-0.00054287
-0.000540167
-0.000537476
-0.000534799
-0.000532136
-0.000529485
-0.000526848
-0.000524224
-0.000521612
-0.000519014
-0.000516429
-0.000513856
-0.000511296
-0.000508749
-0.000506215
-0.000503693
-0.000501184
-0.000498687
-0.000496202
-0.00049373
-0.00049127
-0.000488822
-0.000486386
-0.000483963
-0.000481551
-0.000479152
-0.000476764
-0.000474388
-0.000472024
-0.000469672
-0.000467331
-0.000465002
-0.000462684
-0.000460378
-0.000458084
-0.0004558
-0.000453529
-0.000451268
-0.000449019
-0.00044678
-0.000444553
-0.000442337
-0.000440132
-0.000437938
-0.000435755
-0.000433582
-0.000431421
-0.00042927
-0.000427129
-0.000425
-0.00042288
-0.000420772
-0.000418674
-0.000416586
-0.000414508
-0.000412441
-0.000410384
-0.000408338
-0.000406301
-0.000404275
-0.000402259
-0.000400252
-0.000398256
-0.000396269
-0.000394293
-0.000392326
-0.000390369
-0.000388421
-0.000386484
-0.000384556
-0.000382637
-0.000380728
-0.000378828
-0.000376938
-0.000375058
-0.000373186
-0.000371324
-0.000369471
-0.000367627
-0.000365793
-0.000363967
-0.000362151
-0.000360343
-0.000358545
-0.000356755
-0.000354975
-0.000353203
-0.00035144
-0.000349685
-0.000347939
-0.000346201
-0.000344472
-0.000342752
-0.000341041
-0.000339338
-0.000337644
-0.000335958
-0.000334281
-0.000332612
-0.000330951
-0.000329299
-0.000327655
-0.000326018
-0.00032439
-0.00032277
-0.000321158
-0.000319554
-0.000317958
-0.00031637
-0.00031479
-0.000313217
-0.000311652
-0.000310095
-0.000308546
-0.000307005
-0.000305472
-0.000303946
-0.000302427
-0.000300917
-0.000299413
-0.000297917
-0.000296429
-0.000294948
-0.000293474
-0.000292008
-0.000290549
-0.000289097
-0.000287652
-0.000286215
-0.000284785
-0.000283361
-0.000281945
-0.000280536
-0.000279134
-0.000277739
-0.000276351
-0.000274969
-0.000273595
-0.000272227
-0.000270866
-0.000269512
-0.000268164
-0.000266824
-0.00026549
-0.000264162
-0.000262841
-0.000261527
-0.000260219
-0.000258918
-0.000257623
-0.000256334
-0.000255052
-0.000253777
-0.000252507
-0.000251244
-0.000249988
-0.000248737
-0.000247493
-0.000246255
-0.000245023
-0.000243797
-0.000242577
-0.000241364
-0.000240156
-0.000238954
-0.000237759
-0.000236569
-0.000235385
-0.000234207
-0.000233035
-0.000231869
-0.000230708
-0.000229554
-0.000228405
-0.000227262
-0.000226124
-0.000224992
-0.000223866
-0.000222745
-0.00022163
-0.00022052
-0.000219416
-0.000218317
-0.000217224
-0.000216136
-0.000215054
-0.000213977
-0.000212906
-0.000211839
-0.000210778
-0.000209723
-0.000208672
-0.000207627
-0.000206587
-0.000205552
-0.000204522
-0.000203498
-0.000202478
-0.000201464
-0.000200455
-0.00019945
-0.000198451
-0.000197457
-0.000196467
-0.000195483
-0.000194503
-0.000193528
-0.000192558
-0.000191593
-0.000190633
-0.000189677
-0.000188726
-0.00018778
-0.000186839
-0.000185902
-0.00018497
-0.000184043
-0.00018312
-0.000182202
-0.000181288
-0.000180379
-0.000179475
-0.000178575
-0.000177679
-0.000176788
-0.000175902
-0.000175019
-0.000174142
-0.000173268
-0.000172399
-0.000171534
-0.000170674
-0.000169817
-0.000168965
-0.000168118
-0.000167274
-0.000166435
-0.0001656
-0.000164769
-0.000163942
-0.000163119
-0.0001623
-0.000161486
-0.000160675
-0.000159869
-0.000159066
-0.000158268
-0.000157474
-0.000156683
-0.000155896
-0.000155114
-0.000154335
-0.00015356
-0.000152789
-0.000152022
-0.000151258
-0.000150499
-0.000149743
-0.000148991
-0.000148243
-0.000147498
-0.000146757
-0.00014602
-0.000145287
-0.000144557
-0.000143831
-0.000143109
-0.000142389
-0.000141674
-0.000140962
-0.000140254
-0.000139549
-0.000138848
-0.00013815
-0.000137456
-0.000136765
-0.000136078
-0.000135394
-0.000134714
-0.000134036
-0.000133363
-0.000132692
-0.000132025
-0.000131362
-0.000130701
-0.000130044
-0.000129391
-0.00012874
-0.000128093
-0.000127449
-0.000126808
-0.00012617
-0.000125536
-0.000124904
-0.000124276
-0.000123651
-0.000123029
-0.000122411
-0.000121795
-0.000121182
-0.000120573
-0.000119966
-0.000119363
-0.000118763
-0.000118165
-0.000117571
-0.000116979
-0.000116391
-0.000115805
-0.000115222
-0.000114643
-0.000114066
-0.000113492
-0.000112921
-0.000112353
-0.000111788
-0.000111225
-0.000110665
-0.000110109
-0.000109555
-0.000109003
-0.000108455
-0.000107909
-0.000107366
-0.000106826
-0.000106288
-0.000105753
-0.000105221
-0.000104692
-0.000104165
-0.000103641
-0.000103119
-0.0001026
-0.000102084
-0.00010157
-0.000101059
-0.000100551
-0.000100045
-9.95414e-05
-9.90407e-05
-9.85426e-05
-9.8047e-05
-9.7554e-05
-9.70634e-05
-9.65752e-05
-9.60896e-05
-9.56063e-05
-9.51255e-05
-9.46471e-05
-9.4171e-05
-9.36973e-05
-9.32261e-05
-9.27572e-05
-9.22906e-05
-9.18264e-05
-9.13644e-05
-9.09048e-05
-9.04475e-05
-8.99924e-05
-8.95397e-05
-8.90892e-05
-8.8641e-05
-8.8195e-05
-8.77512e-05
-8.73096e-05
-8.68702e-05
-8.6433e-05
-8.5998e-05
-8.55653e-05
-8.51347e-05
-8.47062e-05
-8.42798e-05
-8.38556e-05
-8.34335e-05
-8.30135e-05
-8.25956e-05
-8.21797e-05
-8.1766e-05
-8.13544e-05
-8.09448e-05
-8.05373e-05
-8.01317e-05
-7.97282e-05
-7.93267e-05
-7.89272e-05
-7.85297e-05
-7.81342e-05
-7.77407e-05
-7.73492e-05
-7.69596e-05
-7.65719e-05
-7.61862e-05
-7.58024e-05
-7.54206e-05
-7.50406e-05
-7.46625e-05
-7.42863e-05
-7.3912e-05
-7.35396e-05
-7.3169e-05
-7.28003e-05
-7.24335e-05
-7.20685e-05
-7.17052e-05
-7.13438e-05
-7.09842e-05
-7.06264e-05
-7.02704e-05
-6.99162e-05
-6.95637e-05
-6.92131e-05
-6.88641e-05
-6.85169e-05
-6.81715e-05
-6.78278e-05
-6.74857e-05
-6.71454e-05
-6.68068e-05
-6.64699e-05
-6.61346e-05
-6.58011e-05
-6.54692e-05
-6.5139e-05
-6.48105e-05
-6.44836e-05
-6.41583e-05
-6.38346e-05
-6.35125e-05
-6.31921e-05
-6.28732e-05
-6.2556e-05
-6.22403e-05
-6.19263e-05
-6.16138e-05
-6.13029e-05
-6.09935e-05
-6.06856e-05
-6.03793e-05
-6.00746e-05
-5.97713e-05
-5.94696e-05
-5.91694e-05
-5.88707e-05
-5.85735e-05
-5.82777e-05
-5.79835e-05
-5.76907e-05
-5.73994e-05
-5.71096e-05
-5.68212e-05
-5.65342e-05
-5.62486e-05
-5.59645e-05
-5.56819e-05
-5.54006e-05
-5.51208e-05
-5.48423e-05
-5.45653e-05
-5.42896e-05
-5.40153e-05
-5.37424e-05
-5.34709e-05
-5.32006e-05
-5.29318e-05
-5.26643e-05
-5.23985e-05
-5.21336e-05
-5.18701e-05
-5.16078e-05
-5.13469e-05
-5.10873e-05
-5.0829e-05
-5.0572e-05
-5.03163e-05
-5.00619e-05
-4.98088e-05
-4.95569e-05
-4.93064e-05
-4.90571e-05
-4.8809e-05
-4.85622e-05
-4.83166e-05
-4.80722e-05
-4.78291e-05
-4.75872e-05
-4.73464e-05
-4.7107e-05
-4.68687e-05
-4.66316e-05
-4.63957e-05
-4.61609e-05
-4.59293e-05
-4.56989e-05
-4.54696e-05
-4.52415e-05
-4.50144e-05
-4.47886e-05
-4.45638e-05
-4.43402e-05
-4.41176e-05
-4.38962e-05
-4.36759e-05
-4.34566e-05
-4.32385e-05
-4.30214e-05
-4.28054e-05
-4.25905e-05
-4.23767e-05
-4.21639e-05
-4.19522e-05
-4.17415e-05
-4.15319e-05
-4.13233e-05
-4.11158e-05
-4.09092e-05
-4.07038e-05
-4.04993e-05
-4.02959e-05
-4.00934e-05
-3.9892e-05
-3.96916e-05
-3.94922e-05
-3.92937e-05
-3.90963e-05
-3.88998e-05
-3.87043e-05
-3.85098e-05
-3.83162e-05
-3.81238e-05
-3.79322e-05
-3.77415e-05
-3.75518e-05
-3.73629e-05
-3.7175e-05
-3.69881e-05
-3.68021e-05
-3.6617e-05
-3.64329e-05
-3.62496e-05
-3.60673e-05
-3.58859e-05
-3.57054e-05
-3.55258e-05
-3.53471e-05
-3.51692e-05
-3.49923e-05
-3.48162e-05
-3.46411e-05
-3.44667e-05
-3.42933e-05
-3.41207e-05
-3.3949e-05
-3.37781e-05
-3.36081e-05
-3.34389e-05
-3.32706e-05
-3.31031e-05
-3.29364e-05
-3.27706e-05
-3.26056e-05
-3.24414e-05
-3.22781e-05
-3.21155e-05
-3.19538e-05
-3.17928e-05
-3.16327e-05
-3.14733e-05
-3.13148e-05
-3.1157e-05
-3.10001e-05
-3.08439e-05
-3.06885e-05
-3.05338e-05
-3.038e-05
-3.02268e-05
-3.00745e-05
-2.99229e-05
-2.97721e-05
-2.9622e-05
-2.94727e-05
-2.93241e-05
-2.91763e-05
-2.90292e-05
-2.88828e-05
-2.87372e-05
-2.85922e-05
-2.84481e-05
-2.83046e-05
-2.81618e-05
-2.80198e-05
-2.78784e-05
-2.77378e-05
-2.75979e-05
-2.74586e-05
-2.73201e-05
-2.71822e-05
-2.70451e-05
-2.69086e-05
-2.67728e-05
-2.66376e-05
-2.65032e-05
-2.63694e-05
-2.62363e-05
-2.61039e-05
-2.59721e-05
-2.58409e-05
-2.57105e-05
-2.55806e-05
-2.54515e-05
-2.53229e-05
-2.5195e-05
-2.50678e-05
-2.49412e-05
-2.48152e-05
-2.46898e-05
-2.45651e-05
-2.4441e-05
-2.43175e-05
-2.41946e-05
-2.40723e-05
-2.39507e-05
-2.38296e-05
-2.37092e-05
-2.35894e-05
-2.34701e-05
-2.33515e-05
-2.32334e-05
-2.3116e-05
-2.29991e-05
-2.28828e-05
-2.27671e-05
-2.26519e-05
-2.25374e-05
-2.24234e-05
-2.231e-05
-2.21971e-05
-2.20848e-05
-2.19731e-05
-2.18619e-05
-2.17513e-05
-2.16413e-05
-2.15317e-05
-2.14228e-05
-2.13144e-05
-2.12065e-05
-2.10991e-05
-2.09923e-05
-2.08861e-05
-2.07803e-05
-2.06751e-05
-2.05704e-05
-2.04663e-05
-2.03626e-05
-2.02595e-05
-2.01569e-05
-2.00548e-05
-1.99532e-05
-1.98522e-05
-1.97516e-05
-1.96534e-05
-1.9554e-05
-1.94545e-05
-1.93555e-05
-1.92572e-05
-1.91595e-05
-1.90623e-05
-1.89656e-05
-1.88694e-05
-1.87736e-05
-1.86784e-05
-1.85836e-05
-1.84893e-05
-1.83955e-05
-1.83021e-05
-1.82092e-05
-1.81168e-05
-1.80249e-05
-1.79335e-05
-1.78425e-05
-1.7752e-05
-1.76619e-05
-1.75723e-05
-1.74831e-05
-1.73944e-05
-1.73062e-05
-1.72183e-05
-1.7131e-05
-1.7044e-05
-1.69575e-05
-1.68715e-05
-1.67858e-05
-1.67006e-05
-1.66158e-05
-1.65315e-05
-1.64475e-05
-1.6364e-05
-1.62809e-05
-1.61982e-05
-1.61159e-05
-1.60341e-05
-1.59526e-05
-1.58716e-05
-1.57909e-05
-1.57107e-05
-1.56308e-05
-1.55514e-05
-1.54724e-05
-1.53937e-05
-1.53155e-05
-1.52376e-05
-1.51601e-05
-1.5083e-05
-1.50063e-05
-1.493e-05
-1.48541e-05
-1.47785e-05
-1.47034e-05
-1.46286e-05
-1.45541e-05
-1.44801e-05
-1.44064e-05
-1.43331e-05
-1.42602e-05
-1.41876e-05
-1.41154e-05
-1.40435e-05
-1.3972e-05
-1.39009e-05
-1.38301e-05
-1.37597e-05
-1.36897e-05
-1.36199e-05
-1.35506e-05
-1.34816e-05
-1.34129e-05
-1.33446e-05
-1.32766e-05
-1.32089e-05
-1.31416e-05
-1.30747e-05
-1.30081e-05
-1.29418e-05
-1.28758e-05
-1.28102e-05
-1.27449e-05
-1.26799e-05
-1.26153e-05
-1.2551e-05
-1.2487e-05
-1.24233e-05
-1.23599e-05
-1.22969e-05
-1.22342e-05
-1.21718e-05
-1.21097e-05
-1.20479e-05
-1.19864e-05
-1.19253e-05
-1.18644e-05
-1.18039e-05
-1.17436e-05
-1.16837e-05
-1.16241e-05
-1.15647e-05
-1.15057e-05
-1.1447e-05
-1.13885e-05
-1.13304e-05
-1.12725e-05
-1.12149e-05
-1.11576e-05
-1.11007e-05
-1.1044e-05
-1.09875e-05
-1.09314e-05
-1.08755e-05
-1.082e-05
-1.07647e-05
-1.07097e-05
-1.06549e-05
-1.06005e-05
-1.05463e-05
-1.04924e-05
-1.04387e-05
-1.03853e-05
-1.03322e-05
-1.02794e-05
-1.02268e-05
-1.01745e-05
-1.01225e-05
-1.00707e-05
-1.00191e-05
-9.96789e-06
-9.91688e-06
-9.86613e-06
-9.81564e-06
-9.7654e-06
-9.71541e-06
-9.66568e-06
-9.61619e-06
-9.56696e-06
-9.51797e-06
-9.46923e-06
-9.42074e-06
-9.37249e-06
-9.32444e-06
-9.27665e-06
-9.22913e-06
-9.18185e-06
-9.13482e-06
-9.08802e-06
-9.04145e-06
-8.99512e-06
-8.94902e-06
-8.90315e-06
-8.85751e-06
-8.8121e-06
-8.76692e-06
-8.72197e-06
-8.67724e-06
-8.63274e-06
-8.58846e-06
-8.54441e-06
-8.50057e-06
-8.45696e-06
-8.41357e-06
-8.37039e-06
-8.32744e-06
-8.2847e-06
-8.24218e-06
-8.19987e-06
-8.15777e-06
-8.11589e-06
-8.07422e-06
-8.03276e-06
-7.99151e-06
-7.95046e-06
-7.90963e-06
-7.86899e-06
-7.82857e-06
-7.78835e-06
-7.74833e-06
-7.70851e-06
-7.6689e-06
-7.62948e-06
-7.59027e-06
-7.55125e-06
-7.51243e-06
-7.4738e-06
-7.43537e-06
-7.39714e-06
-7.3591e-06
-7.32125e-06
-7.28359e-06
-7.24612e-06
-7.20884e-06
-7.17175e-06
-7.13779e-06
-7.10144e-06
-7.06409e-06
-7.02683e-06
-6.99005e-06
-6.95377e-06
-6.91788e-06
-6.88228e-06
-6.84689e-06
-6.81166e-06
-6.77658e-06
-6.74166e-06
-6.70688e-06
-6.67227e-06
-6.63783e-06
-6.60356e-06
-6.56946e-06
-6.53554e-06
-6.50179e-06
-6.46823e-06
-6.43484e-06
-6.40162e-06
-6.36858e-06
-6.33571e-06
-6.30301e-06
-6.27048e-06
-6.23812e-06
-6.20593e-06
-6.1739e-06
-6.14204e-06
-6.11034e-06
-6.0788e-06
-6.04742e-06
-6.0162e-06
-5.98514e-06
-5.95424e-06
-5.9235e-06
-5.89291e-06
-5.86247e-06
-5.83219e-06
-5.80206e-06
-5.77209e-06
-5.74226e-06
-5.71259e-06
-5.68307e-06
-5.65369e-06
-5.62447e-06
-5.59539e-06
-5.56645e-06
-5.53767e-06
-5.50903e-06
-5.48053e-06
-5.45218e-06
-5.42421e-06
-5.39649e-06
-5.3689e-06
-5.34146e-06
-5.31415e-06
-5.28699e-06
-5.25995e-06
-5.23306e-06
-5.2063e-06
-5.17967e-06
-5.15318e-06
-5.12683e-06
-5.1006e-06
-5.07451e-06
-5.04855e-06
-5.02272e-06
-4.99702e-06
-4.97145e-06
-4.94601e-06
-4.9207e-06
-4.89551e-06
-4.87046e-06
-4.84552e-06
-4.82072e-06
-4.79604e-06
-4.77148e-06
-4.74705e-06
-4.72274e-06
-4.69858e-06
-4.67449e-06
-4.65051e-06
-4.62665e-06
-4.60294e-06
-4.57937e-06
-4.55594e-06
-4.53263e-06
-4.50942e-06
-4.48633e-06
-4.46335e-06
-4.44047e-06
-4.41771e-06
-4.39505e-06
-4.37251e-06
-4.35009e-06
-4.32777e-06
-4.30556e-06
-4.28347e-06
-4.26149e-06
-4.23962e-06
-4.21786e-06
-4.19622e-06
-4.17468e-06
-4.15326e-06
-4.13194e-06
-4.11074e-06
-4.08964e-06
-4.06865e-06
-4.04776e-06
-4.02698e-06
-4.00631e-06
-3.98574e-06
-3.96528e-06
-3.94492e-06
-3.92466e-06
-3.9045e-06
-3.88445e-06
-3.8645e-06
-3.84464e-06
-3.82489e-06
-3.80523e-06
-3.78567e-06
-3.76622e-06
-3.74686e-06
-3.72762e-06
-3.70844e-06
-3.68936e-06
-3.67039e-06
-3.65152e-06
-3.63275e-06
-3.61407e-06
-3.59496e-06
-3.5761e-06
-3.55734e-06
-3.53874e-06
-3.52036e-06
-3.50222e-06
-3.48432e-06
-3.4666e-06
-3.44903e-06
-3.43157e-06
-3.41419e-06
-3.39688e-06
-3.37963e-06
-3.36242e-06
-3.34527e-06
-3.32817e-06
-3.31112e-06
-3.29414e-06
-3.27722e-06
-3.26036e-06
-3.24358e-06
-3.22686e-06
-3.21023e-06
-3.19367e-06
-3.17719e-06
-3.16079e-06
-3.14447e-06
-3.12823e-06
-3.11207e-06
-3.09599e-06
-3.08e-06
-3.06409e-06
-3.04826e-06
-3.03251e-06
-3.01684e-06
-3.00125e-06
-2.98573e-06
-2.9703e-06
-2.95495e-06
-2.93968e-06
-2.92448e-06
-2.90936e-06
-2.89432e-06
-2.87936e-06
-2.86447e-06
-2.84966e-06
-2.83492e-06
-2.82026e-06
-2.80567e-06
-2.79116e-06
-2.77672e-06
-2.76236e-06
-2.74807e-06
-2.73385e-06
-2.71971e-06
-2.70563e-06
-2.69163e-06
-2.6777e-06
-2.66384e-06
-2.65006e-06
-2.63634e-06
-2.6227e-06
-2.60912e-06
-2.59561e-06
-2.58218e-06
-2.56881e-06
-2.55552e-06
-2.54229e-06
-2.52913e-06
-2.51604e-06
-2.503e-06
-2.49003e-06
-2.47713e-06
-2.46429e-06
-2.45152e-06
-2.43881e-06
-2.42617e-06
-2.4136e-06
-2.40109e-06
-2.3888e-06
-2.37666e-06
-2.36458e-06
-2.35257e-06
-2.34062e-06
-2.32872e-06
-2.31689e-06
-2.30512e-06
-2.29341e-06
-2.28175e-06
-2.27016e-06
-2.25862e-06
-2.24714e-06
-2.23572e-06
-2.22436e-06
-2.21305e-06
-2.2018e-06
-2.19061e-06
-2.17947e-06
-2.16839e-06
-2.15736e-06
-2.14639e-06
-2.13547e-06
-2.12461e-06
-2.11381e-06
-2.10306e-06
-2.09236e-06
-2.08172e-06
-2.07113e-06
-2.0606e-06
-2.05012e-06
-2.03969e-06
-2.02932e-06
-2.019e-06
-2.00873e-06
-1.99852e-06
-1.98835e-06
-1.97824e-06
-1.96818e-06
-1.95817e-06
-1.94821e-06
-1.93831e-06
-1.92845e-06
-1.91864e-06
-1.90888e-06
-1.89918e-06
-1.88952e-06
-1.87991e-06
-1.87035e-06
-1.86083e-06
-1.85137e-06
-1.84195e-06
-1.83258e-06
-1.82326e-06
-1.81399e-06
-1.80476e-06
-1.79558e-06
-1.78645e-06
-1.77737e-06
-1.76833e-06
-1.75934e-06
-1.75039e-06
-1.74148e-06
-1.73262e-06
-1.7238e-06
-1.71503e-06
-1.70631e-06
-1.69763e-06
-1.68899e-06
-1.681e-06
-1.67214e-06
-1.66341e-06
-1.65477e-06
-1.64616e-06
-1.63761e-06
-1.62914e-06
-1.62075e-06
-1.61245e-06
-1.60421e-06
-1.59604e-06
-1.58791e-06
-1.57983e-06
-1.57178e-06
-1.56378e-06
-1.55581e-06
-1.54789e-06
-1.54001e-06
-1.53218e-06
-1.52439e-06
-1.51665e-06
-1.50896e-06
-1.50131e-06
-1.49371e-06
-1.48615e-06
-1.47863e-06
-1.47116e-06
-1.46373e-06
-1.45633e-06
-1.44898e-06
-1.44166e-06
-1.43438e-06
-1.42713e-06
-1.41991e-06
-1.41274e-06
-1.40559e-06
-1.39848e-06
-1.3914e-06
-1.38435e-06
-1.37733e-06
-1.37035e-06
-1.3634e-06
-1.35649e-06
-1.3496e-06
-1.34275e-06
-1.33593e-06
-1.32915e-06
-1.3224e-06
-1.31568e-06
-1.30899e-06
-1.30234e-06
-1.29572e-06
-1.28914e-06
-1.28259e-06
-1.27607e-06
-1.26959e-06
-1.26314e-06
-1.25672e-06
-1.25033e-06
-1.24397e-06
-1.23766e-06
-1.23138e-06
-1.22513e-06
-1.21891e-06
-1.21271e-06
-1.20653e-06
-1.20039e-06
-1.19428e-06
-1.1882e-06
-1.18215e-06
-1.17614e-06
-1.17015e-06
-1.1642e-06
-1.15829e-06
-1.1524e-06
-1.14654e-06
-1.14072e-06
-1.13492e-06
-1.12916e-06
-1.12342e-06
-1.11771e-06
-1.11203e-06
-1.10638e-06
-1.10075e-06
-1.09516e-06
-1.08959e-06
-1.08405e-06
-1.07854e-06
-1.07305e-06
-1.06759e-06
-1.06216e-06
-1.05676e-06
-1.05138e-06
-1.04603e-06
-1.04071e-06
-1.03542e-06
-1.03015e-06
-1.02491e-06
-1.0197e-06
-1.01451e-06
-1.00935e-06
-1.00422e-06
-9.99111e-07
-9.9403e-07
-9.88974e-07
-9.83945e-07
-9.78941e-07
-9.73963e-07
-9.6901e-07
-9.64083e-07
-9.5918e-07
-9.54303e-07
-9.49451e-07
-9.44623e-07
-9.3982e-07
-9.35041e-07
-9.30287e-07
-9.25557e-07
-9.20852e-07
-9.1617e-07
-9.11512e-07
-9.06878e-07
-9.02267e-07
-8.9768e-07
-8.93117e-07
-8.88576e-07
-8.84059e-07
-8.79565e-07
-8.75094e-07
-8.70646e-07
-8.6622e-07
-8.61817e-07
-8.57436e-07
-8.53078e-07
-8.48742e-07
-8.44428e-07
-8.40137e-07
-8.35867e-07
-8.31619e-07
-8.27393e-07
-8.23188e-07
-8.19005e-07
-8.14843e-07
-8.10702e-07
-8.06583e-07
-8.02484e-07
-7.98407e-07
-7.94467e-07
-7.90449e-07
-7.86263e-07
-7.82094e-07
-7.78021e-07
-7.74045e-07
-7.70135e-07
-7.66261e-07
-7.62402e-07
-7.58543e-07
-7.54681e-07
-7.50812e-07
-7.46941e-07
-7.43071e-07
-7.39208e-07
-7.35357e-07
-7.31525e-07
-7.27717e-07
-7.23936e-07
-7.20187e-07
-7.1647e-07
-7.12788e-07
-7.09139e-07
-7.05524e-07
-7.0194e-07
-6.98387e-07
-6.94862e-07
-6.91364e-07
-6.87891e-07
-6.84441e-07
-6.81013e-07
-6.77604e-07
-6.74215e-07
-6.70843e-07
-6.67489e-07
-6.64151e-07
-6.60829e-07
-6.57522e-07
-6.54231e-07
-6.50954e-07
-6.47693e-07
-6.44445e-07
-6.41213e-07
-6.37995e-07
-6.34791e-07
-6.31602e-07
-6.28427e-07
-6.25267e-07
