3.20931
2.16378
1.72664
1.43604
1.11519
0.818429
0.581036
-0.439713
-0.423681
-0.409828
-0.401367
-0.392848
-0.384417
-0.376162
-0.368132
-0.36035
-0.352832
-0.345577
-0.338582
-0.33184
-0.325342
-0.319079
-0.313041
-0.307218
-0.301599
-0.296175
-0.290937
-0.285877
-0.280985
-0.276253
-0.271675
-0.267242
-0.262948
-0.258787
-0.254751
-0.250837
-0.247037
-0.243355
-0.239777
-0.236301
-0.232919
-0.229629
-0.226427
-0.22331
-0.220272
-0.217313
-0.214429
-0.211615
-0.208871
-0.206193
-0.203579
-0.201026
-0.198532
-0.196096
-0.193714
-0.191386
-0.189108
-0.186881
-0.1847
-0.182567
-0.180477
-0.178432
-0.176427
-0.174464
-0.17254
-0.170655
-0.168806
-0.166993
-0.165216
-0.163471
-0.161759
-0.160078
-0.158428
-0.156808
-0.155217
-0.153654
-0.152119
-0.15061
-0.149127
-0.147669
-0.146236
-0.144827
-0.143442
-0.142079
-0.140737
-0.139418
-0.13812
-0.136842
-0.135585
-0.134347
-0.133128
-0.131928
-0.130746
-0.129582
-0.128435
-0.127305
-0.126192
-0.125095
-0.124013
-0.122947
-0.121897
-0.12086
-0.119839
-0.118831
-0.117838
-0.116858
-0.115892
-0.114937
-0.113997
-0.113068
-0.112152
-0.111247
-0.110355
-0.109474
-0.108604
-0.107745
-0.106897
-0.10606
-0.105233
-0.104416
-0.10361
-0.102813
-0.102025
-0.101247
-0.100479
-0.0997201
-0.0989689
-0.0982278
-0.0974948
-0.0967702
-0.0960539
-0.0953465
-0.0946465
-0.0939544
-0.09327
-0.092594
-0.0919248
-0.091263
-0.090609
-0.089961
-0.0893213
-0.0886885
-0.0880611
-0.0874417
-0.0868289
-0.0862213
-0.0856213
-0.0850276
-0.0844388
-0.0838573
-0.0832819
-0.0827116
-0.0821471
-0.081589
-0.0810359
-0.0804883
-0.0799468
-0.0794101
-0.0788792
-0.0783529
-0.0778318
-0.0773164
-0.076806
-0.0762998
-0.0757984
-0.0753025
-0.0748107
-0.0743241
-0.0738415
-0.073364
-0.0728904
-0.0724212
-0.0719569
-0.071497
-0.0710405
-0.0705888
-0.0701407
-0.0696965
-0.0692571
-0.0688216
-0.0683893
-0.0679614
-0.0675368
-0.0671164
-0.0666992
-0.0662863
-0.0658769
-0.0654704
-0.0650675
-0.0646687
-0.0642733
-0.0638807
-0.0634919
-0.0631065
-0.0627237
-0.0623441
-0.061969
-0.0615958
-0.0612256
-0.0608591
-0.0604957
-0.0601347
-0.0597771
-0.059422
-0.0590703
-0.0587215
-0.0583755
-0.0580316
-0.0576904
-0.0573533
-0.0570177
-0.0566847
-0.0563549
-0.0560279
-0.0557033
-0.0553806
-0.055061
-0.0547434
-0.0544295
-0.0541162
-0.053807
-0.0534991
-0.0531941
-0.0528915
-0.0525905
-0.0522924
-0.051996
-0.051703
-0.0514111
-0.0511219
-0.0508343
-0.0505494
-0.0502667
-0.0499854
-0.0497074
-0.0494303
-0.0491551
-0.0488832
-0.0486122
-0.0483436
-0.0480765
-0.0478118
-0.0475492
-0.0472884
-0.0470294
-0.0467716
-0.0465163
-0.0462623
-0.0460113
-0.0457609
-0.0455127
-0.0452664
-0.0450212
-0.0447782
-0.0445371
-0.0442976
-0.0440591
-0.0438229
-0.0435884
-0.0433555
-0.0431235
-0.0428943
-0.0426656
-0.0424383
-0.0422139
-0.0419898
-0.0417678
-0.0415473
-0.0413283
-0.0411101
-0.040894
-0.0406794
-0.0404662
-0.0402545
-0.0400435
-0.0398344
-0.0396269
-0.0394207
-0.0392153
-0.0390124
-0.0388097
-0.0386088
-0.0384092
-0.0382104
-0.0380141
-0.0378179
-0.0376235
-0.0374304
-0.0372379
-0.0370478
-0.0368579
-0.0366696
-0.0364826
-0.0362963
-0.0361122
-0.0359283
-0.0357459
-0.0355648
-0.0353848
-0.035206
-0.0350276
-0.034851
-0.0346755
-0.0345012
-0.0343279
-0.0341556
-0.0339838
-0.0338137
-0.0336447
-0.0334767
-0.0333098
-0.0331438
-0.0329783
-0.0328143
-0.0326521
-0.0324896
-0.032328
-0.0321686
-0.0320098
-0.0318512
-0.031694
-0.031538
-0.0313829
-0.0312286
-0.0310753
-0.0309223
-0.0307714
-0.0306203
-0.0304706
-0.0303218
-0.030174
-0.0300264
-0.0298808
-0.029735
-0.0295905
-0.0294476
-0.0293043
-0.0291617
-0.0290212
-0.0288811
-0.0287411
-0.028603
-0.0284647
-0.0283277
-0.0281915
-0.0280561
-0.0279209
-0.0277876
-0.027654
-0.0275223
-0.0273902
-0.0272593
-0.0271293
-0.027
-0.0268715
-0.026743
-0.0266165
-0.0264896
-0.0263639
-0.0262389
-0.0261147
-0.0259912
-0.0258684
-0.0257462
-0.0256241
-0.0255039
-0.0253832
-0.0252643
-0.025145
-0.0250269
-0.0249094
-0.0247926
-0.0246759
-0.024561
-0.0244456
-0.0243319
-0.0242178
-0.0241048
-0.0239924
-0.0238807
-0.0237696
-0.0236591
-0.0235492
-0.0234393
-0.0233311
-0.0232225
-0.0231155
-0.0230081
-0.0229016
-0.0227958
-0.0226907
-0.022586
-0.022482
-0.0223778
-0.0222754
-0.0221725
-0.0220712
-0.0219694
-0.0218685
-0.0217683
-0.0216687
-0.0215695
-0.0214709
-0.0213728
-0.0212752
-0.0211775
-0.0210815
-0.020985
-0.02089
-0.0207944
-0.0206998
-0.0206058
-0.0205123
-0.0204193
-0.0203268
-0.0202347
-0.0201431
-0.0200514
-0.0199613
-0.0198706
-0.0197815
-0.0196918
-0.0196029
-0.0195146
-0.0194268
-0.0193395
-0.0192526
-0.0191661
-0.01908
-0.0189944
-0.0189087
-0.0188245
-0.0187397
-0.0186564
-0.0185725
-0.0184894
-0.0184075
-0.0183248
-0.018243
-0.0181617
-0.0180808
-0.0180004
-0.0179203
-0.01784
-0.0177613
-0.0176826
-0.0176035
-0.017526
-0.0174478
-0.0173704
-0.0172942
-0.0172172
-0.017141
-0.0170652
-0.0169899
-0.0169149
-0.0168403
-0.0167661
-0.0166917
-0.0166187
-0.0165457
-0.0164723
-0.0164004
-0.0163279
-0.0162568
-0.0161849
-0.0161139
-0.0160439
-0.0159731
-0.0159031
-0.0158335
-0.0157643
-0.0156954
-0.0156269
-0.0155581
-0.0154907
-0.0154233
-0.0153561
-0.0152886
-0.0152225
-0.0151558
-0.0150904
-0.0150243
-0.0149589
-0.0148946
-0.0148295
-0.0147651
-0.0147011
-0.0146374
-0.014574
-0.0145109
-0.0144482
-0.0143857
-0.0143235
-0.0142611
-0.0142
-0.0141388
-0.0140773
-0.0140171
-0.0139562
-0.0138966
-0.0138363
-0.0137767
-0.0137181
-0.0136586
-0.0135998
-0.0135414
-0.0134833
-0.0134255
-0.0133679
-0.0133107
-0.0132536
-0.0131969
-0.0131404
-0.0130842
-0.0130276
-0.0129725
-0.0129172
-0.0128614
-0.0128071
-0.0127519
-0.0126981
-0.0126434
-0.0125901
-0.012536
-0.0124825
-0.01243
-0.0123767
-0.012324
-0.0122716
-0.0122195
-0.0121676
-0.012116
-0.0120646
-0.0120135
-0.0119626
-0.0119119
-0.0118615
-0.0118106
-0.0117612
-0.0117116
-0.0116615
-0.0116127
-0.0115632
-0.0115149
-0.0114658
-0.0114179
-0.0113693
-0.0113219
-0.0112736
-0.0112261
-0.0111788
-0.0111324
-0.0110851
-0.0110384
-0.0109919
-0.0109458
-0.0108998
-0.0108541
-0.0108085
-0.0107632
-0.0107181
-0.0106731
-0.0106284
-0.0105833
-0.0105395
-0.0104955
-0.010451
-0.0104078
-0.0103644
-0.0103205
-0.0102779
-0.0102344
-0.0101922
-0.0101492
-0.0101074
-0.0100647
-0.0100227
-0.00998151
-0.00993944
-0.00989795
-0.00985675
-0.00981576
-0.00977555
-0.00973441
-0.00969383
-0.00965353
-0.00961345
-0.00957354
-0.00953381
-0.00949426
-0.00945488
-0.00941568
-0.00937605
-0.00933771
-0.00929915
-0.00926066
-0.00922172
-0.00918406
-0.00914618
-0.00910776
-0.0090706
-0.00903322
-0.0089953
-0.00895865
-0.00892116
-0.00888485
-0.0088477
-0.00881111
-0.00877539
-0.00873874
-0.00870263
-0.00866738
-0.0086312
-0.00859556
-0.00856018
-0.00852558
-0.00849002
-0.008455
-0.00842024
-0.00838565
-0.00835122
-0.00831694
-0.0082828
-0.00824881
-0.00821497
-0.00818128
-0.00814773
-0.00811433
-0.00808108
-0.00804797
-0.008015
-0.00798158
-0.00794942
-0.00791701
-0.00788464
-0.00785179
-0.00782019
-0.00778773
-0.00775643
-0.00772486
-0.00769271
-0.0076618
-0.00763003
-0.0075994
-0.00756791
-0.00753755
-0.00750632
-0.00747563
-0.00744577
-0.00741496
-0.00738466
-0.0073552
-0.00732477
-0.00729486
-0.00726518
-0.00723565
-0.00720685
-0.00717706
-0.00714778
-0.00711873
-0.00708983
-0.00706105
-0.0070324
-0.00700387
-0.00697546
-0.00694717
-0.006919
-0.00689095
-0.00686302
-0.00683521
-0.00680751
-0.00677994
-0.00675249
-0.00672515
-0.00669793
-0.00667083
-0.00664384
-0.00661697
-0.00659022
-0.00656358
-0.00653705
-0.00651064
-0.00648434
-0.00645816
-0.00643149
-0.00640603
-0.00637971
-0.00635449
-0.00632898
-0.00630287
-0.00627795
-0.00625216
-0.00622747
-0.00620189
-0.00617682
-0.00615255
-0.00612731
-0.00610314
-0.00607808
-0.00605353
-0.00602977
-0.00600505
-0.0059808
-0.00595676
-0.00593344
-0.00590912
-0.00588528
-0.00586163
-0.00583871
-0.00581478
-0.00579134
-0.00576809
-0.00574496
-0.00572194
-0.00569901
-0.00567617
-0.00565343
-0.00563078
-0.00560822
-0.00558576
-0.0055634
-0.00554112
-0.00551894
-0.00549686
-0.00547486
-0.00545296
-0.00543115
-0.00540943
-0.0053878
-0.00536627
-0.00534482
-0.00532347
-0.0053022
-0.00528102
-0.00525994
-0.00523894
-0.00521803
-0.0051972
-0.00517647
-0.00515582
-0.00513525
-0.00511477
-0.00509438
-0.00507408
-0.00505385
-0.00503372
-0.00501366
-0.00499369
-0.00497381
-0.004954
-0.00493428
-0.00491464
-0.00489509
-0.00487561
-0.00485621
-0.0048369
-0.00481767
-0.00479851
-0.00477944
-0.00476045
-0.00474153
-0.0047227
-0.00470394
-0.00468526
-0.00466665
-0.00464813
-0.00462968
-0.00461131
-0.00459249
-0.00457472
-0.00455615
-0.00453803
-0.00452058
-0.00450225
-0.00448433
-0.00446657
-0.00444943
-0.00443138
-0.00441374
-0.00439626
-0.0043794
-0.00436162
-0.00434426
-0.00432707
-0.00430996
-0.00429292
-0.00427595
-0.00425958
-0.0042423
-0.00422542
-0.00420871
-0.00419209
-0.00417553
-0.00415904
-0.00414262
-0.00412627
-0.00410998
-0.00409376
-0.0040776
-0.00406151
-0.00404548
-0.00402952
-0.00401363
-0.0039978
-0.00398203
-0.00396633
-0.0039507
-0.00393512
-0.00391962
-0.00390417
-0.00388879
-0.00387347
-0.00385821
-0.00384302
-0.00382789
-0.00381282
-0.00379781
-0.00378286
-0.00376798
-0.00375315
-0.00373839
-0.00372369
-0.00370904
-0.00369446
-0.00367993
-0.00366547
-0.00365106
-0.00363671
-0.00362242
-0.00360819
-0.00359402
-0.0035799
-0.00356584
-0.00355184
-0.0035379
-0.00352401
-0.00351018
-0.00349641
-0.00348269
-0.00346902
-0.00345542
-0.00344186
-0.00342837
-0.00341492
-0.00340154
-0.0033882
-0.00337492
-0.0033617
-0.00334852
-0.00333541
-0.00332234
-0.00330933
-0.00329637
-0.00328346
-0.0032706
-0.0032578
-0.00324505
-0.00323235
-0.0032197
-0.0032071
-0.00319456
-0.00318206
-0.00316961
-0.00315722
-0.00314487
-0.00313258
-0.00312033
-0.00310814
-0.00309599
-0.00308389
-0.00307184
-0.00305984
-0.00304789
-0.00303599
-0.00302413
-0.00301232
-0.00300056
-0.00298885
-0.00297718
-0.00296556
-0.00295399
-0.00294246
-0.00293098
-0.00291955
-0.00290816
-0.00289682
-0.00288552
-0.00287427
-0.00286307
-0.0028519
-0.00284079
-0.00282972
-0.00281869
-0.00280771
-0.00279677
-0.00278587
-0.00277502
-0.00276422
-0.00275345
-0.00274273
-0.00273205
-0.00272142
-0.00271082
-0.00270027
-0.00268977
-0.0026793
-0.00266888
-0.00265849
-0.00264815
-0.00263785
-0.00262759
-0.00261738
-0.0026072
-0.00259706
-0.00258697
-0.00257691
-0.0025669
-0.00255692
-0.00254699
-0.00253709
-0.00252724
-0.00251742
-0.00250764
-0.00249791
-0.00248821
-0.00247854
-0.00246892
-0.00245934
-0.00244979
-0.00244028
-0.00243081
-0.00242138
-0.00241157
-0.00240257
-0.00239292
-0.00238359
-0.00237436
-0.00236518
-0.00235603
-0.00234691
-0.00233782
-0.00232877
-0.00231976
-0.00231077
-0.00230182
-0.00229291
-0.00228403
-0.00227518
-0.00226637
-0.0022576
-0.00224885
-0.00224015
-0.00223147
-0.00222283
-0.00221423
-0.00220566
-0.00219712
-0.00218862
-0.00218015
-0.00217171
-0.00216331
-0.00215494
-0.00214661
-0.0021383
-0.00213003
-0.0021218
-0.00211359
-0.00210542
-0.00209728
-0.00208918
-0.0020811
-0.00207306
-0.00206505
-0.00205707
-0.00204912
-0.00204121
-0.00203332
-0.00202547
-0.00201764
-0.00200985
-0.00200209
-0.00199436
-0.00198666
-0.00197899
-0.00197135
-0.00196374
-0.00195616
-0.00194862
-0.0019411
-0.00193361
-0.00192615
-0.00191872
-0.00191131
-0.00190394
-0.0018966
-0.00188928
-0.001882
-0.00187474
-0.00186751
-0.00186031
-0.00185314
-0.001846
-0.00183888
-0.0018318
-0.00182474
-0.00181771
-0.0018107
-0.00180373
-0.00179678
-0.00178986
-0.00178296
-0.0017761
-0.00176926
-0.00176244
-0.00175566
-0.0017489
-0.00174216
-0.00173546
-0.00172878
-0.00172212
-0.0017155
-0.00170889
-0.00170232
-0.00169577
-0.00168924
-0.00168274
-0.00167627
-0.00166982
-0.0016634
-0.001657
-0.00165063
-0.00164428
-0.00163796
-0.00163166
-0.00162539
-0.00161914
-0.00161292
-0.00160672
-0.00160054
-0.00159439
-0.00158826
-0.00158216
-0.00157608
-0.00157003
-0.00156399
-0.00155799
-0.001552
-0.00154604
-0.0015401
-0.00153419
-0.0015283
-0.00152243
-0.00151658
-0.00151076
-0.00150496
-0.00149918
-0.00149343
-0.0014877
-0.00148199
-0.0014763
-0.00147063
-0.00146499
-0.00145937
-0.00145377
-0.00144819
-0.00144264
-0.0014371
-0.00143159
-0.0014261
-0.00142063
-0.00141518
-0.00140976
-0.00140435
-0.00139897
-0.0013936
-0.00138826
-0.00138294
-0.00137764
-0.00137236
-0.0013671
-0.00136186
-0.00135664
-0.00135144
-0.00134626
-0.00134111
-0.00133597
-0.00133085
-0.00132575
-0.00132067
-0.00131562
-0.00131058
-0.00130556
-0.00130056
-0.00129558
-0.00129062
-0.00128568
-0.00128075
-0.00127585
-0.00127097
-0.0012661
-0.00126126
-0.00125643
-0.00125162
-0.00124683
-0.00124206
-0.00123731
-0.00123257
-0.00122786
-0.00122316
-0.00121848
-0.00121382
-0.00120918
-0.00120455
-0.00119995
-0.00119536
-0.00119078
-0.00118623
-0.0011817
-0.00117718
-0.00117268
-0.00116819
-0.00116373
-0.00115928
-0.00115485
-0.00115043
-0.00114604
-0.00114166
-0.0011373
-0.00113295
-0.00112862
-0.00112431
-0.00112001
-0.00111573
-0.00111147
-0.00110723
-0.001103
-0.00109878
-0.00109459
-0.00109041
-0.00108624
-0.00108209
-0.00107796
-0.00107385
-0.00106975
-0.00106566
-0.00106159
-0.00105754
-0.0010535
-0.00104948
-0.00104548
-0.00104149
-0.00103751
-0.00103355
-0.00102961
-0.00102568
-0.00102177
-0.00101787
-0.00101398
-0.00101012
-0.00100626
-0.00100242
-0.0009986
-0.000994791
-0.000990997
-0.000987218
-0.000983453
-0.000979702
-0.000975966
-0.000972245
-0.000968538
-0.000964845
-0.000961167
-0.000957502
-0.000953852
-0.000950216
-0.000946594
-0.000942986
-0.000939392
-0.000935812
-0.000932245
-0.000928693
-0.000925154
-0.000921628
-0.000918117
-0.000914619
-0.000911134
-0.000907663
-0.000904205
-0.000900761
-0.000897329
-0.000893911
-0.000890507
-0.000887115
-0.000883736
-0.000880371
-0.000877018
-0.000873679
-0.000870352
-0.000867038
-0.000863737
-0.000860448
-0.000857173
-0.000853909
-0.000850659
-0.000847421
-0.000844195
-0.000840982
-0.000837781
-0.000834593
-0.000831417
-0.000828253
-0.000825101
-0.000821961
-0.000818834
-0.000815718
-0.000812614
-0.000809523
-0.000806443
-0.000803375
-0.000800319
-0.000797275
-0.000794242
-0.000791222
-0.000788213
-0.000785215
-0.000782229
-0.000779254
-0.000776291
-0.000773339
-0.000770398
-0.000767469
-0.000764551
-0.000761644
-0.000758748
-0.000755864
-0.000752991
-0.000750128
-0.000747277
-0.000744437
-0.000741607
-0.000738789
-0.000735981
-0.000733184
-0.000730398
-0.000727622
-0.000724857
-0.000722103
-0.00071936
-0.000716626
-0.000713904
-0.000711192
-0.00070849
-0.000705799
-0.000703118
-0.000700447
-0.000697787
-0.000695136
-0.000692496
-0.000689866
-0.000687246
-0.000684636
-0.000682036
-0.000679446
-0.000676867
-0.000674297
-0.000671736
-0.000669186
-0.000666645
-0.000664115
-0.000661593
-0.000659082
-0.00065658
-0.000654088
-0.000651605
-0.000649132
-0.000646668
-0.000644214
-0.000641769
-0.000639334
-0.000636907
-0.00063449
-0.000632083
-0.000629685
-0.000627295
-0.000624915
-0.000622544
-0.000620183
-0.00061783
-0.000615486
-0.000613151
-0.000610825
-0.000608508
-0.0006062
-0.000603901
-0.000601611
-0.000599329
-0.000597056
-0.000594792
-0.000592536
-0.000590289
-0.000588051
-0.000585821
-0.0005836
-0.000581387
-0.000579183
-0.000576987
-0.0005748
-0.000572621
-0.00057045
-0.000568288
-0.000566133
-0.000563988
-0.00056185
-0.00055972
-0.000557599
-0.000555486
-0.00055338
-0.000551283
-0.000549194
-0.000546923
-0.000544824
-0.000542768
-0.000540722
-0.000538682
-0.000536647
-0.000534618
-0.000532597
-0.000530582
-0.000528575
-0.000526575
-0.000524582
-0.000522597
-0.000520619
-0.000518648
-0.000516685
-0.000514729
-0.00051278
-0.000510838
-0.000508904
-0.000506977
-0.000505057
-0.000503144
-0.000501239
-0.000499341
-0.00049745
-0.000495567
-0.000493691
-0.000491821
-0.000489959
-0.000488104
-0.000486257
-0.000484416
-0.000482582
-0.000480755
-0.000478936
-0.000477123
-0.000475317
-0.000473518
-0.000471726
-0.000469941
-0.000468163
-0.000466391
-0.000464627
-0.000462868
-0.000461117
-0.000459372
-0.000457634
-0.000455903
-0.000454178
-0.00045246
-0.000450749
-0.000449043
-0.000447345
-0.000445653
-0.000443967
-0.000442288
-0.000440615
-0.000438949
-0.000437289
-0.000435635
-0.000433987
-0.000432346
-0.000430711
-0.000429082
-0.00042746
-0.000425844
-0.000424234
-0.00042263
-0.000421032
-0.00041944
-0.000417854
-0.000416274
-0.000414701
-0.000413133
-0.000411571
-0.000410015
-0.000408466
-0.000406922
-0.000405384
-0.000403851
-0.000402325
-0.000400804
-0.00039929
-0.000397781
-0.000396277
-0.00039478
-0.000393288
-0.000391802
-0.000390321
-0.000388847
-0.000387377
-0.000385914
-0.000384456
-0.000383003
-0.000381556
-0.000380114
-0.000378678
-0.000377248
-0.000375823
-0.000374403
-0.000372989
-0.00037158
-0.000370176
-0.000368778
-0.000367385
-0.000365998
-0.000364615
-0.000363238
-0.000361866
-0.0003605
-0.000359138
-0.000357782
-0.000356431
-0.000355085
-0.000353744
-0.000352409
-0.000351078
-0.000349752
-0.000348432
-0.000347116
-0.000345806
-0.0003445
-0.0003432
-0.000341904
-0.000340613
-0.000339327
-0.000338047
-0.00033677
-0.000335499
-0.000334233
-0.000332971
-0.000331715
-0.000330463
-0.000329215
-0.000327973
-0.000326735
-0.000325502
-0.000324274
-0.00032305
-0.000321831
-0.000320616
-0.000319406
-0.000318201
-0.000317
-0.000315804
-0.000314613
-0.000313426
-0.000312243
-0.000311065
-0.000309892
-0.000308723
-0.000307558
-0.000306398
-0.000305242
-0.00030409
-0.000302943
-0.0003018
-0.000300662
-0.000299528
-0.000298398
-0.000297273
-0.000296152
-0.000295035
-0.000293922
-0.000292814
-0.000291709
-0.000290609
-0.000289513
-0.000288422
-0.000287334
-0.00028625
-0.000285171
-0.000284096
-0.000283025
-0.000281957
-0.000280894
-0.000279835
-0.00027878
-0.000277729
-0.000276682
-0.000275639
-0.0002746
-0.000273565
-0.000272533
-0.000271506
-0.000270482
-0.000269463
-0.000268447
-0.000267435
-0.000266427
-0.000265423
-0.000264422
-0.000263426
-0.000262433
-0.000261444
-0.000260459
-0.000259477
-0.000258499
-0.000257525
-0.000256554
-0.000255588
-0.000254625
-0.000253665
-0.000252709
-0.000251757
-0.000250808
-0.000249863
-0.000248922
-0.000247984
-0.00024705
-0.000246119
-0.000245192
-0.000244268
-0.000243348
-0.000242431
-0.000241518
-0.000240608
-0.000239701
-0.000238799
-0.000237899
-0.000237003
-0.00023611
-0.000235221
-0.000234335
-0.000233452
-0.000232573
-0.000231697
-0.000230824
-0.000229955
-0.000229089
-0.000228226
-0.000227367
-0.00022651
-0.000225657
-0.000224808
-0.000223961
-0.000223118
-0.000222278
-0.000221441
-0.000220607
-0.000219776
-0.000218949
-0.000218124
-0.000217303
-0.000216485
-0.00021567
-0.000214858
-0.000214049
-0.000213243
-0.00021244
-0.000211641
-0.000210844
-0.00021005
-0.00020926
-0.000208472
-0.000207687
-0.000206906
-0.000206127
-0.000205351
-0.000204578
-0.000203808
-0.000203041
-0.000202277
-0.000201515
-0.000200757
-0.000200001
-0.000199249
-0.000198499
-0.000197752
-0.000197008
-0.000196266
-0.000195528
-0.000194792
-0.000194059
-0.000193329
-0.000192602
-0.000191877
-0.000191155
-0.000190436
-0.000189719
-0.000189005
-0.000188294
-0.000187586
-0.00018688
-0.000186177
-0.000185477
-0.000184779
-0.000184084
-0.000183391
-0.000182702
-0.000182014
-0.00018133
-0.000180648
-0.000179968
-0.000179291
-0.000178617
-0.000177945
-0.000177276
-0.000176609
-0.000175945
-0.000175283
-0.000174624
-0.000173967
-0.000173313
-0.000172661
-0.000172012
-0.000171365
-0.00017072
-0.000170078
-0.000169439
-0.000168802
-0.000168167
-0.000167535
-0.000166905
-0.000166277
-0.000165652
-0.000165029
-0.000164409
-0.00016379
-0.000163175
-0.000162561
-0.00016195
-0.000161341
-0.000160735
-0.00016013
-0.000159528
-0.000158929
-0.000158331
-0.000157736
-0.000157143
-0.000156552
-0.000155964
-0.000155378
-0.000154794
-0.000154212
-0.000153632
-0.000153055
-0.000152479
-0.000151906
-0.000151335
-0.000150767
-0.0001502
-0.000149636
-0.000149073
-0.000148513
-0.000147955
-0.000147399
-0.000146845
-0.000146293
-0.000145743
-0.000145196
-0.00014465
-0.000144106
-0.000143565
-0.000143026
-0.000142488
-0.000141953
-0.000141419
-0.000140888
-0.000140359
-0.000139831
-0.000139306
-0.000138783
-0.000138261
-0.000137742
-0.000137224
-0.000136709
-0.000136195
-0.000135683
-0.000135174
-0.000134666
-0.00013416
-0.000133656
-0.000133154
-0.000132654
-0.000132156
-0.000131659
-0.000131165
-0.000130672
-0.000130181
-0.000129692
-0.000129205
-0.00012872
-0.000128236
-0.000127755
-0.000127275
-0.000126797
-0.000126321
-0.000125846
-0.000125374
-0.000124903
-0.000124434
-0.000123967
-0.000123501
-0.000123037
-0.000122575
-0.000122114
-0.000121656
-0.000121199
-0.000120744
-0.000120291
-0.000119839
-0.000119389
-0.000118941
-0.000118494
-0.000118049
-0.000117606
-0.000117165
-0.000116725
-0.000116287
-0.00011585
-0.000115415
-0.000114982
-0.00011455
-0.00011412
-0.000113692
-0.000113265
-0.00011284
-0.000112416
-0.000111994
-0.000111574
-0.000111155
-0.000110738
-0.000110323
-0.000109909
-0.000109496
-0.000109085
-0.000108676
-0.000108268
-0.000107861
-0.000107457
-0.000107053
-0.000106652
-0.000106251
-0.000105853
-0.000105455
-0.00010506
-0.000104666
-0.000104273
-0.000103881
-0.000103492
-0.000103103
-0.000102716
-0.000102331
-0.000101947
-0.000101565
-0.000101184
-0.000100804
-0.000100426
-0.000100049
-9.96735e-05
-9.92996e-05
-9.8927e-05
-9.85559e-05
-9.81862e-05
-9.78178e-05
-9.74509e-05
-9.70853e-05
-9.67211e-05
-9.63583e-05
-9.59968e-05
-9.56367e-05
-9.5278e-05
-9.49206e-05
-9.45645e-05
-9.42098e-05
-9.38564e-05
-9.35044e-05
-9.31537e-05
-9.28043e-05
-9.24562e-05
-9.21094e-05
-9.1764e-05
-9.14198e-05
-9.10769e-05
-9.07354e-05
-9.03951e-05
-9.00561e-05
-8.97183e-05
-8.93819e-05
-8.90467e-05
-8.87127e-05
-8.83801e-05
-8.80486e-05
-8.77185e-05
-8.73895e-05
-8.70618e-05
-8.67354e-05
-8.64101e-05
-8.60861e-05
-8.57633e-05
-8.54418e-05
-8.51214e-05
-8.48022e-05
-8.44843e-05
-8.41675e-05
-8.38519e-05
-8.35376e-05
-8.32244e-05
-8.29123e-05
-8.26015e-05
-8.22918e-05
-8.19833e-05
-8.16759e-05
-8.13698e-05
-8.10647e-05
-8.07608e-05
-8.04581e-05
-8.01565e-05
-7.9856e-05
-7.95566e-05
-7.92584e-05
-7.89613e-05
-7.86653e-05
-7.83704e-05
-7.80767e-05
-7.7784e-05
-7.74925e-05
-7.7202e-05
-7.69126e-05
-7.66244e-05
-7.63372e-05
-7.60511e-05
-7.5766e-05
-7.54821e-05
-7.51992e-05
-7.49173e-05
-7.46365e-05
-7.43568e-05
-7.40782e-05
-7.38005e-05
-7.3524e-05
-7.32484e-05
-7.29739e-05
-7.27005e-05
-7.2428e-05
-7.21566e-05
-7.18862e-05
-7.16168e-05
-7.13485e-05
-7.10811e-05
-7.08148e-05
-7.05494e-05
-7.02851e-05
-7.00217e-05
-6.97594e-05
-6.9498e-05
-6.92376e-05
-6.89782e-05
-6.87197e-05
-6.84622e-05
-6.82057e-05
-6.79502e-05
-6.76956e-05
-6.7442e-05
-6.71893e-05
-6.69376e-05
-6.66868e-05
-6.6437e-05
-6.61881e-05
-6.59402e-05
-6.56931e-05
-6.5447e-05
-6.52019e-05
-6.49576e-05
-6.47143e-05
-6.44719e-05
-6.42304e-05
-6.39898e-05
-6.37501e-05
-6.35113e-05
-6.32734e-05
-6.30364e-05
-6.28003e-05
-6.25651e-05
-6.23307e-05
-6.20973e-05
-6.18647e-05
-6.1633e-05
-6.14022e-05
-6.11722e-05
-6.09431e-05
-6.07148e-05
-6.04874e-05
-6.02609e-05
-6.00352e-05
-5.98104e-05
-5.95864e-05
-5.93633e-05
-5.9141e-05
-5.89195e-05
-5.86988e-05
-5.8479e-05
-5.826e-05
-5.80419e-05
-5.78245e-05
-5.7608e-05
-5.73923e-05
-5.71774e-05
-5.69633e-05
-5.675e-05
-5.65375e-05
-5.63258e-05
-5.61149e-05
-5.59048e-05
-5.56955e-05
-5.5487e-05
-5.52792e-05
-5.50722e-05
-5.4866e-05
-5.46606e-05
-5.4456e-05
-5.42521e-05
-5.4049e-05
-5.38467e-05
-5.36451e-05
-5.34442e-05
-5.32442e-05
-5.30448e-05
-5.28463e-05
-5.26484e-05
-5.24513e-05
-5.2255e-05
-5.20594e-05
-5.18645e-05
-5.16704e-05
-5.14769e-05
-5.12843e-05
-5.10923e-05
-5.0901e-05
-5.07105e-05
-5.05207e-05
-5.03316e-05
-5.01432e-05
-4.99555e-05
-4.97686e-05
-4.95823e-05
-4.93967e-05
-4.92118e-05
-4.90276e-05
-4.88441e-05
-4.86613e-05
-4.84792e-05
-4.82978e-05
-4.8117e-05
-4.7937e-05
-4.77576e-05
-4.75788e-05
-4.74008e-05
-4.72234e-05
-4.70467e-05
-4.68706e-05
-4.66952e-05
-4.65205e-05
-4.63464e-05
-4.6173e-05
-4.60002e-05
-4.58281e-05
-4.56566e-05
-4.54857e-05
-4.53155e-05
-4.5146e-05
-4.49771e-05
-4.48088e-05
-4.46411e-05
-4.44741e-05
-4.43077e-05
-4.41419e-05
-4.39767e-05
-4.38127e-05
-4.36484e-05
-4.34848e-05
-4.3322e-05
-4.31598e-05
-4.29983e-05
-4.28374e-05
-4.26771e-05
-4.25175e-05
-4.23584e-05
-4.22e-05
-4.20421e-05
-4.18848e-05
-4.17281e-05
-4.1572e-05
-4.14165e-05
-4.12616e-05
-4.11072e-05
-4.09534e-05
-4.08003e-05
-4.06477e-05
-4.04956e-05
-4.03442e-05
-4.01933e-05
-4.0043e-05
-3.98932e-05
-3.9744e-05
-3.95954e-05
-3.94473e-05
-3.92998e-05
-3.91528e-05
-3.90064e-05
-3.88605e-05
-3.87152e-05
-3.85704e-05
-3.84262e-05
-3.82825e-05
-3.81393e-05
-3.79967e-05
-3.78546e-05
-3.7713e-05
-3.7572e-05
-3.74315e-05
-3.72915e-05
-3.7152e-05
-3.70131e-05
-3.68747e-05
-3.67368e-05
-3.65995e-05
-3.64626e-05
-3.63262e-05
-3.61904e-05
-3.60551e-05
-3.59203e-05
-3.5786e-05
-3.56522e-05
-3.55189e-05
-3.53861e-05
-3.52538e-05
-3.5122e-05
-3.49907e-05
-3.48598e-05
-3.47295e-05
-3.45997e-05
-3.44703e-05
-3.43415e-05
-3.42131e-05
-3.40852e-05
-3.39578e-05
-3.38308e-05
-3.37043e-05
-3.35784e-05
-3.34528e-05
-3.33278e-05
-3.32032e-05
-3.30791e-05
-3.29554e-05
-3.28322e-05
-3.27095e-05
-3.25873e-05
-3.24654e-05
-3.23441e-05
-3.22232e-05
-3.21027e-05
-3.19828e-05
-3.18632e-05
-3.17441e-05
-3.16255e-05
-3.15073e-05
-3.13895e-05
-3.12722e-05
-3.11553e-05
-3.10388e-05
-3.09228e-05
-3.08073e-05
-3.06921e-05
-3.05774e-05
-3.04631e-05
-3.03493e-05
-3.02358e-05
-3.01228e-05
-3.00103e-05
-2.98981e-05
-2.97864e-05
-2.9675e-05
-2.95641e-05
-2.94537e-05
-2.93436e-05
-2.92339e-05
-2.91247e-05
-2.90158e-05
-2.89074e-05
-2.87994e-05
-2.86918e-05
-2.85845e-05
-2.84777e-05
-2.83713e-05
-2.82653e-05
-2.81597e-05
-2.80544e-05
-2.79496e-05
-2.78452e-05
-2.77411e-05
-2.76375e-05
-2.75342e-05
-2.74313e-05
-2.73288e-05
-2.72267e-05
-2.7125e-05
-2.70236e-05
-2.69226e-05
-2.68221e-05
-2.67218e-05
-2.6622e-05
-2.65225e-05
-2.64234e-05
-2.63247e-05
-2.62264e-05
-2.61284e-05
-2.60308e-05
-2.59335e-05
-2.58366e-05
-2.57401e-05
-2.56439e-05
-2.55481e-05
-2.54527e-05
-2.53576e-05
-2.52629e-05
-2.51685e-05
-2.50745e-05
-2.49808e-05
-2.48875e-05
-2.47945e-05
-2.47019e-05
-2.46096e-05
-2.45177e-05
-2.44261e-05
-2.43349e-05
-2.4244e-05
-2.41534e-05
-2.40632e-05
-2.39733e-05
-2.38838e-05
-2.37946e-05
-2.37057e-05
-2.36172e-05
-2.3529e-05
-2.34411e-05
-2.33535e-05
-2.32663e-05
-2.31794e-05
-2.30928e-05
-2.30066e-05
-2.29207e-05
-2.28351e-05
-2.27498e-05
-2.26648e-05
-2.25802e-05
-2.24958e-05
-2.24118e-05
-2.23281e-05
-2.22447e-05
-2.21617e-05
-2.20789e-05
-2.19965e-05
-2.19143e-05
-2.18325e-05
-2.1751e-05
-2.16697e-05
-2.15888e-05
-2.15082e-05
-2.14279e-05
-2.13479e-05
-2.12682e-05
-2.11888e-05
-2.11096e-05
-2.10308e-05
-2.09523e-05
-2.08741e-05
-2.07961e-05
-2.07185e-05
-2.06411e-05
-2.0564e-05
-2.04873e-05
-2.04108e-05
-2.03346e-05
-2.02587e-05
-2.0183e-05
-2.01077e-05
-2.00326e-05
-1.99578e-05
-1.98833e-05
-1.98091e-05
-1.97351e-05
-1.96614e-05
-1.9588e-05
-1.95149e-05
-1.94421e-05
-1.93695e-05
-1.92972e-05
-1.92251e-05
-1.91534e-05
-1.90819e-05
-1.90107e-05
-1.89397e-05
-1.8869e-05
-1.87986e-05
-1.87284e-05
-1.86585e-05
-1.85888e-05
-1.85194e-05
-1.84503e-05
-1.83815e-05
-1.83128e-05
-1.82445e-05
-1.81764e-05
-1.81086e-05
-1.8041e-05
-1.79736e-05
-1.79066e-05
-1.78397e-05
-1.77731e-05
-1.77068e-05
-1.76407e-05
-1.75749e-05
-1.75093e-05
-1.7444e-05
-1.73789e-05
-1.7314e-05
-1.72494e-05
-1.7185e-05
-1.71209e-05
-1.7057e-05
-1.69933e-05
-1.69299e-05
-1.68667e-05
-1.68038e-05
-1.67411e-05
-1.66789e-05
-1.66169e-05
-1.6555e-05
-1.64932e-05
-1.64316e-05
-1.63703e-05
-1.63091e-05
-1.62482e-05
-1.61876e-05
-1.61271e-05
-1.60669e-05
-1.60069e-05
-1.59471e-05
-1.58876e-05
-1.58282e-05
-1.57691e-05
-1.57103e-05
-1.56516e-05
-1.55932e-05
-1.5535e-05
-1.54771e-05
-1.54193e-05
-1.53618e-05
-1.53045e-05
-1.52474e-05
-1.51905e-05
-1.51338e-05
-1.50774e-05
-1.50211e-05
-1.49651e-05
-1.49093e-05
-1.48537e-05
-1.47983e-05
-1.47431e-05
-1.46881e-05
-1.46333e-05
-1.45788e-05
-1.45244e-05
-1.44702e-05
-1.44163e-05
-1.43625e-05
-1.4309e-05
-1.42556e-05
-1.42024e-05
-1.41495e-05
-1.40967e-05
-1.40442e-05
-1.39918e-05
-1.39396e-05
-1.38876e-05
-1.38358e-05
-1.37843e-05
-1.37329e-05
-1.36816e-05
-1.36306e-05
-1.35798e-05
-1.35292e-05
-1.34787e-05
-1.34285e-05
-1.33784e-05
-1.33285e-05
-1.32788e-05
-1.32293e-05
-1.31799e-05
-1.31308e-05
-1.30818e-05
-1.3033e-05
-1.29844e-05
-1.2936e-05
-1.28878e-05
-1.28397e-05
-1.27919e-05
-1.27442e-05
-1.26966e-05
-1.26493e-05
-1.26021e-05
-1.25551e-05
-1.25083e-05
-1.24617e-05
-1.24152e-05
-1.23689e-05
-1.23228e-05
-1.22768e-05
-1.22311e-05
-1.21855e-05
-1.214e-05
-1.20948e-05
-1.20497e-05
-1.20047e-05
-1.196e-05
-1.19154e-05
-1.1871e-05
-1.18267e-05
-1.17826e-05
-1.17387e-05
-1.16949e-05
-1.16513e-05
-1.16079e-05
-1.15646e-05
-1.15215e-05
-1.14785e-05
-1.14357e-05
-1.13931e-05
-1.13506e-05
-1.13083e-05
-1.12662e-05
-1.12242e-05
-1.11823e-05
-1.11406e-05
-1.10991e-05
-1.10577e-05
-1.10165e-05
-1.09755e-05
-1.09345e-05
-1.08938e-05
-1.08532e-05
-1.08127e-05
-1.07724e-05
-1.07323e-05
-1.06923e-05
-1.06524e-05
-1.06127e-05
-1.05731e-05
-1.05337e-05
-1.04945e-05
-1.04554e-05
-1.04164e-05
-1.03776e-05
-1.03389e-05
-1.03004e-05
-1.0262e-05
-1.02237e-05
-1.01856e-05
-1.01477e-05
-1.01098e-05
-1.00722e-05
-1.00346e-05
-9.99723e-06
