305.534
32.4353
41.7993
40.5753
39.2194
37.8149
37.3415
36.9774
36.5299
36.1019
35.5348
34.9628
34.446
33.7669
33.1951
32.4929
31.6006
30.9333
30.3916
29.7344
29.3075
28.7242
28.217
27.6531
27.2412
26.7536
26.2877
25.8375
25.4235
25.0438
24.5743
24.1962
23.7919
23.4356
23.1054
22.7236
22.3363
22.0276
21.6746
21.357
21.1374
20.7712
20.4389
20.2284
19.9438
19.6713
19.43
19.2518
18.9343
18.6823
18.5268
18.3012
18.048
17.7797
17.6308
17.4047
17.246
16.9755
16.8322
16.5775
16.4015
16.1849
16.0726
15.8257
15.6814
15.5141
15.3326
15.1676
15.0203
14.9222
14.735
14.6627
14.5107
14.4543
14.25
14.1742
14.027
13.9239
13.7957
13.6582
13.5672
13.3647
13.2856
13.2412
13.1353
12.9544
12.8625
12.7847
12.6228
12.5083
12.4255
12.3551
12.2629
12.0971
12.0999
11.9206
11.8315
11.7423
11.6724
11.5657
11.4026
11.3967
11.2171
11.2239
11.0648
11.0501
10.8715
10.8741
10.6898
10.6983
10.5258
10.5135
10.3419
10.3595
10.2723
10.1857
10.0922
10.0016
9.91691
9.82967
9.76047
9.75765
9.66974
9.48594
9.47855
9.41354
9.4056
9.23324
9.22279
9.14375
9.05223
8.96898
8.96664
8.87016
8.79008
8.71234
8.70842
8.63258
8.54296
8.53603
8.37151
8.3873
8.37052
8.19844
8.19742
8.18837
8.01032
8.02584
8.01684
7.84025
7.84943
7.84113
7.75256
7.67503
7.67121
7.59056
7.49547
7.4891
7.41315
7.41013
7.31802
7.24179
7.23874
7.24082
7.14915
7.06092
7.04542
6.97851
6.97315
6.89003
6.88654
6.80978
6.70836
6.72573
6.72468
6.62901
6.62907
6.55902
6.44663
6.45406
6.46088
6.37046
6.36265
6.30147
6.27518
6.18958
6.19738
6.19072
6.10533
6.01604
6.0293
6.01738
5.94343
5.93017
5.93183
5.84271
5.74789
5.83604
5.76262
5.66321
5.67074
5.67994
5.59079
5.57942
5.49729
5.49845
5.50294
5.50405
5.41603
5.32
5.42007
5.32995
5.24023
5.24567
5.24325
5.2437
5.16434
5.15068
5.05417
5.16021
4.9742
5.06599
4.97878
4.97729
4.97566
4.89019
4.89612
4.80504
4.89004
4.80344
4.80631
4.71605
4.71589
4.71347
4.63123
4.71253
4.62862
4.54245
4.63382
4.54674
4.54022
4.45924
4.45725
4.46377
4.46844
4.45467
4.37068
4.36491
4.2937
4.37797
4.27977
4.29014
4.28889
4.19427
4.19012
4.18917
4.19863
4.09988
4.10774
4.10546
4.10507
4.02529
4.11093
4.0319
3.93359
4.03043
3.93378
3.93127
3.94288
3.92373
3.85744
3.85156
3.8422
3.84838
3.84765
3.76947
3.75858
3.75986
3.75955
3.67649
3.76192
3.67007
3.67638
3.67631
3.59318
3.67786
3.60546
3.59912
3.58208
3.50476
3.59411
3.49793
3.49681
3.50003
3.41823
3.50411
3.41413
3.42248
3.40967
3.41062
3.4198
3.34198
3.32377
3.32825
3.32972
3.32803
3.32005
3.2392
3.24418
3.25014
3.24828
3.23645
3.2311
3.15654
3.14795
3.22758
3.16324
3.06307
3.15483
3.15275
3.06998
3.06586
3.06628
3.05776
3.06925
3.06089
2.97809
3.06332
2.97987
2.97267
2.97611
2.97872
2.89687
2.98468
2.89215
2.89651
2.98697
2.90114
2.8099
2.89445
2.89946
2.81188
2.89439
2.8034
2.79096
2.79557
2.80505
2.71222
2.79808
2.71474
2.79915
2.7187
2.71574
2.71699
2.71653
2.71482
2.63684
2.72205
2.62684
2.62709
2.62844
2.63197
2.622
2.62613
2.63366
2.52956
2.62079
2.54427
2.63441
2.54524
2.54618
2.54409
2.55026
2.45385
2.54415
2.45211
2.54601
2.45408
2.45793
2.4535
2.45541
2.46408
2.4589
2.45836
2.37345
2.45441
2.38275
2.45718
2.38404
2.37188
2.37682
2.36588
2.37652
2.36561
2.28642
2.37435
2.27817
2.3668
2.27641
2.28826
2.26569
2.28084
2.27837
2.27233
2.27353
2.27185
2.19118
2.27684
2.18905
2.27572
2.18684
2.18985
2.18748
2.19384
2.19407
2.18413
2.18192
2.1984
2.11458
2.20534
2.10918
2.18346
2.10048
2.10987
2.10257
2.09587
2.10529
2.10376
2.11091
2.11005
2.11078
2.01142
2.10671
2.02374
2.09744
2.02027
2.02404
2.09929
2.02273
2.02214
2.00927
2.0269
2.00772
2.00902
1.93307
2.01568
2.01727
1.9289
2.01764
1.92174
1.93793
2.01695
1.93157
1.9278
1.92504
1.93728
1.9311
1.92962
1.94142
1.85296
1.9283
1.93233
1.84648
1.93074
1.83614
1.93007
1.83849
1.84759
1.92927
1.84845
1.83835
1.84049
1.84525
1.84538
1.83513
1.75259
1.84708
1.83739
1.8387
1.74967
1.84023
1.75667
1.84673
1.76355
1.75446
1.84815
1.76308
1.76073
1.75743
1.75986
1.76614
1.76351
1.7557
1.7565
1.75217
1.66728
1.77248
1.77733
1.67571
1.75146
1.6635
1.75002
1.69099
1.68078
1.75116
1.66658
1.67465
1.66948
1.6655
1.67165
1.6771
1.67206
1.67356
1.66898
1.67461
1.66929
1.57765
1.67053
1.67023
1.5779
1.66158
1.58461
1.66618
1.58925
1.67064
1.5859
1.57987
1.67074
1.58084
1.58077
1.57166
1.57696
1.57086
1.57106
1.57725
1.572
1.56989
1.57844
1.57091
1.48388
1.58073
1.57033
1.48455
1.58116
1.48418
1.57147
1.49014
1.57718
1.48451
1.57658
1.48561
1.48388
1.49144
1.57285
1.48364
1.4914
1.48465
1.48472
1.49118
1.48474
1.4866
1.49099
1.48466
1.4851
1.49085
1.39831
1.48419
1.49233
1.39799
1.48465
1.49186
1.39775
1.48441
1.4047
1.48414
1.40082
1.49134
1.39836
1.40226
1.49046
1.39897
1.39771
1.40465
1.39847
1.48712
1.40514
1.39797
1.39807
1.40602
1.39805
1.3985
1.40388
1.39888
1.39853
1.31763
1.39891
1.3977
1.4044
1.3116
1.39748
1.40519
1.31168
1.40159
1.4049
1.31132
1.39846
1.31275
1.39336
1.30645
1.31198
1.39515
1.30584
1.31284
1.39287
1.3056
1.31294
1.30618
1.39283
1.31335
1.30739
1.30657
1.31279
1.30654
1.30643
1.31468
1.30648
1.30579
1.31269
1.30713
1.30614
1.31336
1.30634
1.30635
1.22637
1.30601
1.30652
1.31235
1.21961
1.30636
1.22659
1.30621
1.30528
1.22619
1.30674
1.21931
1.31313
1.21925
1.30824
1.22806
1.21882
1.30663
1.22525
1.21975
1.30619
1.22921
1.2223
1.21938
1.22671
1.30621
1.21938
1.22706
1.21945
1.21955
1.22677
1.21951
1.21999
1.22614
1.21984
1.21957
1.22552
1.22322
1.21883
1.22959
1.21929
1.21889
1.22685
1.21984
1.22004
1.22687
1.21917
1.2201
1.22587
1.21986
1.21952
1.22549
1.22025
1.13575
1.22655
1.13313
1.21993
1.22669
1.13299
1.21954
1.13951
1.21894
1.13342
1.13923
1.2213
1.13314
1.22564
1.13394
1.13237
1.22632
1.13339
1.13241
1.1401
1.2195
1.13321
1.13953
1.13284
1.22073
1.13876
1.13314
1.13318
1.13913
1.13395
1.13236
1.1399
1.13347
1.13216
1.14018
1.13314
1.13311
1.14116
1.13328
1.13363
1.13861
1.13433
1.13578
1.13948
1.13338
1.13258
1.14
1.13212
1.13257
1.14007
1.13274
1.13326
1.1405
1.13364
1.13352
1.14055
1.1333
1.13297
1.13884
1.13332
1.13279
1.13915
1.13284
1.13292
1.14184
1.1329
1.13339
1.13988
1.13289
1.13423
1.13901
1.13339
1.13362
1.13934
1.13374
1.13246
1.13945
1.13353
1.13235
1.14024
1.13332
1.13324
1.14009
1.13272
1.0495
1.13931
1.04129
1.04157
1.13763
1.04195
1.04232
1.04769
1.12819
1.0412
1.04833
1.04133
1.129
1.04794
1.04071
1.04146
1.04717
1.04167
1.04139
1.1334
1.04141
1.04034
1.0472
1.04134
1.04058
1.04257
1.03581
1.0354
1.0419
1.03561
1.03566
1.04194
1.03594
1.03571
1.04181
1.03709
1.03528
1.04164
1.03606
1.03569
1.04275
1.03582
1.0357
1.04276
1.03588
1.0363
1.04464
1.03587
1.03592
1.04138
1.03712
1.03525
1.04218
1.03654
1.03529
1.04291
1.03571
1.03587
1.0422
1.03528
1.03655
1.04156
1.03621
1.03614
1.0449
1.03673
1.03552
1.0419
1.03567
1.03567
1.04264
1.03577
1.03534
1.04197
1.03676
1.03585
1.04155
1.03604
1.03544
1.04137
1.03583
1.03527
1.04182
1.03593
1.03501
1.04228
1.03564
1.03589
1.04207
1.03564
1.03587
1.04192
1.037
1.03826
1.04214
1.03591
1.03507
1.04188
1.03607
1.03527
1.04243
1.03572
1.03561
1.04269
1.03698
1.03596
1.04165
1.03599
1.03538
1.04151
1.036
1.03501
1.04184
1.03689
1.03483
1.04251
1.03585
1.0362
1.043
1.03852
1.03605
1.04174
1.03598
1.03585
1.04214
1.03658
1.03493
1.04268
1.03603
1.0357
1.04266
1.03599
1.03559
1.04244
1.03577
1.03643
1.04187
1.0364
1.03652
1.04484
1.03617
1.03513
1.04238
1.03561
1.03556
1.04225
1.03586
1.03626
1.04239
1.03578
1.03612
1.0445
1.03673
1.03582
1.04192
1.03637
1.03526
1.04207
1.03575
1.03554
1.04274
1.03606
1.03594
1.04274
0.948854
1.03623
0.955097
0.949317
0.949383
0.955219
0.94928
0.948613
0.955173
0.949673
0.949219
0.955875
0.948929
0.949432
0.95609
0.949085
0.949736
0.955314
0.949811
0.949283
0.955161
0.950168
0.948828
0.958299
0.949418
0.948987
0.955863
0.949067
0.949069
0.950486
0.943949
0.944308
0.955238
0.94946
0.944235
0.950524
0.944616
0.942939
0.949682
0.944129
0.937752
0.945289
0.943901
0.94355
0.95037
0.944294
0.943988
0.949778
0.944275
0.944476
0.950041
0.944305
0.942895
0.949596
0.943955
0.944505
0.950717
0.944266
0.943553
0.950485
0.938991
0.938747
0.944939
0.938682
0.938774
0.944226
0.939637
0.937975
0.94421
0.938697
0.937727
0.945682
0.938081
0.938379
0.947706
0.938325
0.939207
0.945871
0.940273
0.938826
0.944516
0.940338
0.938639
0.944635
0.938608
0.938103
0.94511
0.940451
0.938248
0.945086
0.938437
0.938731
0.944743
0.938928
0.938074
0.944447
0.93906
0.938589
0.945145
0.939283
0.938318
0.944796
0.938518
0.938559
0.944298
0.938537
0.938795
0.944331
0.938639
0.938415
0.9441
0.938989
0.93801
0.945677
0.939239
0.938048
0.945088
0.938786
0.938547
0.945131
0.938044
0.938265
0.944329
0.938733
0.938643
0.947184
0.939162
0.937721
0.944323
0.939791
0.938232
0.944574
0.93864
0.938011
0.944849
0.938637
0.93848
0.944562
0.939787
0.938293
0.944042
0.93967
0.937553
0.944559
0.940512
0.938615
0.945115
0.938297
0.938268
0.945135
0.938621
0.938894
0.944466
0.938803
0.938579
0.944816
0.939629
0.937681
0.944897
0.939302
0.938179
0.945682
0.938454
0.938034
0.944989
0.938583
0.938495
0.94463
0.939058
0.938501
0.944845
0.938761
0.939106
0.944374
0.939448
0.938036
0.949133
0.94025
0.93854
0.944978
0.938805
0.938782
0.94443
0.938478
0.938867
0.944394
0.939393
0.938066
0.944509
0.940984
0.938084
0.945234
0.938296
0.939027
0.945006
0.938266
0.939156
0.944313
0.938289
0.939008
0.944115
0.939681
0.938406
0.944903
0.93888
0.943481
0.945038
0.938336
0.939693
0.939825
0.933498
0.933354
0.939026
0.933945
0.932677
0.939527
0.933957
0.932286
0.939215
0.933892
0.933925
0.939703
0.933478
0.93266
0.939628
0.933508
0.933304
0.939631
0.935174
0.933597
0.93904
0.934096
0.931964
0.939151
0.933948
0.932751
0.939442
0.933416
0.932864
0.939821
0.934515
0.934088
0.939486
0.933361
0.933387
0.939163
0.93401
0.933614
0.939103
0.934249
0.932362
0.939406
0.932875
0.933051
0.939454
0.932884
0.933238
0.938909
0.933612
0.933036
0.939332
0.933986
0.932464
0.940556
0.934231
0.932681
0.939945
0.93315
0.932882
0.939614
0.932981
0.933311
0.939648
0.935231
0.933335
0.939008
0.933694
0.932275
0.939514
0.936154
0.932841
0.939268
0.933285
0.932811
0.939665
0.933196
0.933156
0.939181
0.933269
0.932825
0.933789
0.928413
0.9287
0.934051
0.928788
0.927285
0.934393
0.933646
0.93264
0.939812
0.933169
0.933491
0.93948
0.933447
0.933045
0.940157
0.934637
0.932278
0.939218
0.933867
0.932925
0.940019
0.933122
0.933048
0.93943
0.933281
0.932952
0.939484
0.928876
0.927446
0.933717
0.928784
0.928648
0.934267
0.92915
0.927676
0.934197
0.928039
0.927937
0.934205
0.928296
0.930332
0.934239
0.930184
0.92937
0.933893
0.928593
0.928022
0.934388
0.928974
0.927246
0.934722
0.928237
0.927505
0.935082
0.928285
0.928057
0.933959
0.928113
0.929334
0.934149
0.928741
0.927174
0.93402
0.930307
0.927373
0.934673
0.928771
0.927745
0.934788
0.928269
0.928051
0.933942
0.928221
0.928079
0.934079
0.928878
0.927412
0.934294
0.930122
0.928358
0.934798
0.928198
0.927403
0.934582
0.927765
0.928356
0.934047
0.928499
0.927407
0.928012
0.9237
0.922985
0.931331
0.923488
0.922585
0.928796
0.836322
0.835782
0.842139
0.835751
0.83584
0.84157
0.836574
0.835823
0.841703
0.836863
0.83546
0.841815
0.837054
0.835535
0.841933
0.837104
0.836288
0.841921
0.836281
0.835591
0.842178
0.836112
0.83562
0.841957
0.837407
0.835324
0.842042
0.837074
0.835579
0.841974
0.836497
0.835567
0.842405
0.836033
0.835461
0.841743
0.836295
0.835426
0.841827
0.836986
0.834929
0.842172
0.836783
0.835324
0.842218
0.836276
0.835473
0.842127
0.836113
0.835357
0.84178
0.83621
0.838955
0.843707
0.836994
0.834825
0.841886
0.836413
0.835684
0.842358
0.83577
0.83573
0.842096
0.835489
0.835838
0.842388
0.83692
0.836196
0.841826
0.83676
0.834828
0.842012
0.836737
0.83522
0.841979
0.83611
0.835342
0.842236
0.835922
0.836156
0.841734
0.836161
0.835681
0.843019
0.837675
0.834946
0.842014
0.836761
0.836007
0.842615
0.836504
0.835805
0.842125
0.835689
0.836032
0.842459
0.836339
0.836257
0.841717
0.841544
0.834757
0.842436
0.837738
0.835206
0.842562
0.835846
0.835663
0.84358
0.835593
0.835282
0.844677
0.836387
0.835592
0.84175
0.836775
0.834682
0.842022
0.836449
0.835078
0.842322
0.835632
0.83546
0.842166
0.835821
0.837771
0.841707
0.836064
0.835232
0.84173
0.836856
0.835006
0.842382
0.836905
0.835144
0.842013
0.835858
0.835835
0.842364
0.836298
0.836165
0.841669
0.836342
0.835362
0.841861
0.836637
0.835091
0.842029
0.837232
0.835242
0.842417
0.836356
0.835307
0.842233
0.83628
0.835879
0.842746
0.836278
0.835172
0.841422
0.832279
0.829447
0.837849
0.831836
0.829888
0.83729
0.830976
0.830263
0.838516
0.831978
0.830262
0.836501
0.830723
0.830236
0.83652
0.831663
0.829817
0.836408
0.831406
0.83017
0.836874
0.830549
0.830555
0.837784
0.83057
0.830559
0.836742
0.831296
0.830295
0.836638
0.831331
0.829603
0.836887
0.831446
0.829809
0.836803
0.831919
0.83145
0.837435
0.825403
0.825259
0.831416
0.825573
0.824682
0.830948
0.825923
0.824332
0.830606
0.825982
0.824472
0.831988
0.825536
0.825004
0.831727
0.825206
0.824698
0.831354
0.825651
0.824625
0.83102
0.826169
0.824
0.83121
0.826155
0.824045
0.831682
0.826977
0.826476
0.83505
0.824999
0.824869
0.831166
0.8256
0.824979
0.830883
0.826614
0.824175
0.831172
0.826263
0.824676
0.831215
0.827091
0.824508
0.832454
0.825132
0.824865
0.831096
0.826001
0.825231
0.830676
0.825954
0.824054
0.831545
0.825811
0.824101
0.831388
0.825141
0.824578
0.830859
0.826075
0.824947
0.830841
0.825636
0.824664
0.831098
0.827094
0.824218
0.83094
0.826254
0.824957
0.831605
0.825779
0.824726
0.831806
0.825027
0.824744
0.831278
0.825763
0.824611
0.831073
0.826003
0.824129
0.831411
0.826412
0.825444
0.833923
0.82537
0.824815
0.832156
0.825336
0.82473
0.831238
0.825712
0.824931
0.831178
0.827724
0.823868
0.831283
0.826099
0.824806
0.831387
0.825551
0.824576
0.83165
0.825537
0.825442
0.831992
0.825663
0.824553
0.83057
0.825772
0.824246
0.830823
0.827323
0.824555
0.831301
0.825581
0.824269
0.831353
0.825394
0.824742
0.831732
0.825622
0.824767
0.831658
0.82611
0.824139
0.831306
0.826427
0.824801
0.831452
0.825439
0.824597
0.831791
0.825224
0.824809
0.831287
0.825343
0.825109
0.831219
0.825881
0.824499
0.831897
0.82899
0.824748
0.831399
0.825176
0.824629
0.831713
0.825263
0.824949
0.831335
0.825597
0.824753
0.831055
0.825889
0.824124
0.83189
0.827708
0.824605
0.831706
0.825021
0.825012
0.831489
0.825089
0.824789
0.831221
0.825914
0.825386
0.831552
0.825899
0.824438
0.83188
0.829954
0.825614
0.831515
0.825395
0.824674
0.832917
0.825482
0.825298
0.831675
0.825485
0.825107
0.830986
0.826138
0.824627
0.831218
0.826548
0.824236
0.831317
0.825711
0.824891
0.826275
0.819769
0.819466
0.825451
0.819959
0.815204
0.819854
0.815394
0.815596
0.819923
0.815508
0.813258
0.820739
0.814054
0.813783
0.82058
0.814119
0.813888
0.820178
0.814593
0.814242
0.820918
0.816514
0.814325
0.820774
0.815075
0.813687
0.820715
0.814659
0.813876
0.820918
0.81443
0.814107
0.820441
0.815022
0.814298
0.820294
0.815604
0.81373
0.820185
0.815269
0.813398
0.821697
0.814836
0.813428
0.820979
0.814945
0.814041
0.820053
0.814976
0.813966
0.820237
0.815945
0.813105
0.820376
0.815305
0.813643
0.820953
0.81534
0.814004
0.821316
0.814599
0.813883
0.820388
0.814879
0.81397
0.820249
0.817946
0.813605
0.82031
0.815545
0.813585
0.82016
0.814665
0.813367
0.820569
0.81452
0.813603
0.819972
0.815119
0.813717
0.820337
0.816706
0.813364
0.820554
0.815669
0.81335
0.820629
0.815077
0.813468
0.820294
0.814432
0.813808
0.820303
0.815002
0.814271
0.820278
0.815539
0.81286
0.820381
0.815298
0.813508
0.82089
0.814968
0.813867
0.820584
0.814458
0.813852
0.820424
0.815204
0.814388
0.820016
0.815283
0.813035
0.819574
0.815206
0.813983
0.820588
0.814766
0.81368
0.820515
0.81446
0.813819
0.820209
0.814465
0.813405
0.822896
0.818581
0.81409
0.820275
0.815149
0.813029
0.82184
0.814902
0.814029
0.820709
0.814734
0.813663
0.819946
0.815197
0.814147
0.820538
0.815588
0.813276
0.82021
0.815323
0.814005
0.820788
0.814167
0.814015
0.8201
0.814482
0.814237
0.820588
0.815151
0.813996
0.820327
0.815232
0.813354
0.820905
0.81491
0.813083
0.820484
0.815017
0.813345
0.820635
0.8147
0.813866
0.820144
0.815487
0.814163
0.820561
0.815414
0.813062
0.820368
0.815202
0.813596
0.820437
0.814942
0.813732
0.820732
0.814518
0.814232
0.820426
0.814743
0.816057
0.820484
0.81531
0.813416
0.820216
0.815562
0.813726
0.820725
0.814691
0.813454
0.82109
0.81436
0.813652
0.814762
0.8097
0.809462
0.814816
0.810371
0.807346
0.814695
0.810699
0.807809
0.81539
0.80937
0.808062
0.815346
0.808861
0.808571
0.814914
0.809533
0.808558
0.814715
0.809813
0.807871
0.814746
0.809719
0.807497
0.814776
0.809369
0.808247
0.814728
0.809168
0.808486
0.814911
0.809564
0.808426
0.814788
0.809797
0.807776
0.814796
0.810142
0.808018
0.815257
0.809421
0.808273
0.815255
0.809213
0.809299
0.815555
0.811449
0.80922
0.814845
0.809912
0.807505
0.814815
0.810029
0.808186
0.815119
0.809278
0.808467
0.815331
0.808854
0.808451
0.814723
0.809651
0.808447
0.814713
0.810295
0.808048
0.814882
0.810161
0.807886
0.815198
0.809118
0.807763
0.81513
0.808906
0.808164
0.814671
0.809782
0.811891
0.814913
0.809696
0.802163
0.810367
0.804886
0.802565
0.810612
0.803839
0.803124
0.809631
0.804042
0.803142
0.810139
0.804095
0.803105
0.809341
0.80431
0.801901
0.809277
0.804695
0.802641
0.809747
0.804162
0.802661
0.810404
0.804196
0.803884
0.809896
0.806101
0.802864
0.809153
0.804975
0.802087
0.809345
0.804982
0.802683
0.810254
0.803988
0.803419
0.809854
0.803999
0.804153
0.809838
0.80527
0.802853
0.809582
0.805171
0.802576
0.809927
0.804489
0.802498
0.810003
0.803848
0.802877
0.809785
0.798519
0.798011
0.804075
0.799118
0.797489
0.803597
0.798741
0.797713
0.804133
0.798695
0.797184
0.805236
0.798442
0.797462
0.805321
0.798612
0.798212
0.804203
0.798905
0.797638
0.804373
0.798793
0.797153
0.804753
0.798874
0.797384
0.805241
0.798654
0.797311
0.804807
0.798444
0.797581
0.804713
0.800613
0.797772
0.803871
0.798812
0.797163
0.804289
0.79899
0.797312
0.80492
0.798598
0.797735
0.805232
0.79814
0.797628
0.804173
0.799624
0.79771
0.804263
0.799074
0.797361
0.803984
0.798849
0.797097
0.804992
0.79876
0.79728
0.805063
0.798326
0.798045
0.803539
0.798914
0.79744
0.80389
0.798945
0.79676
0.804154
0.798775
0.797812
0.805011
0.798376
0.79758
0.805053
0.798781
0.79806
0.804012
0.79922
0.7975
0.803886
0.798856
0.796863
0.804539
0.798903
0.797217
0.804632
0.79891
0.797594
0.804893
0.798292
0.797758
0.803968
0.80572
0.797638
0.803955
0.798973
0.79715
0.80455
0.799111
0.797306
0.804985
0.798432
0.79744
0.805384
0.798321
0.797256
0.803793
0.80003
0.797483
0.803761
0.799096
0.796516
0.804755
0.798889
0.797052
0.805234
0.79839
0.797493
0.805042
0.798432
0.797867
0.803898
0.798951
0.797013
0.804194
0.799093
0.797419
0.803941
0.7989
0.796955
0.805005
0.798884
0.797975
0.805029
0.798461
0.7983
0.803904
0.799166
0.798146
0.804287
0.798777
0.79651
0.803846
0.798886
0.797717
0.804957
0.798865
0.79208
0.799936
0.793044
0.792873
0.79807
0.795355
0.792721
0.799005
0.793486
0.791738
0.798435
0.793347
0.791716
0.799462
0.792933
0.79184
0.799864
0.793058
0.792004
0.798307
0.793793
0.792884
0.799161
0.793475
0.791629
0.799817
0.793298
0.791692
0.799398
0.793104
0.791304
0.799328
0.792862
0.792207
0.798482
0.793178
0.79208
0.798819
0.793288
0.791866
0.79905
0.793468
0.79159
0.799527
0.79329
0.791802
0.799388
0.793102
0.791929
0.798784
0.793017
0.792578
0.798616
0.793436
0.790795
0.798549
0.793043
0.786318
0.794239
0.788035
0.786762
0.794126
0.787614
0.786942
0.793418
0.787828
0.788719
0.793545
0.788027
0.78588
0.793489
0.788358
0.786472
0.794124
0.788071
0.786395
0.794143
0.787373
0.786616
0.793259
0.78791
0.788272
0.793031
0.78815
0.786026
0.793543
0.787824
0.78631
0.794303
0.787753
0.786268
0.794309
0.787059
0.786974
0.793167
0.787998
0.791059
0.79341
0.788822
0.786468
0.79335
0.788461
0.787066
0.793898
0.788487
0.786639
0.794241
0.78797
0.786878
0.793137
0.787921
0.786915
0.79337
0.788235
0.786112
0.793472
0.787717
0.786764
0.794214
0.787962
0.786519
0.794104
0.787702
0.787559
0.79332
0.787605
0.786907
0.795374
0.788699
0.785966
0.793545
0.789006
0.786458
0.794335
0.787908
0.786282
0.793483
0.787625
0.786836
0.795953
0.787955
0.786348
0.793852
0.78848
0.786048
0.793174
0.787877
0.780648
0.788777
0.782638
0.780796
0.788551
0.782126
0.780911
0.787445
0.782627
0.781589
0.78893
0.782881
0.780561
0.787642
0.782314
0.780733
0.788302
0.782064
0.780953
0.788766
0.782367
0.781103
0.787855
0.782204
0.781453
0.787811
0.782757
0.78058
0.787839
0.782509
0.780519
0.789137
0.782796
0.78139
0.788991
0.782342
0.78144
0.788035
0.781947
0.780977
0.788576
0.784737
0.781476
0.788323
0.782655
0.780527
0.788891
0.782361
