0.733483
0.708035
0.706622
0.699622
0.685146
0.694854
0.681636
0.679939
0.681477
0.69416
0.674329
0.67886
0.677004
0.689324
0.683484
0.675016
0.683269
0.678052
0.689451
0.676456
0.675752
0.679164
0.694061
0.678179
0.673521
0.669149
0.682774
0.673205
0.678848
0.670942
0.673207
0.675522
0.676616
0.669962
0.683556
0.69195
0.678473
0.682115
0.678789
0.676285
0.682182
0.665866
0.669514
0.6757
0.666435
0.685778
0.692921
0.673283
0.67054
0.682009
0.678618
0.67515
0.681429
0.668447
0.66757
0.675854
0.680666
0.678581
0.67297
0.672228
0.673112
0.6793
0.679052
0.667428
0.674208
0.677049
0.675927
0.668388
0.681646
0.670462
0.675482
0.671803
0.680392
0.680278
0.673928
0.668124
0.674614
0.686825
0.666212
0.678002
0.675586
0.672312
0.667435
0.678499
0.673833
0.67884
0.676415
0.673526
0.676061
0.668435
0.672866
0.672252
0.677846
0.677871
0.681245
0.686046
0.681372
0.672869
0.679209
0.671109
0.673191
0.667914
0.664124
0.669305
0.676903
0.673796
0.668067
0.666951
0.665407
0.670826
0.669433
0.657832
0.66677
0.664995
0.677008
0.674532
0.669058
0.670959
0.669349
0.669352
0.676316
0.672892
0.669256
0.671928
0.669186
0.674201
0.675479
0.672212
0.663156
0.672608
0.665072
0.671011
0.661604
0.659084
0.664653
0.675251
0.659131
0.670756
0.664708
0.661734
0.667728
0.67969
0.665231
0.673309
0.667692
0.658095
0.659113
0.662911
0.656821
0.658043
0.667394
0.662128
0.661728
0.659514
0.666372
0.665125
0.656584
0.657703
0.673074
0.660687
0.658118
0.668606
0.661634
0.669703
0.664609
0.652845
0.653711
0.660829
0.658361
0.663532
0.658782
0.668871
0.653202
0.665567
0.670105
0.662075
0.663211
0.665849
0.652149
0.660768
0.664326
0.663649
0.656406
0.674075
0.657532
0.660918
0.663836
0.657674
0.658323
0.658295
0.670446
0.659238
0.669072
0.657687
0.665969
0.656208
0.651228
0.651305
0.658958
0.655904
0.658686
0.665065
0.662357
0.657584
0.657869
0.661704
0.665655
0.660983
0.663243
0.658849
0.665432
0.666643
0.661361
0.665149
0.660059
0.66607
0.662041
0.659907
0.650594
0.667711
0.653048
0.66172
0.65873
0.658376
0.656108
0.659729
0.663701
0.661802
0.658498
0.657877
0.662533
0.656754
0.656365
0.654997
0.657342
0.655669
0.658931
0.657649
0.657156
0.659148
0.652857
0.661476
0.655241
0.664374
0.67
0.652194
0.658925
0.650935
0.667883
0.667939
0.65225
0.665252
0.661003
0.654703
0.6532
0.648211
0.656704
0.648509
0.655852
0.655769
0.652817
0.657655
0.655229
0.663794
0.658292
0.662472
0.656409
0.649831
0.663679
0.647308
0.665255
0.656862
0.649627
0.657986
0.654576
0.66197
0.654384
0.654728
0.654672
0.657779
0.656653
0.655303
0.654944
0.655211
0.657416
0.659149
0.668235
0.664307
0.648804
0.660193
0.661957
0.648235
0.652276
0.657908
0.658667
0.65883
0.654844
0.662634
0.650809
0.647313
0.655347
0.666656
0.651237
0.656777
0.655911
0.654741
0.647609
0.653801
0.658977
0.662691
0.66307
0.651087
0.647071
0.656667
0.649093
0.641818
0.66227
0.649684
0.655233
0.65154
0.65648
0.65373
0.654069
0.643839
0.654499
0.648639
0.652813
0.648665
0.652954
0.64974
0.652766
0.654615
0.655976
0.656714
0.653158
0.65245
0.660184
0.659409
0.656134
0.654622
0.657311
0.658125
0.652997
0.649942
0.63868
0.643821
0.652192
0.645323
0.643463
0.64591
0.645575
0.649521
0.647815
0.651193
0.64991
0.649841
0.655125
0.655387
0.645853
0.647747
0.646
0.651582
0.644297
0.645431
0.653083
0.636993
0.640654
0.650228
0.654435
0.652867
0.654005
0.649974
0.656736
0.646047
0.650413
0.645827
0.65116
0.648124
0.65168
0.647302
0.649211
0.655658
0.650937
0.648499
0.651431
0.648519
0.661722
0.651115
0.661448
0.651436
0.657244
0.6446
0.655258
0.64731
0.655879
0.65624
0.646304
0.645695
0.642863
0.657129
0.635967
0.646546
0.646511
0.641475
0.643967
0.641259
0.64685
0.644991
0.645248
0.644339
0.640403
0.64432
0.643753
0.649066
0.647975
0.639841
0.636648
0.652128
0.657679
0.659989
0.650448
0.639628
0.642435
0.652401
0.641861
0.638657
0.646619
0.644803
0.652424
0.652491
0.652052
0.639941
0.64766
0.65146
0.638517
0.647741
0.651517
0.637367
0.64907
0.650042
0.637817
0.653983
0.636454
0.637012
0.648098
0.644446
0.644774
0.643466
0.646242
0.636784
0.651877
0.644281
0.646353
0.642286
0.638922
0.652321
0.644697
0.645088
0.655799
0.651755
0.643833
0.645991
0.647717
0.646131
0.637633
0.644281
0.638962
0.65001
0.645803
0.647061
0.640516
0.641657
0.644294
0.646999
0.63636
0.639917
0.649301
0.638465
0.639981
0.637704
0.641829
0.645254
0.648134
0.6509
0.642987
0.649475
0.647674
0.649415
0.646281
0.647082
0.655813
0.649846
0.642664
0.643975
0.639813
0.639451
0.661011
0.665825
0.650248
0.639907
0.63811
0.637698
0.663145
0.653508
0.639591
0.641164
0.648326
0.64498
0.640179
0.645791
0.651933
0.645779
0.647262
0.640855
0.648143
0.642173
0.639154
0.642939
0.643749
0.638982
0.636268
0.643679
0.640911
0.648672
0.644365
0.646141
0.641627
0.645159
0.642237
0.642222
0.633078
0.638038
0.632222
0.632419
0.63799
0.632731
0.631383
0.638461
0.631947
0.631802
0.638976
0.631718
0.632294
0.640658
0.632142
0.633018
0.638013
0.635442
0.632261
0.637727
0.632765
0.631341
0.638481
0.633607
0.631621
0.63877
0.632335
0.632436
0.638465
0.632194
0.632511
0.638499
0.632497
0.632722
0.638509
0.632521
0.631702
0.638948
0.632182
0.632365
0.638926
0.632036
0.6322
0.63831
0.631806
0.634658
0.63891
0.632608
0.636455
0.638143
0.632921
0.631801
0.63835
0.632532
0.634218
0.638796
0.632218
0.632209
0.63922
0.632204
0.632583
0.637803
0.632927
0.632628
0.638194
0.632682
0.631971
0.638277
0.632288
0.631731
0.638793
0.631713
0.634567
0.638669
0.63205
0.63278
0.632588
0.627319
0.627243
0.632633
0.628539
0.626613
0.633146
0.627007
0.626223
0.633194
0.626752
0.626869
0.633568
0.627296
0.627205
0.632999
0.626973
0.627123
0.635217
0.626878
0.626642
0.632915
0.627537
0.626848
0.633538
0.627078
0.627033
0.633296
0.62664
0.627334
0.632823
0.626871
0.627083
0.633751
0.626844
0.626029
0.632911
0.627392
0.626607
0.633385
0.626662
0.628408
0.634045
0.626281
0.627556
0.632395
0.626735
0.626793
0.636259
0.627302
0.626541
0.633097
0.626839
0.626736
0.633768
0.626566
0.626785
0.633548
0.626794
0.627175
0.632907
0.62698
0.626852
0.632646
0.629918
0.625988
0.636275
0.6265
0.626218
0.633489
0.626767
0.626808
0.63355
0.626477
0.6272
0.63237
0.626901
0.626843
0.632649
0.626952
0.628839
0.633399
0.626931
0.626933
0.633566
0.626717
0.626887
0.633007
0.626129
0.627208
0.633015
0.627709
0.626729
0.63284
0.627497
0.626151
0.632607
0.627006
0.625994
0.633431
0.626636
0.626622
0.633006
0.626574
0.627999
0.632571
0.62658
0.626893
0.632762
0.627363
0.626111
0.633096
0.62698
0.626281
0.63359
0.626766
0.626776
0.634632
0.626639
0.6273
0.63223
0.627918
0.629037
0.633138
0.626985
0.626317
0.633442
0.625759
0.626427
0.633292
0.626646
0.626838
0.633901
0.626612
0.627274
0.634317
0.626914
0.626684
0.632612
0.627005
0.626212
0.63276
0.626802
0.626444
0.633625
0.626672
0.626949
0.633245
0.626751
0.627573
0.632834
0.626866
0.627236
0.63311
0.627278
0.626199
0.632925
0.627116
0.626328
0.63364
0.627003
0.626935
0.633345
0.626389
0.629205
0.632852
0.621646
0.621624
0.630014
0.622217
0.622045
0.627717
0.621909
0.62152
0.628389
0.621553
0.621869
0.628118
0.621021
0.621782
0.627417
0.621895
0.621575
0.627077
0.621669
0.620708
0.627261
0.621354
0.620742
0.622623
0.615967
0.615659
0.622099
0.615903
0.616025
0.622078
0.616004
0.615966
0.621906
0.617149
0.615235
0.621711
0.616127
0.61584
0.622673
0.616263
0.615894
0.622287
0.61604
0.616546
0.623678
0.616018
0.616104
0.62156
0.617304
0.615575
0.622126
0.616872
0.615568
0.622931
0.616025
0.616253
0.622302
0.615672
0.616664
0.621796
0.616463
0.616392
0.625141
0.616534
0.61573
0.622107
0.616008
0.615707
0.62264
0.615891
0.615518
0.622086
0.616918
0.616033
0.621707
0.616257
0.615518
0.621562
0.616045
0.615308
0.622097
0.616122
0.615199
0.622392
0.615795
0.61597
0.622202
0.615906
0.616198
0.622222
0.617237
0.618527
0.622157
0.616039
0.615408
0.62213
0.616399
0.615823
0.622558
0.616053
0.615897
0.622794
0.616128
0.616312
0.621752
0.61612
0.61565
0.621613
0.616123
0.615309
0.621966
0.617133
0.61505
0.622525
0.615883
0.616161
0.622628
0.618833
0.616313
0.621895
0.616056
0.615836
0.622236
0.616636
0.615122
0.62252
0.616042
0.615837
0.622872
0.616172
0.615844
0.622665
0.615955
0.616498
0.622076
0.616417
0.61665
0.623919
0.616323
0.615365
0.622233
0.61596
0.615695
0.622429
0.616128
0.616008
0.622557
0.616008
0.616209
0.623612
0.616465
0.615989
0.622052
0.616604
0.615557
0.622108
0.616057
0.615598
0.622725
0.616304
0.615771
0.622639
0.61553
0.616575
0.621883
0.616148
0.616121
0.621935
0.615842
0.615317
0.62191
0.616286
0.615906
0.622513
0.615722
0.615833
0.622553
0.615904
0.616646
0.622057
0.616436
0.615902
0.62188
0.616908
0.615546
0.623869
0.61613
0.615565
0.622503
0.615842
0.61578
0.617204
0.610665
0.611136
0.622089
0.616193
0.610898
0.617351
0.611208
0.609753
0.616419
0.610777
0.604698
0.612084
0.610735
0.610372
0.617168
0.611036
0.610722
0.616511
0.610843
0.610586
0.616344
0.611055
0.609674
0.61649
0.610675
0.611337
0.617202
0.610778
0.610364
0.617093
0.605843
0.605667
0.611616
0.605415
0.605505
0.611111
0.605852
0.604773
0.611037
0.605511
0.604648
0.612398
0.604913
0.605167
0.613127
0.604998
0.606034
0.612639
0.605448
0.605556
0.611317
0.606148
0.60508
0.611447
0.60526
0.605059
0.611901
0.606579
0.605049
0.611943
0.605325
0.605458
0.611408
0.605718
0.605039
0.611264
0.60573
0.605325
0.61151
0.606036
0.604978
0.611526
0.605349
0.605355
0.610983
0.605367
0.605586
0.611224
0.60529
0.605039
0.610958
0.605829
0.604879
0.61135
0.605759
0.604877
0.611766
0.605495
0.605478
0.611785
0.60486
0.604993
0.611232
0.605426
0.605343
0.612715
0.605868
0.604531
0.611206
0.606393
0.604791
0.611367
0.605432
0.604844
0.611634
0.605365
0.605212
0.611283
0.606057
0.605302
0.611031
0.606286
0.604321
0.611353
0.607228
0.605411
0.611948
0.60504
0.605018
0.611913
0.605403
0.605273
0.611067
0.605488
0.605316
0.611592
0.60625
0.604576
0.611647
0.605961
0.604925
0.612265
0.6053
0.604862
0.611542
0.605387
0.605385
0.611396
0.605564
0.605292
0.611608
0.605604
0.605879
0.611213
0.606303
0.604865
0.615843
0.605879
0.60541
0.611834
0.605223
0.605453
0.611227
0.605187
0.605504
0.611031
0.606238
0.604803
0.611189
0.606885
0.60495
0.612045
0.605086
0.605724
0.611737
0.605142
0.605824
0.61106
0.605037
0.605618
0.61096
0.606353
0.604919
0.61159
0.605725
0.609368
0.611797
0.605187
0.606466
0.606539
0.600286
0.600157
0.60549
0.600636
0.599291
0.605922
0.600749
0.59908
0.605889
0.600447
0.600652
0.606419
0.60028
0.599475
0.606274
0.600294
0.600245
0.606408
0.601684
0.600355
0.60574
0.600473
0.598819
0.605888
0.600633
0.599401
0.606348
0.600151
0.599679
0.606529
0.601195
0.600354
0.605917
0.600187
0.600061
0.605875
0.60067
0.600472
0.605793
0.60095
0.599138
0.606157
0.599753
0.599964
0.606208
0.599711
0.599813
0.605652
0.60008
0.599644
0.606031
0.600658
0.599273
0.607259
0.600952
0.599425
0.606719
0.599856
0.599801
0.606393
0.599758
0.599832
0.606454
0.601525
0.599771
0.605866
0.600521
0.599175
0.606178
0.602618
0.599559
0.605999
0.59999
0.59963
0.606369
0.600005
0.599891
0.605937
0.599918
0.599479
0.600477
0.595133
0.594501
0.600691
0.595387
0.59414
0.601074
0.600293
0.599428
0.606556
0.600012
0.599934
0.606218
0.600052
0.599752
0.605825
0.601301
0.599096
0.605832
0.600711
0.599648
0.606732
0.600021
0.599762
0.606199
0.600034
0.599818
0.605917
0.595319
0.594126
0.600486
0.595537
0.595335
0.600959
0.595649
0.594352
0.60106
0.594798
0.59436
0.600991
0.595074
0.596486
0.600956
0.596629
0.594602
0.600745
0.595342
0.594392
0.600936
0.59572
0.594022
0.601349
0.594911
0.594383
0.601121
0.595025
0.594856
0.600671
0.594731
0.596105
0.600901
0.595414
0.593814
0.600811
0.596983
0.594257
0.601248
0.595416
0.594557
0.601547
0.594627
0.594793
0.600754
0.594896
0.594726
0.600699
0.595523
0.594119
0.60109
0.596905
0.594359
0.601448
0.594952
0.594307
0.601318
0.594493
0.594779
0.600778
0.595148
0.594221
0.594839
0.590431
0.589652
0.596852
0.590104
0.588948
0.59577
0.589333
0.589211
0.595582
0.589088
0.589052
0.595061
0.58976
0.589041
0.595011
0.590143
0.588493
0.595226
0.59004
0.588677
0.595324
0.590331
0.589484
0.595353
0.589375
0.588966
0.595632
0.589365
0.588826
0.595307
0.59001
0.588525
0.595321
0.590409
0.588912
0.595484
0.589674
0.589008
0.595734
0.58938
0.588837
0.59512
0.589493
0.588841
0.595258
0.590065
0.588345
0.595545
0.590015
0.588738
0.595708
0.589499
0.588842
0.595579
0.589463
0.58888
0.595187
0.589509
0.592329
0.596723
0.590273
0.588222
0.595332
0.589788
0.589008
0.595805
0.58927
0.589016
0.595479
0.58895
0.589188
0.595667
0.590127
0.588999
0.595225
0.590041
0.588261
0.595347
0.590114
0.58852
0.595452
0.589378
0.588647
0.595609
0.58926
0.589474
0.59523
0.589357
0.588953
0.596349
0.589641
0.588401
0.595404
0.589991
0.589303
0.595822
0.589839
0.589164
0.59551
0.589016
0.589334
0.595903
0.589406
0.589488
0.595067
0.594825
0.588116
0.595596
0.590814
0.588741
0.595868
0.589206
0.58895
0.596947
0.589053
0.588558
0.59695
0.589566
0.588836
0.595268
0.590059
0.588072
0.595431
0.589821
0.588437
0.595611
0.588922
0.588828
0.595577
0.589184
0.589926
0.594994
0.589286
0.588428
0.595087
0.590059
0.588388
0.595686
0.590204
0.588484
0.595453
0.589104
0.589021
0.595803
0.589586
0.589125
0.595031
0.589561
0.588708
0.595425
0.589911
0.588385
0.595509
0.590501
0.588724
0.595801
0.58965
0.588677
0.595583
0.589391
0.589234
0.59624
0.589439
0.58852
0.594848
0.585503
0.582777
0.591321
0.585056
0.583247
0.590691
0.584371
0.583683
0.591868
0.585338
0.583639
0.590003
0.583997
0.583529
0.589907
0.584933
0.583077
0.589682
0.584871
0.583499
0.590247
0.583736
0.583873
0.590547
0.584049
0.583929
0.590168
0.584461
0.583532
0.589849
0.584687
0.583006
0.590166
0.584761
0.583163
0.59021
0.585152
0.584412
0.590638
0.578627
0.578449
0.584776
0.57891
0.578152
0.584198
0.579178
0.577608
0.584156
0.579369
0.577725
0.585254
0.578796
0.577957
0.585025
0.578589
0.578043
0.584696
0.578924
0.577803
0.584386
0.579359
0.577246
0.584524
0.579471
0.57748
0.585078
0.580296
0.579661
0.588458
0.578432
0.578181
0.584571
0.57884
0.57822
0.584274
0.579707
0.577478
0.584655
0.579479
0.57795
0.584629
0.579053
0.577863
0.585743
0.57849
0.57821
0.584458
0.579033
0.578519
0.584161
0.579261
0.57742
0.584845
0.579161
0.577551
0.584784
0.578168
0.577912
0.584211
0.579283
0.578174
0.584286
0.578748
0.578032
0.584574
0.580439
0.577592
0.58436
0.579612
0.57827
0.584976
0.578887
0.57824
0.584981
0.578248
0.578024
0.584523
0.579072
0.578016
0.584407
0.579231
0.577472
0.584741
0.579752
0.578857
0.586466
0.578668
0.577979
0.585571
0.578667
0.578004
0.58459
0.578865
0.5783
0.584501
0.581055
0.577244
0.584651
0.579352
0.577784
0.584721
0.578896
0.57796
0.585015
0.578773
0.578775
0.58439
0.579083
0.577853
0.584145
0.579289
0.577618
0.584116
0.580771
0.577865
0.58485
0.578843
0.577675
0.584735
0.578741
0.578076
0.585138
0.57885
0.578062
0.58497
0.579451
0.577476
0.584694
0.579666
0.577837
0.584937
0.578906
0.578056
0.585136
0.5785
0.57811
0.584621
0.578531
0.578169
0.584499
0.579084
0.577848
0.584598
0.581477
0.577926
0.584791
0.578495
0.578034
0.585263
0.578545
0.578155
0.584635
0.578789
0.578078
0.584334
0.579305
0.577385
0.585221
0.580251
0.577938
0.585168
0.578396
0.578303
0.584872
0.578259
0.578207
0.584592
0.579166
0.578551
0.584926
0.57906
0.577813
0.585001
0.583078
0.579035
0.584964
0.578676
0.578097
0.586209
0.578835
0.578639
0.584966
0.578621
0.57823
0.584472
0.57939
0.577909
0.584421
0.57976
0.577565
0.584663
0.57822
0.578158
0.579638
0.573088
0.572751
0.578879
0.573146
0.568297
0.573321
0.568683
0.568464
0.573332
0.568829
0.566626
0.574133
0.567654
0.567157
0.573927
0.567464
0.567236
0.573601
0.567963
0.567518
0.574216
0.569517
0.567206
0.573789
0.568464
0.566957
0.574118
0.567851
0.567059
0.574029
0.567726
0.56739
0.573784
0.568312
0.567491
0.573759
0.568802
0.566995
0.573584
0.568374
0.566853
0.575064
0.568186
0.566759
0.574178
0.568173
0.567293
0.573404
0.568284
0.567363
0.573683
0.569152
0.566268
0.573642
0.568657
0.566954
0.574406
0.568628
0.567171
0.574737
0.567861
0.567108
0.57362
0.56819
0.567052
0.573735
0.570866
0.566841
0.573532
0.568923
0.566951
0.573684
0.567838
0.566682
0.574034
0.567904
0.566927
0.573446
0.568202
0.566938
0.573748
0.569356
0.566747
0.573932
0.569023
0.56666
0.573917
0.568334
0.56679
0.573716
0.567857
0.567162
0.573723
0.568401
0.567506
0.573663
0.568624
0.566357
0.573641
0.568575
0.566709
0.574365
0.568208
0.567196
0.57398
0.567953
0.567295
0.573771
0.568416
0.567665
0.573336
0.56855
0.566285
0.57286
0.568393
0.567129
0.573848
0.568235
0.566904
0.573856
0.567754
0.566862
0.573507
0.567742
0.566608
0.575162
0.571625
0.567437
0.573643
0.568485
0.566597
0.574892
0.56834
0.56727
0.574079
0.567946
0.567079
0.573412
0.567804
0.567417
0.573664
0.56892
0.566662
0.573618
0.568661
0.567395
0.574246
0.567561
0.567076
0.573616
0.567821
0.567567
0.574016
0.568459
0.567193
0.573554
0.568627
0.566681
0.57388
0.56811
0.566378
0.573855
0.568325
0.566772
0.573989
0.568098
0.567251
0.57353
0.567875
0.56743
0.573772
0.568725
0.566354
0.573781
0.568565
0.566915
0.57388
0.568218
0.567114
0.574174
0.567904
0.567544
0.573981
0.567873
0.568853
0.573762
0.568617
0.56674
0.573622
0.568877
0.56726
0.574204
0.567989
0.56678
0.574569
0.567674
0.567102
0.56811
0.562966
0.562203
0.568143
0.563464
0.560848
0.568152
0.564112
0.561201
0.568762
0.56279
0.561382
0.568723
0.562248
0.56183
0.568462
0.562982
0.561687
0.567989
0.563156
0.561218
0.568206
0.563058
0.56098
0.568193
0.562646
0.561683
0.568258
0.5626
0.561755
0.568266
0.562983
0.56165
0.568173
0.563097
0.561182
0.568248
0.563461
0.561472
0.568557
0.562781
0.561438
0.56872
0.562544
0.562631
0.568874
0.564756
0.562139
0.568207
0.563109
0.560857
0.568215
0.563484
0.561297
0.568536
0.562586
0.561853
0.568617
0.562284
0.561767
0.568208
0.562506
0.561639
0.568002
0.563523
0.561224
0.568317
0.563333
0.56141
0.56857
0.562451
0.561334
0.568581
0.562248
0.561576
0.568019
0.562926
0.56465
0.568322
0.562988
0.555591
0.563613
0.558066
0.556029
0.564057
0.557276
0.556481
0.563078
0.557417
0.556502
0.563471
0.557295
0.55638
0.562814
0.557543
0.555419
0.56277
0.558034
0.556006
0.563177
0.557523
0.556016
0.563201
0.557277
0.556989
0.563308
0.559234
0.556339
0.562655
0.557903
0.555494
0.562671
0.558311
0.556028
0.563598
0.557317
0.556708
0.563305
0.557108
0.557413
0.563209
0.55798
0.556142
0.562941
0.558409
0.555889
0.563159
0.557985
0.55586
0.563277
0.557215
0.556147
0.563288
0.551837
0.551075
0.557445
0.552291
0.550782
0.556988
0.551943
0.551116
0.557427
0.552027
0.550485
0.558502
0.551868
0.550861
0.558544
0.551969
0.551511
0.557455
0.551893
0.550881
0.557701
0.552098
0.550618
0.558194
0.551882
0.550688
0.558593
0.551961
0.550639
0.558092
0.55157
0.551042
0.558037
0.553581
0.55103
0.557284
0.551988
0.550415
0.557616
0.55244
0.550696
0.558459
0.551828
0.551031
0.558632
0.551451
0.550909
0.557685
0.552316
0.550954
0.557633
0.552357
0.550798
0.557307
0.552094
0.550423
0.558327
0.551956
0.550696
0.558498
0.551649
0.551112
0.556863
0.551945
0.550585
0.557231
0.552214
0.55013
0.557465
0.552148
0.550796
0.558285
0.551725
0.550781
0.558467
0.551972
0.551381
0.557464
0.552205
0.550658
0.557311
0.552193
0.550228
0.558003
0.552235
0.550494
0.558031
0.552298
0.550868
0.558269
0.551587
0.550997
0.557425
0.558688
0.550985
0.557022
0.552247
0.550366
0.557908
0.55236
0.550549
0.558487
0.551727
0.550706
0.558575
0.551598
0.550616
0.557102
0.552401
0.550752
0.557155
0.552249
0.549834
0.558188
0.552221
0.550376
0.55851
0.551781
0.550758
0.558217
0.551507
0.551103
0.557392
0.551962
0.55025
0.55753
0.55233
0.550749
0.557309
0.552026
0.55029
0.558394
0.552195
0.551218
0.558335
0.551681
0.551499
0.557322
0.552335
0.551134
0.55751
0.551997
0.549829
0.557342
0.552146
0.550264
0.558351
0.552166
0.545304
0.553004
0.546349
0.546034
0.551511
0.548224
0.54591
0.552375
0.546663
0.54502
0.551952
0.54676
0.544937
0.55295
0.546135
0.54533
0.55281
0.546244
0.545238
0.551741
0.547067
0.545481
0.552485
0.54669
0.545129
0.553209
0.546639
0.544899
0.552723
0.546298
0.544633
0.552806
0.546125
0.54552
0.551874
0.546528
0.545183
0.552266
0.546506
0.545219
0.5523
0.546687
0.544993
0.552814
0.546401
0.545176
0.552772
0.54636
0.545387
0.552143
0.546302
0.545586
0.551998
0.546618
0.544295
0.551907
0.546375
0.539622
0.547701
0.541299
0.539943
0.547511
0.540961
0.540279
0.546791
0.541092
0.541498
0.546943
0.541169
0.539322
0.546852
0.541604
0.539893
0.547564
0.541418
0.539807
0.547522
0.540744
0.539884
0.546429
0.541108
0.540634
0.546385
0.541535
0.53923
0.546891
0.541187
0.539663
0.547772
0.541038
0.539596
0.547602
0.540422
0.540387
0.546462
0.541299
0.543759
0.546644
0.541972
0.53974
0.546696
0.541879
0.539615
0.547473
0.541853
0.539945
0.547473
0.541328
0.540146
0.546566
0.541042
0.54019
0.546651
0.541367
0.539546
0.546906
0.541151
0.540228
0.547504
0.541244
0.539748
0.547353
0.541049
0.540697
0.546708
0.540899
0.540217
0.547815
0.541787
0.539402
0.546516
0.542287
0.539843
0.547718
0.541208
0.539821
0.546916
0.540854
0.540178
0.549249
0.541167
0.539696
0.546728
0.541699
0.539396
0.546647
0.541323
0.534001
0.542309
0.535736
0.534113
0.541956
0.535469
0.53417
0.540916
0.535958
0.534695
0.542217
0.53595
0.533885
0.541151
0.535741
0.534119
0.541774
0.535428
0.534219
0.542077
0.535496
0.534336
0.541157
0.535464
0.53465
0.541256
0.535976
0.533813
0.541276
0.535748
0.533987
0.541831
0.536119
0.534791
0.541986
0.535579
0.534709
0.541389
0.535281
0.534319
0.542054
0.537814
0.534148
0.541837
0.536071
0.533968
0.542357
0.535787
