4.18366
3.15888
2.38073
1.65285
1.09209
0.696179
-0.471824
-0.464409
-0.45748
-0.450983
-0.444872
-0.439105
-0.433646
-0.428463
-0.423529
-0.418819
-0.414311
-0.409986
-0.405827
-0.401819
-0.39795
-0.394207
-0.390579
-0.387059
-0.383637
-0.380306
-0.377061
-0.373894
-0.370802
-0.367778
-0.36482
-0.361923
-0.359084
-0.3563
-0.353568
-0.350886
-0.34825
-0.34566
-0.343114
-0.340608
-0.338143
-0.335716
-0.333325
-0.330971
-0.328651
-0.326364
-0.324109
-0.321885
-0.319692
-0.317528
-0.315392
-0.313285
-0.311204
-0.309149
-0.30712
-0.305116
-0.303136
-0.30118
-0.299247
-0.297337
-0.295449
-0.293582
-0.291736
-0.28991
-0.288105
-0.28632
-0.284553
-0.282806
-0.281076
-0.279365
-0.277672
-0.275995
-0.274336
-0.272693
-0.271067
-0.269456
-0.267861
-0.266281
-0.264716
-0.263166
-0.261631
-0.260109
-0.258602
-0.257108
-0.255627
-0.25416
-0.252706
-0.251264
-0.249835
-0.248418
-0.247013
-0.24562
-0.244238
-0.242868
-0.241509
-0.240161
-0.238824
-0.237498
-0.236183
-0.234877
-0.233582
-0.232297
-0.231022
-0.229756
-0.2285
-0.227254
-0.226017
-0.224788
-0.223569
-0.222359
-0.221158
-0.219965
-0.218781
-0.217605
-0.216438
-0.215279
-0.214127
-0.212984
-0.211849
-0.210721
-0.209601
-0.208489
-0.207384
-0.206286
-0.205196
-0.204112
-0.203036
-0.201967
-0.200905
-0.19985
-0.198801
-0.19776
-0.196724
-0.195696
-0.194674
-0.193658
-0.192648
-0.191645
-0.190648
-0.189657
-0.188673
-0.187694
-0.186721
-0.185754
-0.184793
-0.183837
-0.182888
-0.181944
-0.181005
-0.180072
-0.179145
-0.178223
-0.177306
-0.176395
-0.175489
-0.174588
-0.173692
-0.172802
-0.171917
-0.171036
-0.170161
-0.169291
-0.168426
-0.167565
-0.166709
-0.165859
-0.165012
-0.164171
-0.163334
-0.162502
-0.161675
-0.160852
-0.160034
-0.15922
-0.158411
-0.157606
-0.156805
-0.156009
-0.155218
-0.15443
-0.153647
-0.152868
-0.152093
-0.151323
-0.150556
-0.149794
-0.149036
-0.148282
-0.147532
-0.146785
-0.146043
-0.145305
-0.144571
-0.143841
-0.143114
-0.142392
-0.141673
-0.140958
-0.140246
-0.139539
-0.138835
-0.138135
-0.137439
-0.136746
-0.136057
-0.135371
-0.134689
-0.134011
-0.133336
-0.132665
-0.131997
-0.131333
-0.130672
-0.130014
-0.12936
-0.12871
-0.128062
-0.127418
-0.126778
-0.12614
-0.125506
-0.124876
-0.124248
-0.123624
-0.123003
-0.122385
-0.12177
-0.121159
-0.12055
-0.119945
-0.119343
-0.118744
-0.118147
-0.117554
-0.116964
-0.116378
-0.115794
-0.115213
-0.114635
-0.11406
-0.113487
-0.112918
-0.112352
-0.111788
-0.111228
-0.11067
-0.110115
-0.109563
-0.109014
-0.108467
-0.107924
-0.107383
-0.106845
-0.106309
-0.105776
-0.105246
-0.104719
-0.104194
-0.103672
-0.103153
-0.102636
-0.102122
-0.10161
-0.101101
-0.100595
-0.100091
-0.0995898
-0.0990911
-0.0985948
-0.0981011
-0.0976098
-0.097121
-0.0966347
-0.0961509
-0.0956695
-0.0951905
-0.0947139
-0.0942397
-0.0937679
-0.0932985
-0.0928315
-0.0923668
-0.0919044
-0.0914444
-0.0909867
-0.0905313
-0.0900781
-0.0896273
-0.0891787
-0.0887324
-0.0882883
-0.0878465
-0.0874069
-0.0869695
-0.0865342
-0.0861012
-0.0856704
-0.0852417
-0.0848152
-0.0843908
-0.0839685
-0.0835484
-0.0831303
-0.0827144
-0.0823006
-0.0818888
-0.0814791
-0.0810715
-0.0806659
-0.0802623
-0.0798608
-0.0794612
-0.0790637
-0.0786682
-0.0782747
-0.0778831
-0.0774935
-0.0771058
-0.0767201
-0.0763364
-0.0759545
-0.0755746
-0.0751965
-0.0748204
-0.0744462
-0.0740738
-0.0737033
-0.0733346
-0.0729678
-0.0726028
-0.0722397
-0.0718784
-0.0715189
-0.0711612
-0.0708053
-0.0704511
-0.0700988
-0.0697482
-0.0693993
-0.0690522
-0.0687069
-0.0683633
-0.0680214
-0.0676812
-0.0673427
-0.0670059
-0.0666708
-0.0663374
-0.0660056
-0.0656755
-0.065347
-0.0650202
-0.0646951
-0.0643715
-0.0640496
-0.0637293
-0.0634106
-0.0630935
-0.062778
-0.062464
-0.0621517
-0.0618409
-0.0615316
-0.0612239
-0.0609177
-0.0606131
-0.06031
-0.0600084
-0.0597083
-0.0594098
-0.0591127
-0.0588171
-0.058523
-0.0582303
-0.0579391
-0.0576494
-0.0573611
-0.0570743
-0.0567889
-0.0565049
-0.0562224
-0.0559412
-0.0556615
-0.0553831
-0.0551062
-0.0548307
-0.0545565
-0.0542837
-0.0540122
-0.0537422
-0.0534734
-0.053206
-0.05294
-0.0526753
-0.0524119
-0.0521498
-0.051889
-0.0516296
-0.0513714
-0.0511145
-0.0508589
-0.0506046
-0.0503516
-0.0500998
-0.0498493
-0.0496001
-0.049352
-0.0491053
-0.0488597
-0.0486154
-0.0483723
-0.0481305
-0.0478898
-0.0476503
-0.0474121
-0.047175
-0.0469391
-0.0467044
-0.0464709
-0.0462385
-0.0460073
-0.0457773
-0.0455484
-0.0453206
-0.045094
-0.0448686
-0.0446442
-0.044421
-0.0441989
-0.0439779
-0.043758
-0.0435392
-0.0433215
-0.0431049
-0.0428893
-0.0426749
-0.0424615
-0.0422492
-0.0420379
-0.0418277
-0.0416186
-0.0414105
-0.0412034
-0.0409974
-0.0407924
-0.0405885
-0.0403855
-0.0401836
-0.0399827
-0.0397828
-0.0395838
-0.0393859
-0.039189
-0.038993
-0.0387981
-0.0386041
-0.038411
-0.038219
-0.0380279
-0.0378378
-0.0376486
-0.0374603
-0.037273
-0.0370866
-0.0369012
-0.0367167
-0.0365331
-0.0363505
-0.0361687
-0.0359879
-0.0358079
-0.0356289
-0.0354507
-0.0352735
-0.0350971
-0.0349216
-0.034747
-0.0345733
-0.0344004
-0.0342284
-0.0340573
-0.033887
-0.0337175
-0.0335489
-0.0333812
-0.0332143
-0.0330482
-0.032883
-0.0327186
-0.032555
-0.0323922
-0.0322302
-0.0320691
-0.0319087
-0.0317492
-0.0315904
-0.0314325
-0.0312753
-0.031119
-0.0309634
-0.0308085
-0.0306545
-0.0305012
-0.0303487
-0.030197
-0.030046
-0.0298958
-0.0297463
-0.0295975
-0.0294496
-0.0293023
-0.0291558
-0.02901
-0.028865
-0.0287206
-0.028577
-0.0284342
-0.028292
-0.0281505
-0.0280098
-0.0278697
-0.0277304
-0.0275917
-0.0274538
-0.0273165
-0.0271799
-0.027044
-0.0269088
-0.0267743
-0.0266404
-0.0265072
-0.0263746
-0.0262428
-0.0261116
-0.025981
-0.0258511
-0.0257218
-0.0255932
-0.0254653
-0.0253379
-0.0252112
-0.0250852
-0.0249598
-0.024835
-0.0247108
-0.0245872
-0.0244643
-0.024342
-0.0242203
-0.0240992
-0.0239787
-0.0238588
-0.0237395
-0.0236208
-0.0235027
-0.0233852
-0.0232682
-0.0231519
-0.0230361
-0.022921
-0.0228064
-0.0226923
-0.0225789
-0.022466
-0.0223536
-0.0222419
-0.0221307
-0.02202
-0.0219099
-0.0218004
-0.0216914
-0.0215829
-0.021475
-0.0213676
-0.0212608
-0.0211545
-0.0210487
-0.0209435
-0.0208387
-0.0207346
-0.0206309
-0.0205277
-0.0204251
-0.020323
-0.0202213
-0.0201202
-0.0200196
-0.0199195
-0.0198199
-0.0197208
-0.0196222
-0.0195241
-0.0194265
-0.0193294
-0.0192327
-0.0191366
-0.0190409
-0.0189457
-0.018851
-0.0187567
-0.0186629
-0.0185696
-0.0184768
-0.0183844
-0.0182925
-0.018201
-0.01811
-0.0180194
-0.0179293
-0.0178397
-0.0177505
-0.0176617
-0.0175734
-0.0174856
-0.0173981
-0.0173111
-0.0172246
-0.0171385
-0.0170528
-0.0169675
-0.0168827
-0.0167983
-0.0167143
-0.0166307
-0.0165476
-0.0164648
-0.0163825
-0.0163006
-0.0162191
-0.016138
-0.0160573
-0.015977
-0.0158971
-0.0158176
-0.0157385
-0.0156599
-0.0155816
-0.0155036
-0.0154261
-0.015349
-0.0152723
-0.0151959
-0.0151199
-0.0150443
-0.0149691
-0.0148943
-0.0148198
-0.0147457
-0.014672
-0.0145986
-0.0145256
-0.014453
-0.0143807
-0.0143088
-0.0142373
-0.0141661
-0.0140952
-0.0140248
-0.0139546
-0.0138849
-0.0138155
-0.0137464
-0.0136776
-0.0136093
-0.0135412
-0.0134735
-0.0134061
-0.0133391
-0.0132724
-0.013206
-0.01314
-0.0130743
-0.0130089
-0.0129439
-0.0128792
-0.0128148
-0.0127507
-0.012687
-0.0126235
-0.0125604
-0.0124976
-0.0124351
-0.0123729
-0.0123111
-0.0122495
-0.0121883
-0.0121273
-0.0120667
-0.0120064
-0.0119463
-0.0118866
-0.0118272
-0.011768
-0.0117092
-0.0116507
-0.0115924
-0.0115344
-0.0114768
-0.0114194
-0.0113623
-0.0113055
-0.0112489
-0.0111927
-0.0111367
-0.0110811
-0.0110257
-0.0109705
-0.0109157
-0.0108611
-0.0108068
-0.0107528
-0.010699
-0.0106455
-0.0105923
-0.0105393
-0.0104866
-0.0104342
-0.010382
-0.0103301
-0.0102785
-0.0102271
-0.0101759
-0.010125
-0.0100744
-0.010024
-0.00997393
-0.00992406
-0.00987444
-0.00982507
-0.00977594
-0.00972706
-0.00967843
-0.00963004
-0.00958189
-0.00953398
-0.00948631
-0.00943888
-0.00939168
-0.00934473
-0.009298
-0.00925151
-0.00920526
-0.00915923
-0.00911343
-0.00906787
-0.00902253
-0.00897742
-0.00893253
-0.00888787
-0.00884343
-0.00879921
-0.00875522
-0.00871144
-0.00866788
-0.00862454
-0.00858142
-0.00853852
-0.00849582
-0.00845334
-0.00841108
-0.00836902
-0.00832718
-0.00828554
-0.00824412
-0.0082029
-0.00816188
-0.00812107
-0.00808047
-0.00804007
-0.00799987
-0.00795987
-0.00792007
-0.00788047
-0.00784107
-0.00780186
-0.00776285
-0.00772404
-0.00768542
-0.00764699
-0.00760876
-0.00757071
-0.00753286
-0.0074952
-0.00745772
-0.00742043
-0.00738333
-0.00734642
-0.00730969
-0.00727314
-0.00723677
-0.00720059
-0.00716459
-0.00712876
-0.00709312
-0.00705765
-0.00702237
-0.00698725
-0.00695232
-0.00691756
-0.00688297
-0.00684856
-0.00681431
-0.00678024
-0.00674634
-0.00671261
-0.00667905
-0.00664565
-0.00661242
-0.00657936
-0.00654647
-0.00651373
-0.00648117
-0.00644876
-0.00641652
-0.00638443
-0.00635251
-0.00632075
-0.00628915
-0.0062577
-0.00622641
-0.00619528
-0.00616431
-0.00613349
-0.00610282
-0.0060723
-0.00604194
-0.00601173
-0.00598168
-0.00595177
-0.00592201
-0.0058924
-0.00586294
-0.00583362
-0.00580446
-0.00577543
-0.00574656
-0.00571783
-0.00568924
-0.00566079
-0.00563249
-0.00560433
-0.0055763
-0.00554842
-0.00552068
-0.00549308
-0.00546561
-0.00543829
-0.00541109
-0.00538404
-0.00535712
-0.00533033
-0.00530368
-0.00527717
-0.00525078
-0.00522453
-0.0051984
-0.00517241
-0.00514655
-0.00512082
-0.00509521
-0.00506974
-0.00504439
-0.00501917
-0.00499407
-0.0049691
-0.00494426
-0.00491954
-0.00489494
-0.00487047
-0.00484611
-0.00482188
-0.00479778
-0.00477379
-0.00474992
-0.00472617
-0.00470254
-0.00467903
-0.00465563
-0.00463235
-0.00460919
-0.00458615
-0.00456322
-0.0045404
-0.0045177
-0.00449511
-0.00447264
-0.00445027
-0.00442802
-0.00440588
-0.00438385
-0.00436193
-0.00434013
-0.00431843
-0.00429683
-0.00427535
-0.00425397
-0.0042327
-0.00421154
-0.00419048
-0.00416953
-0.00414868
-0.00412794
-0.0041073
-0.00408677
-0.00406633
-0.004046
-0.00402577
-0.00400564
-0.00398562
-0.00396569
-0.00394586
-0.00392613
-0.0039065
-0.00388697
-0.00386753
-0.0038482
-0.00382896
-0.00380981
-0.00379076
-0.00377181
-0.00375295
-0.00373419
-0.00371552
-0.00369694
-0.00367845
-0.00366006
-0.00364176
-0.00362355
-0.00360544
-0.00358741
-0.00356947
-0.00355163
-0.00353387
-0.0035162
-0.00349862
-0.00348113
-0.00346372
-0.0034464
-0.00342917
-0.00341203
-0.00339497
-0.00337799
-0.0033611
-0.0033443
-0.00332758
-0.00331094
-0.00329438
-0.00327791
-0.00326152
-0.00324522
-0.00322899
-0.00321285
-0.00319678
-0.0031808
-0.0031649
-0.00314907
-0.00313333
-0.00311766
-0.00310207
-0.00308656
-0.00307113
-0.00305577
-0.0030405
-0.00302529
-0.00301017
-0.00299512
-0.00298014
-0.00296524
-0.00295042
-0.00293566
-0.00292099
-0.00290638
-0.00289185
-0.00287739
-0.00286301
-0.00284869
-0.00283445
-0.00282028
-0.00280617
-0.00279214
-0.00277818
-0.00276429
-0.00275047
-0.00273672
-0.00272304
-0.00270942
-0.00269588
-0.0026824
-0.00266898
-0.00265564
-0.00264236
-0.00262915
-0.00261601
-0.00260293
-0.00258991
-0.00257696
-0.00256408
-0.00255126
-0.0025385
-0.00252581
-0.00251318
-0.00250062
-0.00248811
-0.00247567
-0.0024633
-0.00245098
-0.00243872
-0.00242653
-0.0024144
-0.00240233
-0.00239032
-0.00237837
-0.00236647
-0.00235464
-0.00234287
-0.00233116
-0.0023195
-0.0023079
-0.00229636
-0.00228488
-0.00227346
-0.00226209
-0.00225078
-0.00223953
-0.00222833
-0.00221719
-0.0022061
-0.00219507
-0.0021841
-0.00217318
-0.00216231
-0.0021515
-0.00214074
-0.00213004
-0.00211939
-0.0021088
-0.00209825
-0.00208776
-0.00207732
-0.00206694
-0.0020566
-0.00204632
-0.00203609
-0.00202591
-0.00201578
-0.0020057
-0.00199567
-0.00198569
-0.00197577
-0.00196589
-0.00195606
-0.00194628
-0.00193655
-0.00192687
-0.00191723
-0.00190765
-0.00189811
-0.00188862
-0.00187918
-0.00186978
-0.00186043
-0.00185113
-0.00184187
-0.00183267
-0.0018235
-0.00181439
-0.00180531
-0.00179629
-0.00178731
-0.00177837
-0.00176948
-0.00176063
-0.00175183
-0.00174307
-0.00173436
-0.00172568
-0.00171706
-0.00170847
-0.00169993
-0.00169143
-0.00168297
-0.00167456
-0.00166619
-0.00165786
-0.00164957
-0.00164132
-0.00163311
-0.00162495
-0.00161682
-0.00160874
-0.0016007
-0.00159269
-0.00158473
-0.00157681
-0.00156892
-0.00156108
-0.00155327
-0.00154551
-0.00153778
-0.00153009
-0.00152244
-0.00151483
-0.00150726
-0.00149972
-0.00149222
-0.00148476
-0.00147734
-0.00146995
-0.0014626
-0.00145529
-0.00144801
-0.00144077
-0.00143357
-0.0014264
-0.00141927
-0.00141218
-0.00140512
-0.00139809
-0.0013911
-0.00138415
-0.00137722
-0.00137034
-0.00136349
-0.00135667
-0.00134989
-0.00134314
-0.00133642
-0.00132974
-0.00132309
-0.00131648
-0.0013099
-0.00130335
-0.00129683
-0.00129035
-0.0012839
-0.00127748
-0.00127109
-0.00126473
-0.00125841
-0.00125212
-0.00124586
-0.00123963
-0.00123343
-0.00122727
-0.00122113
-0.00121502
-0.00120895
-0.00120291
-0.00119689
-0.00119091
-0.00118495
-0.00117903
-0.00117313
-0.00116727
-0.00116143
-0.00115563
-0.00114985
-0.0011441
-0.00113838
-0.00113269
-0.00112703
-0.00112139
-0.00111578
-0.00111021
-0.00110465
-0.00109913
-0.00109364
-0.00108817
-0.00108273
-0.00107731
-0.00107193
-0.00106657
-0.00106124
-0.00105593
-0.00105065
-0.0010454
-0.00104017
-0.00103497
-0.0010298
-0.00102465
-0.00101953
-0.00101443
-0.00100936
-0.00100431
-0.00099929
-0.000994293
-0.000989322
-0.000984376
-0.000979455
-0.000974558
-0.000969685
-0.000964837
-0.000960014
-0.000955214
-0.000950438
-0.000945686
-0.000940958
-0.000936254
-0.000931573
-0.000926916
-0.000922281
-0.00091767
-0.000913082
-0.000908517
-0.000903975
-0.000899456
-0.000894959
-0.000890484
-0.000886032
-0.000881603
-0.000877195
-0.000872809
-0.000868446
-0.000864104
-0.000859784
-0.000855485
-0.000851208
-0.000846952
-0.000842718
-0.000838505
-0.000834313
-0.000830142
-0.000825991
-0.000821863
-0.000817755
-0.000813666
-0.000809598
-0.00080555
-0.000801523
-0.000797515
-0.000793528
-0.00078956
-0.000785613
-0.000781685
-0.000777777
-0.000773888
-0.000770019
-0.00076617
-0.000762339
-0.000758528
-0.000754736
-0.000750962
-0.000747208
-0.000743472
-0.000739755
-0.000736057
-0.000732377
-0.000728715
-0.000725072
-0.000721447
-0.00071784
-0.000714252
-0.000710681
-0.000707128
-0.000703592
-0.000700075
-0.000696575
-0.000693092
-0.000689627
-0.00068618
-0.000682749
-0.000679336
-0.000675939
-0.00067256
-0.000669198
-0.000665852
-0.000662523
-0.000659211
-0.000655915
-0.000652636
-0.000649373
-0.000646127
-0.000642896
-0.000639682
-0.000636484
-0.000633302
-0.000630136
-0.000626986
-0.000623851
-0.000620732
-0.000617629
-0.000614541
-0.000611469
-0.000608412
-0.00060537
-0.000602344
-0.000599332
-0.000596336
-0.000593355
-0.000590388
-0.000587437
-0.0005845
-0.000581578
-0.00057867
-0.000575777
-0.000572899
-0.000570035
-0.000567185
-0.000564349
-0.000561528
-0.000558721
-0.000555927
-0.000553148
-0.000550383
-0.000547631
-0.000544893
-0.000542169
-0.000539459
-0.000536762
-0.000534079
-0.000531409
-0.000528752
-0.000526109
-0.000523478
-0.000520861
-0.000518257
-0.000515667
-0.000513089
-0.000510524
-0.000507971
-0.000505432
-0.000502905
-0.000500391
-0.000497889
-0.0004954
-0.000492924
-0.000490459
-0.000488007
-0.000485568
-0.00048314
-0.000480725
-0.000478322
-0.000475931
-0.000473551
-0.000471184
-0.000468828
-0.000466485
-0.000464153
-0.000461832
-0.000459523
-0.000457226
-0.00045494
-0.000452666
-0.000450403
-0.000448152
-0.000445911
-0.000443682
-0.000441464
-0.000439257
-0.000437061
-0.000434876
-0.000432702
-0.000430539
-0.000428387
-0.000426245
-0.000424114
-0.000421994
-0.000419885
-0.000417786
-0.000415697
-0.000413619
-0.000411551
-0.000409494
-0.000407447
-0.00040541
-0.000403383
-0.000401367
-0.00039936
-0.000397364
-0.000395377
-0.000393401
-0.000391434
-0.000389477
-0.00038753
-0.000385593
-0.000383666
-0.000381748
-0.000379839
-0.00037794
-0.000376051
-0.000374171
-0.000372301
-0.000370443
-0.000368591
-0.000366748
-0.000364914
-0.000363089
-0.000361273
-0.000359467
-0.00035767
-0.000355882
-0.000354103
-0.000352333
-0.000350571
-0.000348819
-0.000347075
-0.00034534
-0.000343614
-0.000341896
-0.000340187
-0.000338486
-0.000336794
-0.000335111
-0.000333435
-0.000331769
-0.00033011
-0.00032846
-0.000326818
-0.000325184
-0.000323559
-0.000321941
-0.000320332
-0.000318731
-0.000317138
-0.000315552
-0.000313975
-0.000312405
-0.000310844
-0.00030929
-0.000307744
-0.000306205
-0.000304675
-0.000303152
-0.000301637
-0.000300129
-0.000298628
-0.000297136
-0.00029565
-0.000294173
-0.000292702
-0.000291239
-0.000289783
-0.000288335
-0.000286893
-0.000285459
-0.000284032
-0.000282613
-0.0002812
-0.000279794
-0.000278396
-0.000277004
-0.00027562
-0.000274242
-0.000272871
-0.000271507
-0.00027015
-0.000268799
-0.000267456
-0.000266119
-0.000264789
-0.000263465
-0.000262148
-0.000260838
-0.000259534
-0.000258237
-0.000256946
-0.000255662
-0.000254384
-0.000253112
-0.000251847
-0.000250588
-0.000249335
-0.000248089
-0.000246849
-0.000245615
-0.000244387
-0.000243166
-0.00024195
-0.000240741
-0.000239538
-0.00023834
-0.000237149
-0.000235964
-0.000234784
-0.000233611
-0.000232443
-0.000231281
-0.000230125
-0.000228975
-0.00022783
-0.000226692
-0.000225558
-0.000224431
-0.000223309
-0.000222193
-0.000221082
-0.000219977
-0.000218878
-0.000217784
-0.000216695
-0.000215612
-0.000214535
-0.000213462
-0.000212395
-0.000211334
-0.000210277
-0.000209226
-0.000208181
-0.00020714
-0.000206105
-0.000205075
-0.00020405
-0.00020303
-0.000202015
-0.000201005
-0.000200001
-0.000199001
-0.000198006
-0.000197017
-0.000196032
-0.000195052
-0.000194077
-0.000193107
-0.000192142
-0.000191182
-0.000190226
-0.000189275
-0.000188329
-0.000187388
-0.000186452
-0.00018552
-0.000184593
-0.00018367
-0.000182752
-0.000181839
-0.00018093
-0.000180025
-0.000179126
-0.00017823
-0.00017734
-0.000176453
-0.000175571
-0.000174694
-0.000173821
-0.000172952
-0.000172088
-0.000171228
-0.000170372
-0.00016952
-0.000168673
-0.00016783
-0.000166991
-0.000166157
-0.000165326
-0.0001645
-0.000163678
-0.00016286
-0.000162046
-0.000161236
-0.00016043
-0.000159629
-0.000158831
-0.00015804
-0.000157252
-0.000156466
-0.000155683
-0.000154904
-0.000154128
-0.000153357
-0.000152591
-0.000151828
-0.00015107
-0.000150314
-0.000149563
-0.000148816
-0.000148072
-0.000147332
-0.000146596
-0.000145863
-0.000145134
-0.000144409
-0.000143687
-0.000142969
-0.000142255
-0.000141544
-0.000140836
-0.000140132
-0.000139432
-0.000138735
-0.000138042
-0.000137352
-0.000136666
-0.000135983
-0.000135303
-0.000134627
-0.000133954
-0.000133285
-0.000132619
-0.000131956
-0.000131297
-0.000130641
-0.000129988
-0.000129338
-0.000128692
-0.000128049
-0.000127409
-0.000126773
-0.000126139
-0.000125509
-0.000124882
-0.000124258
-0.000123637
-0.000123019
-0.000122404
-0.000121793
-0.000121184
-0.000120578
-0.000119976
-0.000119376
-0.00011878
-0.000118186
-0.000117596
-0.000117008
-0.000116424
-0.000115842
-0.000115263
-0.000114687
-0.000114114
-0.000113544
-0.000112976
-0.000112412
-0.00011185
-0.000111291
-0.000110735
-0.000110182
-0.000109631
-0.000109084
-0.000108539
-0.000107996
-0.000107457
-0.00010692
-0.000106386
-0.000105854
-0.000105325
-0.000104799
-0.000104275
-0.000103754
-0.000103236
-0.00010272
-0.000102207
-0.000101696
-0.000101188
-0.000100682
-0.000100179
-9.96788e-05
-9.91808e-05
-9.86853e-05
-9.81922e-05
-9.77016e-05
-9.72135e-05
-9.67278e-05
-9.62445e-05
-9.57637e-05
-9.52852e-05
-9.48091e-05
-9.43355e-05
-9.38642e-05
-9.33952e-05
-9.29286e-05
-9.24643e-05
-9.20024e-05
-9.15427e-05
-9.10854e-05
-9.06303e-05
-9.01775e-05
-8.9727e-05
-8.92787e-05
-8.88327e-05
-8.83889e-05
-8.79473e-05
-8.75079e-05
-8.70708e-05
-8.66358e-05
-8.6203e-05
-8.57723e-05
-8.53438e-05
-8.49175e-05
-8.44932e-05
-8.40711e-05
-8.36511e-05
-8.32332e-05
-8.28174e-05
-8.24037e-05
-8.19921e-05
-8.15825e-05
-8.11749e-05
-8.07694e-05
-8.03659e-05
-7.99644e-05
-7.9565e-05
-7.91675e-05
-7.8772e-05
-7.83785e-05
-7.7987e-05
-7.75974e-05
-7.72098e-05
-7.68241e-05
-7.64404e-05
-7.60585e-05
-7.56786e-05
-7.53006e-05
-7.49244e-05
-7.45502e-05
-7.41778e-05
-7.38073e-05
-7.34386e-05
-7.30717e-05
-7.27068e-05
-7.23436e-05
-7.19822e-05
-7.16227e-05
-7.12649e-05
-7.0909e-05
-7.05548e-05
-7.02024e-05
-6.98517e-05
-6.95028e-05
-6.91557e-05
-6.88102e-05
-6.84666e-05
-6.81246e-05
-6.77843e-05
-6.74458e-05
-6.71089e-05
-6.67737e-05
-6.64402e-05
-6.61084e-05
-6.57782e-05
-6.54496e-05
-6.51228e-05
-6.47975e-05
-6.44739e-05
-6.41529e-05
-6.38322e-05
-6.35136e-05
-6.31965e-05
-6.2881e-05
-6.25669e-05
-6.22543e-05
-6.19432e-05
-6.16339e-05
-6.13262e-05
-6.10198e-05
-6.0715e-05
-6.04117e-05
-6.01099e-05
-5.98096e-05
-5.95109e-05
-5.92137e-05
-5.8918e-05
-5.86237e-05
-5.8331e-05
-5.80397e-05
-5.77498e-05
-5.74614e-05
-5.71745e-05
-5.6889e-05
-5.66049e-05
-5.63223e-05
-5.6041e-05
-5.57612e-05
-5.54828e-05
-5.52057e-05
-5.49301e-05
-5.46558e-05
-5.43828e-05
-5.41113e-05
-5.3841e-05
-5.35722e-05
-5.33046e-05
-5.30384e-05
-5.27736e-05
-5.251e-05
-5.22478e-05
-5.19869e-05
-5.17273e-05
-5.1469e-05
-5.1212e-05
-5.09563e-05
-5.07018e-05
-5.04487e-05
-5.01968e-05
-4.99461e-05
-4.96967e-05
-4.94486e-05
-4.92017e-05
-4.89561e-05
-4.87116e-05
-4.84684e-05
-4.82264e-05
-4.79857e-05
-4.77461e-05
-4.75077e-05
-4.72705e-05
-4.70345e-05
-4.67997e-05
-4.65661e-05
-4.63336e-05
-4.61023e-05
-4.58721e-05
-4.56431e-05
-4.54153e-05
-4.51886e-05
-4.4963e-05
-4.47385e-05
-4.45152e-05
-4.4293e-05
-4.40719e-05
-4.38519e-05
-4.3633e-05
-4.34152e-05
-4.31984e-05
-4.29828e-05
-4.27683e-05
-4.25548e-05
-4.23424e-05
-4.2131e-05
-4.19207e-05
-4.17115e-05
-4.15033e-05
-4.12961e-05
-4.109e-05
-4.08849e-05
-4.06808e-05
-4.04778e-05
-4.02758e-05
-4.00748e-05
-3.98747e-05
-3.96757e-05
-3.94777e-05
-3.92807e-05
-3.90846e-05
-3.88896e-05
-3.86955e-05
-3.85024e-05
-3.83102e-05
-3.8119e-05
-3.79288e-05
-3.77395e-05
-3.75511e-05
-3.73637e-05
-3.71773e-05
-3.69918e-05
-3.68072e-05
-3.66235e-05
-3.64407e-05
-3.62589e-05
-3.60779e-05
-3.58979e-05
-3.57188e-05
-3.55405e-05
-3.53632e-05
-3.51867e-05
-3.50111e-05
-3.48364e-05
-3.46626e-05
-3.44897e-05
-3.43176e-05
-3.41463e-05
-3.3976e-05
-3.38064e-05
-3.36378e-05
-3.34699e-05
-3.33029e-05
-3.31368e-05
-3.29714e-05
-3.28069e-05
-3.26433e-05
-3.24804e-05
-3.23184e-05
-3.21571e-05
-3.19967e-05
-3.18371e-05
-3.16782e-05
-3.15202e-05
-3.1363e-05
-3.12065e-05
-3.10508e-05
-3.08959e-05
-3.07418e-05
-3.05884e-05
-3.04358e-05
-3.0284e-05
-3.0133e-05
-2.99826e-05
-2.98331e-05
-2.96843e-05
-2.95362e-05
-2.93889e-05
-2.92423e-05
-2.90964e-05
-2.89513e-05
-2.88069e-05
-2.86632e-05
-2.85203e-05
-2.8378e-05
-2.82365e-05
-2.80956e-05
-2.79555e-05
-2.78161e-05
-2.76774e-05
-2.75393e-05
-2.7402e-05
-2.72653e-05
-2.71294e-05
-2.69941e-05
-2.68595e-05
-2.67255e-05
-2.65922e-05
-2.64596e-05
-2.63277e-05
-2.61964e-05
-2.60658e-05
-2.59358e-05
-2.58065e-05
-2.56778e-05
-2.55498e-05
-2.54224e-05
-2.52956e-05
-2.51695e-05
-2.5044e-05
-2.49191e-05
-2.47949e-05
-2.46712e-05
-2.45482e-05
-2.44259e-05
-2.43041e-05
-2.41829e-05
-2.40623e-05
-2.39424e-05
-2.3823e-05
-2.37065e-05
-2.35888e-05
-2.34714e-05
-2.33539e-05
-2.32367e-05
-2.31204e-05
-2.30048e-05
-2.28899e-05
-2.27757e-05
-2.26622e-05
-2.25493e-05
-2.24369e-05
-2.2325e-05
-2.22137e-05
-2.2103e-05
-2.19929e-05
-2.18832e-05
-2.17742e-05
-2.16657e-05
-2.15577e-05
-2.14503e-05
-2.13433e-05
-2.1237e-05
-2.11311e-05
-2.10258e-05
-2.0921e-05
-2.08167e-05
-2.0713e-05
-2.06098e-05
-2.05071e-05
-2.04049e-05
-2.03032e-05
-2.02021e-05
-2.01014e-05
-2.00013e-05
-1.99016e-05
-1.98024e-05
-1.97038e-05
-1.96056e-05
-1.95079e-05
-1.94107e-05
-1.93139e-05
-1.92177e-05
-1.91219e-05
-1.90267e-05
-1.89319e-05
-1.88375e-05
-1.87437e-05
-1.86503e-05
-1.85573e-05
-1.84649e-05
-1.83729e-05
-1.82814e-05
-1.81903e-05
-1.80997e-05
-1.80095e-05
-1.79198e-05
-1.78305e-05
-1.77417e-05
-1.76533e-05
-1.75654e-05
-1.74779e-05
-1.73908e-05
-1.73042e-05
-1.7218e-05
-1.71323e-05
-1.7047e-05
-1.69621e-05
-1.68776e-05
-1.67935e-05
-1.67099e-05
-1.66267e-05
-1.65439e-05
-1.64615e-05
-1.63796e-05
-1.6298e-05
-1.62169e-05
-1.61361e-05
-1.60558e-05
-1.59758e-05
-1.58963e-05
-1.58172e-05
-1.57384e-05
-1.56601e-05
-1.55821e-05
-1.55046e-05
-1.54274e-05
-1.53506e-05
-1.52742e-05
-1.51982e-05
-1.51225e-05
-1.50473e-05
-1.49724e-05
-1.48979e-05
-1.48237e-05
-1.475e-05
-1.46766e-05
-1.46035e-05
-1.45309e-05
-1.44586e-05
-1.43866e-05
-1.4315e-05
-1.42438e-05
-1.41729e-05
-1.41024e-05
-1.40322e-05
-1.39624e-05
-1.3893e-05
-1.38239e-05
-1.37551e-05
-1.36867e-05
-1.36186e-05
-1.35508e-05
-1.34834e-05
-1.34164e-05
-1.33496e-05
-1.32832e-05
-1.32172e-05
-1.31514e-05
-1.3086e-05
-1.30209e-05
-1.29562e-05
-1.28917e-05
-1.28276e-05
-1.27638e-05
-1.27004e-05
-1.26372e-05
-1.25744e-05
-1.25119e-05
-1.24496e-05
-1.23877e-05
-1.23261e-05
-1.22649e-05
-1.22039e-05
-1.21432e-05
-1.20829e-05
-1.20228e-05
-1.1963e-05
-1.19035e-05
-1.18444e-05
-1.17855e-05
-1.17269e-05
-1.16686e-05
-1.16106e-05
-1.15529e-05
-1.14955e-05
-1.14384e-05
-1.13815e-05
-1.1325e-05
-1.12687e-05
-1.12127e-05
-1.1157e-05
-1.11016e-05
-1.10464e-05
-1.09915e-05
-1.09369e-05
-1.08826e-05
-1.08285e-05
-1.07747e-05
-1.07212e-05
-1.06679e-05
-1.06149e-05
-1.05622e-05
-1.05097e-05
-1.04575e-05
-1.04056e-05
-1.03539e-05
-1.03025e-05
-1.02513e-05
-1.02004e-05
-1.01497e-05
-1.00993e-05
-1.00492e-05
-9.99929e-06
-9.94964e-06
-9.90024e-06
-9.85108e-06
-9.80268e-06
-9.75411e-06
-9.70562e-06
-9.65733e-06
-9.60939e-06
-9.56167e-06
-9.51424e-06
-9.46704e-06
-9.42003e-06
-9.37322e-06
-9.32662e-06
-9.28024e-06
-9.23414e-06
-9.18832e-06
-9.14272e-06
-9.09735e-06
-9.0522e-06
-9.00728e-06
-8.96258e-06
-8.9181e-06
-8.87385e-06
-8.82982e-06
-8.78602e-06
-8.74243e-06
-8.69905e-06
-8.65589e-06
-8.61295e-06
-8.57022e-06
-8.5277e-06
-8.4854e-06
-8.44331e-06
-8.40143e-06
-8.35975e-06
-8.3183e-06
-8.27706e-06
-8.23603e-06
-8.1952e-06
-8.15457e-06
-8.11415e-06
-8.07393e-06
-8.03391e-06
-7.9941e-06
-7.95448e-06
-7.91505e-06
-7.87583e-06
-7.83681e-06
-7.79797e-06
-7.75934e-06
-7.72089e-06
-7.68263e-06
-7.64457e-06
-7.60669e-06
-7.56901e-06
-7.53151e-06
-7.49419e-06
-7.45706e-06
-7.42012e-06
-7.38336e-06
-7.34679e-06
-7.31039e-06
-7.27418e-06
-7.23815e-06
-7.2023e-06
-7.16662e-06
-7.13113e-06
-7.09581e-06
-7.06067e-06
-7.0257e-06
-6.99091e-06
-6.95629e-06
-6.92185e-06
-6.88758e-06
-6.85347e-06
-6.81954e-06
-6.78578e-06
-6.75219e-06
-6.71877e-06
-6.68551e-06
-6.65242e-06
-6.61949e-06
-6.58673e-06
-6.55413e-06
-6.5217e-06
-6.48943e-06
-6.45732e-06
-6.42537e-06
-6.39359e-06
-6.36196e-06
-6.33049e-06
-6.29917e-06
-6.26802e-06
-6.23702e-06
-6.20617e-06
-6.17548e-06
-6.14494e-06
-6.11456e-06
-6.08432e-06
-6.05424e-06
-6.02431e-06
-5.99453e-06
-5.9649e-06
-5.93541e-06
-5.90607e-06
-5.87688e-06
