-2.12705
-1.67657
-1.43239
-1.27961
-1.17354
-1.09456
-1.03284
-0.98292
-0.941483
-0.906384
-0.876168
-0.852832
-0.835842
-0.819896
-0.804887
-0.790714
-0.777268
-0.764502
-0.752405
-0.740884
-0.729865
-0.719324
-0.709237
-0.699578
-0.690319
-0.681434
-0.672902
-0.664699
-0.656806
-0.649206
-0.641881
-0.634816
-0.627996
-0.621408
-0.615039
-0.608876
-0.602909
-0.597127
-0.59152
-0.586079
-0.580795
-0.575661
-0.570667
-0.565808
-0.561076
-0.556465
-0.551969
-0.547582
-0.543299
-0.539115
-0.535024
-0.531023
-0.527108
-0.523274
-0.519518
-0.515835
-0.512224
-0.50868
-0.505201
-0.501783
-0.498425
-0.495124
-0.491877
-0.488682
-0.485537
-0.48244
-0.47939
-0.476383
-0.47342
-0.470497
-0.467614
-0.464769
-0.461961
-0.459188
-0.456449
-0.453743
-0.45107
-0.448427
-0.445814
-0.44323
-0.440674
-0.438146
-0.435643
-0.433166
-0.430714
-0.428287
-0.425882
-0.423501
-0.421142
-0.418804
-0.416488
-0.414192
-0.411916
-0.40966
-0.407422
-0.405204
-0.403004
-0.400821
-0.398656
-0.396508
-0.394377
-0.392262
-0.390164
-0.388081
-0.386013
-0.383961
-0.381923
-0.3799
-0.377892
-0.375897
-0.373917
-0.37195
-0.369996
-0.368056
-0.366129
-0.364214
-0.362312
-0.360423
-0.358546
-0.35668
-0.354827
-0.352986
-0.351156
-0.349337
-0.34753
-0.345734
-0.343949
-0.342175
-0.340412
-0.338659
-0.336917
-0.335185
-0.333463
-0.331752
-0.330051
-0.328359
-0.326678
-0.325006
-0.323344
-0.321691
-0.320048
-0.318414
-0.31679
-0.315175
-0.313569
-0.311971
-0.310383
-0.308804
-0.307233
-0.305672
-0.304119
-0.302574
-0.301038
-0.29951
-0.297991
-0.29648
-0.294977
-0.293483
-0.291996
-0.290518
-0.289047
-0.287585
-0.28613
-0.284683
-0.283244
-0.281813
-0.280389
-0.278973
-0.277564
-0.276163
-0.274769
-0.273383
-0.272004
-0.270632
-0.269268
-0.26791
-0.26656
-0.265217
-0.263881
-0.262551
-0.261229
-0.259914
-0.258606
-0.257304
-0.256009
-0.254721
-0.25344
-0.252165
-0.250897
-0.249635
-0.24838
-0.247131
-0.245889
-0.244654
-0.243424
-0.242201
-0.240984
-0.239774
-0.23857
-0.237372
-0.23618
-0.234994
-0.233814
-0.232641
-0.231473
-0.230311
-0.229155
-0.228006
-0.226862
-0.225723
-0.224591
-0.223464
-0.222344
-0.221229
-0.220119
-0.219015
-0.217917
-0.216825
-0.215738
-0.214656
-0.21358
-0.212509
-0.211444
-0.210385
-0.20933
-0.208281
-0.207238
-0.206199
-0.205166
-0.204138
-0.203115
-0.202098
-0.201085
-0.200078
-0.199076
-0.198079
-0.197087
-0.1961
-0.195118
-0.19414
-0.193168
-0.192201
-0.191239
-0.190281
-0.189328
-0.18838
-0.187437
-0.186499
-0.185565
-0.184636
-0.183712
-0.182792
-0.181877
-0.180967
-0.180061
-0.17916
-0.178263
-0.177371
-0.176483
-0.1756
-0.174721
-0.173847
-0.172977
-0.172111
-0.17125
-0.170393
-0.16954
-0.168692
-0.167848
-0.167008
-0.166172
-0.165341
-0.164513
-0.16369
-0.162871
-0.162057
-0.161246
-0.160439
-0.159636
-0.158838
-0.158043
-0.157252
-0.156466
-0.155683
-0.154904
-0.154129
-0.153358
-0.152591
-0.151828
-0.151068
-0.150313
-0.149561
-0.148813
-0.148068
-0.147328
-0.146591
-0.145857
-0.145128
-0.144402
-0.14368
-0.142961
-0.142246
-0.141535
-0.140827
-0.140122
-0.139422
-0.138724
-0.13803
-0.13734
-0.136653
-0.13597
-0.13529
-0.134613
-0.13394
-0.13327
-0.132603
-0.13194
-0.13128
-0.130624
-0.129971
-0.129321
-0.128674
-0.12803
-0.12739
-0.126753
-0.126119
-0.125488
-0.124861
-0.124237
-0.123615
-0.122997
-0.122382
-0.12177
-0.121161
-0.120555
-0.119952
-0.119352
-0.118756
-0.118162
-0.117571
-0.116983
-0.116398
-0.115816
-0.115237
-0.11466
-0.114087
-0.113517
-0.112949
-0.112384
-0.111822
-0.111263
-0.110707
-0.110153
-0.109602
-0.109054
-0.108509
-0.107966
-0.107426
-0.106889
-0.106355
-0.105823
-0.105294
-0.104767
-0.104243
-0.103722
-0.103204
-0.102687
-0.102174
-0.101663
-0.101155
-0.100649
-0.100146
-0.0996449
-0.0991467
-0.0986509
-0.0981576
-0.0976668
-0.0971785
-0.0966925
-0.0962091
-0.095728
-0.0952493
-0.0947731
-0.0942992
-0.0938277
-0.0933585
-0.0928917
-0.0924272
-0.0919651
-0.0915052
-0.0910477
-0.0905924
-0.0901395
-0.0896887
-0.0892403
-0.0887941
-0.0883501
-0.0879083
-0.0874688
-0.0870314
-0.0865962
-0.0861633
-0.0857324
-0.0853038
-0.0848772
-0.0844528
-0.0840306
-0.0836104
-0.0831923
-0.0827764
-0.0823625
-0.0819506
-0.0815409
-0.0811332
-0.0807275
-0.0803239
-0.0799222
-0.0795226
-0.079125
-0.0787294
-0.0783357
-0.077944
-0.0775543
-0.0771665
-0.0767807
-0.0763968
-0.0760148
-0.0756347
-0.0752565
-0.0748802
-0.0745058
-0.0741333
-0.0737626
-0.0733938
-0.0730268
-0.0726617
-0.0722984
-0.0719369
-0.0715772
-0.0712193
-0.0708632
-0.0705089
-0.0701564
-0.0698056
-0.0694565
-0.0691093
-0.0687637
-0.0684199
-0.0680778
-0.0677374
-0.0673987
-0.0670617
-0.0667264
-0.0663928
-0.0660608
-0.0657305
-0.0654018
-0.0650748
-0.0647495
-0.0644257
-0.0641036
-0.0637831
-0.0634641
-0.0631468
-0.0628311
-0.0625169
-0.0622043
-0.0618933
-0.0615838
-0.0612759
-0.0609695
-0.0606647
-0.0603614
-0.0600596
-0.0597593
-0.0594605
-0.0591632
-0.0588674
-0.058573
-0.0582801
-0.0579887
-0.0576988
-0.0574103
-0.0571233
-0.0568376
-0.0565535
-0.0562707
-0.0559893
-0.0557094
-0.0554308
-0.0551537
-0.0548779
-0.0546035
-0.0543305
-0.0540589
-0.0537886
-0.0535196
-0.053252
-0.0529858
-0.0527208
-0.0524572
-0.0521949
-0.051934
-0.0516743
-0.0514159
-0.0511588
-0.0509031
-0.0506485
-0.0503953
-0.0501433
-0.0498926
-0.0496431
-0.0493949
-0.0491479
-0.0489022
-0.0486577
-0.0484144
-0.0481723
-0.0479315
-0.0476918
-0.0474534
-0.0472161
-0.04698
-0.0467451
-0.0465114
-0.0462788
-0.0460474
-0.0458172
-0.0455881
-0.0453602
-0.0451334
-0.0449077
-0.0446832
-0.0444598
-0.0442375
-0.0440163
-0.0437962
-0.0435772
-0.0433593
-0.0431425
-0.0429268
-0.0427122
-0.0424986
-0.0422861
-0.0420747
-0.0418643
-0.041655
-0.0414467
-0.0412395
-0.0410333
-0.0408281
-0.040624
-0.0404209
-0.0402188
-0.0400177
-0.0398176
-0.0396185
-0.0394204
-0.0392233
-0.0390272
-0.0388321
-0.0386379
-0.0384447
-0.0382525
-0.0380612
-0.0378709
-0.0376816
-0.0374932
-0.0373057
-0.0371192
-0.0369336
-0.0367489
-0.0365652
-0.0363823
-0.0362004
-0.0360194
-0.0358393
-0.0356601
-0.0354818
-0.0353044
-0.0351279
-0.0349523
-0.0347775
-0.0346036
-0.0344306
-0.0342584
-0.0340871
-0.0339167
-0.0337471
-0.0335784
-0.0334105
-0.0332435
-0.0330772
-0.0329119
-0.0327473
-0.0325836
-0.0324206
-0.0322585
-0.0320972
-0.0319368
-0.0317771
-0.0316182
-0.0314601
-0.0313028
-0.0311463
-0.0309906
-0.0308356
-0.0306814
-0.030528
-0.0303754
-0.0302235
-0.0300724
-0.029922
-0.0297724
-0.0296236
-0.0294754
-0.0293281
-0.0291814
-0.0290355
-0.0288903
-0.0287459
-0.0286022
-0.0284591
-0.0283169
-0.0281753
-0.0280344
-0.0278942
-0.0277548
-0.027616
-0.0274779
-0.0273405
-0.0272038
-0.0270678
-0.0269325
-0.0267978
-0.0266638
-0.0265305
-0.0263978
-0.0262658
-0.0261345
-0.0260038
-0.0258738
-0.0257445
-0.0256157
-0.0254877
-0.0253602
-0.0252334
-0.0251073
-0.0249817
-0.0248568
-0.0247325
-0.0246089
-0.0244858
-0.0243634
-0.0242416
-0.0241204
-0.0239998
-0.0238798
-0.0237604
-0.0236416
-0.0235234
-0.0234057
-0.0232887
-0.0231723
-0.0230564
-0.0229411
-0.0228264
-0.0227123
-0.0225987
-0.0224857
-0.0223733
-0.0222614
-0.0221501
-0.0220394
-0.0219292
-0.0218195
-0.0217105
-0.0216019
-0.0214939
-0.0213864
-0.0212795
-0.0211731
-0.0210672
-0.0209619
-0.0208571
-0.0207528
-0.020649
-0.0205458
-0.0204431
-0.0203409
-0.0202391
-0.020138
-0.0200373
-0.0199371
-0.0198374
-0.0197382
-0.0196395
-0.0195413
-0.0194436
-0.0193464
-0.0192497
-0.0191534
-0.0190576
-0.0189624
-0.0188676
-0.0187732
-0.0186793
-0.018586
-0.018493
-0.0184006
-0.0183086
-0.018217
-0.0181259
-0.0180353
-0.0179451
-0.0178554
-0.0177661
-0.0176773
-0.0175889
-0.017501
-0.0174135
-0.0173264
-0.0172398
-0.0171536
-0.0170678
-0.0169825
-0.0168975
-0.0168131
-0.016729
-0.0166454
-0.0165621
-0.0164793
-0.0163969
-0.0163149
-0.0162334
-0.0161522
-0.0160714
-0.0159911
-0.0159111
-0.0158316
-0.0157524
-0.0156736
-0.0155953
-0.0155173
-0.0154397
-0.0153625
-0.0152857
-0.0152093
-0.0151332
-0.0150576
-0.0149823
-0.0149074
-0.0148328
-0.0147587
-0.0146849
-0.0146115
-0.0145384
-0.0144657
-0.0143934
-0.0143214
-0.0142498
-0.0141786
-0.0141077
-0.0140371
-0.0139669
-0.0138971
-0.0138276
-0.0137585
-0.0136897
-0.0136212
-0.0135531
-0.0134854
-0.013418
-0.0133509
-0.0132841
-0.0132177
-0.0131516
-0.0130858
-0.0130204
-0.0129553
-0.0128905
-0.0128261
-0.012762
-0.0126981
-0.0126347
-0.0125715
-0.0125086
-0.0124461
-0.0123839
-0.0123219
-0.0122603
-0.012199
-0.012138
-0.0120773
-0.012017
-0.0119569
-0.0118971
-0.0118376
-0.0117784
-0.0117195
-0.0116609
-0.0116026
-0.0115446
-0.0114869
-0.0114295
-0.0113723
-0.0113154
-0.0112589
-0.0112026
-0.0111466
-0.0110908
-0.0110354
-0.0109802
-0.0109253
-0.0108707
-0.0108163
-0.0107622
-0.0107084
-0.0106549
-0.0106016
-0.0105486
-0.0104959
-0.0104434
-0.0103912
-0.0103392
-0.0102875
-0.0102361
-0.0101849
-0.010134
-0.0100833
-0.0100329
-0.00998273
-0.00993282
-0.00988316
-0.00983374
-0.00978457
-0.00973565
-0.00968697
-0.00963854
-0.00959035
-0.0095424
-0.00949468
-0.00944721
-0.00939998
-0.00935298
-0.00930621
-0.00925968
-0.00921338
-0.00916732
-0.00912148
-0.00907588
-0.0090305
-0.00898534
-0.00894042
-0.00889572
-0.00885124
-0.00880698
-0.00876295
-0.00871914
-0.00867554
-0.00863216
-0.008589
-0.00854606
-0.00850333
-0.00846081
-0.00841851
-0.00837642
-0.00833454
-0.00829286
-0.0082514
-0.00821014
-0.00816909
-0.00812825
-0.00808761
-0.00804717
-0.00800694
-0.0079669
-0.00792707
-0.00788743
-0.007848
-0.00780876
-0.00776972
-0.00773087
-0.00769221
-0.00765375
-0.00761548
-0.00757741
-0.00753952
-0.00750182
-0.00746432
-0.00742699
-0.00738986
-0.00735291
-0.00731615
-0.00727957
-0.00724317
-0.00720696
-0.00717092
-0.00713507
-0.00709939
-0.0070639
-0.00702858
-0.00699343
-0.00695847
-0.00692368
-0.00688906
-0.00685461
-0.00682034
-0.00678624
-0.00675231
-0.00671855
-0.00668496
-0.00665153
-0.00661828
-0.00658519
-0.00655226
-0.0065195
-0.0064869
-0.00645447
-0.0064222
-0.00639009
-0.00635814
-0.00632635
-0.00629472
-0.00626324
-0.00623193
-0.00620077
-0.00616976
-0.00613892
-0.00610822
-0.00607768
-0.00604729
-0.00601706
-0.00598697
-0.00595704
-0.00592726
-0.00589762
-0.00586813
-0.00583879
-0.0058096
-0.00578055
-0.00575165
-0.00572289
-0.00569428
-0.00566581
-0.00563748
-0.00560929
-0.00558125
-0.00555334
-0.00552557
-0.00549795
-0.00547046
-0.00544311
-0.00541589
-0.00538881
-0.00536187
-0.00533506
-0.00530839
-0.00528184
-0.00525544
-0.00522916
-0.00520301
-0.005177
-0.00515112
-0.00512536
-0.00509973
-0.00507424
-0.00504887
-0.00502362
-0.0049985
-0.00497351
-0.00494865
-0.0049239
-0.00489928
-0.00487479
-0.00485042
-0.00482616
-0.00480203
-0.00477802
-0.00475413
-0.00473036
-0.00470671
-0.00468318
-0.00465976
-0.00463647
-0.00461329
-0.00459022
-0.00456727
-0.00454443
-0.00452171
-0.0044991
-0.00447661
-0.00445423
-0.00443196
-0.0044098
-0.00438775
-0.00436581
-0.00434398
-0.00432226
-0.00430065
-0.00427915
-0.00425775
-0.00423647
-0.00421528
-0.00419421
-0.00417324
-0.00415237
-0.00413161
-0.00411095
-0.0040904
-0.00406995
-0.0040496
-0.00402935
-0.00400921
-0.00398916
-0.00396922
-0.00394937
-0.00392962
-0.00390998
-0.00389043
-0.00387098
-0.00385162
-0.00383236
-0.0038132
-0.00379414
-0.00377517
-0.00375629
-0.00373751
-0.00371882
-0.00370023
-0.00368173
-0.00366332
-0.00364501
-0.00362678
-0.00360865
-0.00359061
-0.00357265
-0.00355479
-0.00353702
-0.00351933
-0.00350174
-0.00348423
-0.00346681
-0.00344947
-0.00343223
-0.00341507
-0.00339799
-0.003381
-0.0033641
-0.00334728
-0.00333054
-0.00331389
-0.00329732
-0.00328084
-0.00326443
-0.00324811
-0.00323187
-0.00321571
-0.00319963
-0.00318364
-0.00316772
-0.00315188
-0.00313612
-0.00312044
-0.00310484
-0.00308932
-0.00307387
-0.0030585
-0.00304321
-0.003028
-0.00301286
-0.00299779
-0.0029828
-0.00296789
-0.00295305
-0.00293829
-0.0029236
-0.00290898
-0.00289444
-0.00287996
-0.00286556
-0.00285124
-0.00283698
-0.0028228
-0.00280868
-0.00279464
-0.00278067
-0.00276677
-0.00275293
-0.00273917
-0.00272547
-0.00271185
-0.00269829
-0.0026848
-0.00267137
-0.00265802
-0.00264473
-0.00263151
-0.00261835
-0.00260526
-0.00259223
-0.00257927
-0.00256638
-0.00255354
-0.00254078
-0.00252807
-0.00251543
-0.00250286
-0.00249034
-0.00247789
-0.0024655
-0.00245318
-0.00244091
-0.00242871
-0.00241656
-0.00240448
-0.00239246
-0.0023805
-0.0023686
-0.00235676
-0.00234497
-0.00233325
-0.00232158
-0.00230997
-0.00229843
-0.00228693
-0.0022755
-0.00226412
-0.0022528
-0.00224154
-0.00223033
-0.00221918
-0.00220809
-0.00219705
-0.00218606
-0.00217513
-0.00216426
-0.00215344
-0.00214267
-0.00213196
-0.0021213
-0.00211069
-0.00210014
-0.00208964
-0.00207919
-0.0020688
-0.00205845
-0.00204816
-0.00203792
-0.00202773
-0.00201759
-0.00200751
-0.00199747
-0.00198748
-0.00197755
-0.00196766
-0.00195782
-0.00194803
-0.00193829
-0.0019286
-0.00191896
-0.00190937
-0.00189982
-0.00189032
-0.00188087
-0.00187147
-0.00186211
-0.0018528
-0.00184354
-0.00183432
-0.00182515
-0.00181602
-0.00180694
-0.00179791
-0.00178892
-0.00177998
-0.00177108
-0.00176222
-0.00175341
-0.00174465
-0.00173592
-0.00172724
-0.00171861
-0.00171002
-0.00170147
-0.00169296
-0.0016845
-0.00167607
-0.0016677
-0.00165936
-0.00165106
-0.00164281
-0.00163459
-0.00162642
-0.00161829
-0.0016102
-0.00160215
-0.00159414
-0.00158617
-0.00157824
-0.00157035
-0.0015625
-0.00155468
-0.00154691
-0.00153918
-0.00153148
-0.00152382
-0.00151621
-0.00150863
-0.00150108
-0.00149358
-0.00148611
-0.00147868
-0.00147129
-0.00146393
-0.00145661
-0.00144933
-0.00144208
-0.00143488
-0.0014277
-0.00142056
-0.00141346
-0.00140639
-0.00139936
-0.00139237
-0.00138541
-0.00137848
-0.00137159
-0.00136473
-0.00135791
-0.00135112
-0.00134436
-0.00133764
-0.00133095
-0.0013243
-0.00131768
-0.00131109
-0.00130454
-0.00129801
-0.00129153
-0.00128507
-0.00127864
-0.00127225
-0.00126589
-0.00125956
-0.00125326
-0.001247
-0.00124076
-0.00123456
-0.00122839
-0.00122225
-0.00121614
-0.00121006
-0.00120401
-0.00119799
-0.001192
-0.00118604
-0.00118011
-0.00117421
-0.00116834
-0.0011625
-0.00115669
-0.0011509
-0.00114515
-0.00113942
-0.00113373
-0.00112806
-0.00112242
-0.00111681
-0.00111123
-0.00110567
-0.00110014
-0.00109464
-0.00108917
-0.00108372
-0.00107831
-0.00107291
-0.00106755
-0.00106221
-0.0010569
-0.00105162
-0.00104636
-0.00104113
-0.00103593
-0.00103075
-0.00102559
-0.00102047
-0.00101536
-0.00101029
-0.00100524
-0.00100021
-0.000995211
-0.000990236
-0.000985285
-0.00098036
-0.000975458
-0.000970582
-0.000965729
-0.000960901
-0.000956098
-0.000951318
-0.000946562
-0.000941829
-0.000937121
-0.000932436
-0.000927774
-0.000923136
-0.000918521
-0.000913929
-0.00090936
-0.000904814
-0.00090029
-0.000895789
-0.000891311
-0.000886855
-0.000882422
-0.00087801
-0.000873621
-0.000869253
-0.000864907
-0.000860583
-0.000856281
-0.000852
-0.000847741
-0.000843503
-0.000839286
-0.00083509
-0.000830915
-0.000826761
-0.000822628
-0.000818516
-0.000814424
-0.000810352
-0.000806301
-0.00080227
-0.000798259
-0.00079427
-0.000790299
-0.000786348
-0.000782416
-0.000778505
-0.000774613
-0.00077074
-0.000766887
-0.000763053
-0.000759239
-0.000755443
-0.000751666
-0.000747909
-0.00074417
-0.00074045
-0.000736748
-0.000733065
-0.0007294
-0.000725754
-0.000722125
-0.000718515
-0.000714923
-0.000711349
-0.000707793
-0.000704255
-0.000700734
-0.000697231
-0.000693746
-0.000690277
-0.000686827
-0.000683393
-0.000679977
-0.000676578
-0.000673195
-0.00066983
-0.000666481
-0.00066315
-0.000659834
-0.000656536
-0.000653254
-0.000649988
-0.000646739
-0.000643506
-0.000640289
-0.000637088
-0.000633903
-0.000630734
-0.000627581
-0.000624444
-0.000621322
-0.000618216
-0.000615125
-0.00061205
-0.000608991
-0.000605946
-0.000602917
-0.000599903
-0.000596904
-0.00059392
-0.000590951
-0.000587997
-0.000585058
-0.000582133
-0.000579223
-0.000576327
-0.000573446
-0.00057058
-0.000567727
-0.000564889
-0.000562066
-0.000559256
-0.00055646
-0.000553678
-0.000550911
-0.000548157
-0.000545417
-0.00054269
-0.000539977
-0.000537278
-0.000534592
-0.00053192
-0.000529261
-0.000526615
-0.000523983
-0.000521363
-0.000518757
-0.000516164
-0.000513584
-0.000511016
-0.000508462
-0.00050592
-0.000503391
-0.000500875
-0.000498371
-0.00049588
-0.000493401
-0.000490935
-0.00048848
-0.000486039
-0.000483609
-0.000481192
-0.000478786
-0.000476393
-0.000474012
-0.000471642
-0.000469284
-0.000466939
-0.000464605
-0.000462282
-0.000459971
-0.000457672
-0.000455384
-0.000453108
-0.000450843
-0.000448589
-0.000446347
-0.000444116
-0.000441896
-0.000439687
-0.000437489
-0.000435302
-0.000433126
-0.000430961
-0.000428807
-0.000426664
-0.000424531
-0.000422409
-0.000420298
-0.000418197
-0.000416106
-0.000414026
-0.000411957
-0.000409898
-0.000407849
-0.00040581
-0.000403782
-0.000401763
-0.000399755
-0.000397757
-0.000395769
-0.00039379
-0.000391822
-0.000389864
-0.000387915
-0.000385976
-0.000384047
-0.000382127
-0.000380217
-0.000378316
-0.000376425
-0.000374544
-0.000372672
-0.000370809
-0.000368956
-0.000367111
-0.000365276
-0.000363451
-0.000361634
-0.000359826
-0.000358028
-0.000356238
-0.000354458
-0.000352686
-0.000350923
-0.000349169
-0.000347424
-0.000345687
-0.00034396
-0.00034224
-0.00034053
-0.000338828
-0.000337134
-0.000335449
-0.000333772
-0.000332104
-0.000330444
-0.000328793
-0.000327149
-0.000325514
-0.000323887
-0.000322268
-0.000320658
-0.000319055
-0.00031746
-0.000315873
-0.000314295
-0.000312725
-0.000311161
-0.000309606
-0.000308058
-0.000306519
-0.000304986
-0.000303462
-0.000301945
-0.000300436
-0.000298935
-0.000297441
-0.000295954
-0.000294475
-0.000293003
-0.000291539
-0.000290082
-0.000288632
-0.000287189
-0.000285754
-0.000284326
-0.000282905
-0.000281491
-0.000280084
-0.000278684
-0.000277291
-0.000275905
-0.000274526
-0.000273154
-0.000271789
-0.000270431
-0.000269079
-0.000267734
-0.000266396
-0.000265065
-0.00026374
-0.000262422
-0.000261111
-0.000259806
-0.000258507
-0.000257215
-0.00025593
-0.000254651
-0.000253378
-0.000252112
-0.000250852
-0.000249598
-0.000248351
-0.000247109
-0.000245875
-0.000244646
-0.000243423
-0.000242207
-0.000240996
-0.000239792
-0.000238593
-0.000237401
-0.000236215
-0.000235034
-0.00023386
-0.000232691
-0.000231528
-0.000230371
-0.00022922
-0.000228074
-0.000226934
-0.0002258
-0.000224672
-0.000223549
-0.000222432
-0.00022132
-0.000220214
-0.000219114
-0.000218019
-0.000216929
-0.000215845
-0.000214767
-0.000213693
-0.000212625
-0.000211563
-0.000210506
-0.000209454
-0.000208407
-0.000207366
-0.000206329
-0.000205298
-0.000204272
-0.000203252
-0.000202236
-0.000201225
-0.00020022
-0.000199219
-0.000198224
-0.000197233
-0.000196248
-0.000195267
-0.000194291
-0.00019332
-0.000192354
-0.000191393
-0.000190437
-0.000189485
-0.000188538
-0.000187596
-0.000186659
-0.000185726
-0.000184798
-0.000183875
-0.000182956
-0.000182042
-0.000181132
-0.000180227
-0.000179326
-0.00017843
-0.000177539
-0.000176652
-0.000175769
-0.000174891
-0.000174017
-0.000173147
-0.000172282
-0.000171421
-0.000170565
-0.000169713
-0.000168865
-0.000168021
-0.000167181
-0.000166346
-0.000165515
-0.000164688
-0.000163865
-0.000163046
-0.000162232
-0.000161421
-0.000160615
-0.000159812
-0.000159014
-0.000158219
-0.000157429
-0.000156643
-0.00015586
-0.000155081
-0.000154306
-0.000153535
-0.000152768
-0.000152005
-0.000151245
-0.00015049
-0.000149738
-0.00014899
-0.000148245
-0.000147505
-0.000146768
-0.000146034
-0.000145305
-0.000144579
-0.000143857
-0.000143138
-0.000142423
-0.000141711
-0.000141003
-0.000140299
-0.000139598
-0.0001389
-0.000138206
-0.000137516
-0.000136829
-0.000136145
-0.000135465
-0.000134789
-0.000134115
-0.000133445
-0.000132779
-0.000132115
-0.000131455
-0.000130799
-0.000130145
-0.000129495
-0.000128848
-0.000128205
-0.000127564
-0.000126927
-0.000126293
-0.000125662
-0.000125034
-0.00012441
-0.000123788
-0.00012317
-0.000122555
-0.000121942
-0.000121333
-0.000120727
-0.000120124
-0.000119524
-0.000118927
-0.000118333
-0.000117742
-0.000117154
-0.000116569
-0.000115986
-0.000115407
-0.000114831
-0.000114257
-0.000113686
-0.000113118
-0.000112553
-0.000111991
-0.000111432
-0.000110875
-0.000110322
-0.00010977
-0.000109222
-0.000108677
-0.000108134
-0.000107594
-0.000107056
-0.000106522
-0.00010599
-0.00010546
-0.000104934
-0.000104409
-0.000103888
-0.000103369
-0.000102853
-0.000102339
-0.000101828
-0.000101319
-0.000100813
-0.00010031
-9.9809e-05
-9.93105e-05
-9.88146e-05
-9.83211e-05
-9.783e-05
-9.73415e-05
-9.68553e-05
-9.63716e-05
-9.58903e-05
-9.54115e-05
-9.4935e-05
-9.44609e-05
-9.39892e-05
-9.35206e-05
-9.30535e-05
-9.25886e-05
-9.21262e-05
-9.16661e-05
-9.12083e-05
-9.07527e-05
-9.02995e-05
-8.98485e-05
-8.93998e-05
-8.89533e-05
-8.85092e-05
-8.80673e-05
-8.76276e-05
-8.71901e-05
-8.67547e-05
-8.63216e-05
-8.58906e-05
-8.54617e-05
-8.50349e-05
-8.46103e-05
-8.41878e-05
-8.37674e-05
-8.3349e-05
-8.29328e-05
-8.25187e-05
-8.21066e-05
-8.16966e-05
-8.12887e-05
-8.08828e-05
-8.04789e-05
-8.00771e-05
-7.96773e-05
-7.92795e-05
-7.88837e-05
-7.84899e-05
-7.8098e-05
-7.77081e-05
-7.73201e-05
-7.69341e-05
-7.655e-05
-7.61679e-05
-7.57876e-05
-7.54093e-05
-7.50328e-05
-7.46582e-05
-7.42855e-05
-7.39147e-05
-7.35457e-05
-7.31785e-05
-7.28132e-05
-7.24497e-05
-7.20881e-05
-7.17282e-05
-7.13701e-05
-7.10139e-05
-7.06594e-05
-7.03067e-05
-6.99557e-05
-6.96065e-05
-6.92591e-05
-6.89133e-05
-6.85693e-05
-6.82271e-05
-6.78865e-05
-6.75477e-05
-6.72105e-05
-6.6875e-05
-6.65412e-05
-6.62091e-05
-6.58786e-05
-6.55498e-05
-6.52226e-05
-6.48971e-05
-6.45732e-05
-6.42509e-05
-6.39302e-05
-6.36111e-05
-6.32936e-05
-6.29777e-05
-6.26634e-05
-6.23507e-05
-6.20395e-05
-6.17299e-05
-6.14218e-05
-6.11153e-05
-6.08103e-05
-6.05068e-05
-6.02048e-05
-5.99044e-05
-5.96054e-05
-5.9308e-05
-5.9012e-05
-5.87175e-05
-5.84245e-05
-5.81329e-05
-5.78428e-05
-5.75542e-05
-5.7267e-05
-5.69812e-05
-5.66969e-05
-5.6414e-05
-5.61325e-05
-5.58524e-05
-5.55737e-05
-5.52964e-05
-5.50205e-05
-5.47459e-05
-5.44728e-05
-5.4201e-05
-5.39306e-05
-5.36615e-05
-5.33937e-05
-5.31273e-05
-5.28623e-05
-5.25985e-05
-5.23361e-05
-5.2075e-05
-5.18152e-05
-5.15567e-05
-5.12994e-05
-5.10435e-05
-5.07889e-05
-5.05355e-05
-5.02834e-05
-5.00325e-05
-4.97829e-05
-4.95346e-05
-4.92875e-05
-4.90416e-05
-4.8797e-05
-4.85535e-05
-4.83113e-05
-4.80703e-05
-4.78306e-05
-4.7592e-05
-4.73546e-05
-4.71184e-05
-4.68833e-05
-4.66495e-05
-4.64168e-05
-4.61853e-05
-4.59549e-05
-4.57257e-05
-4.54977e-05
-4.52707e-05
-4.50449e-05
-4.48203e-05
-4.45967e-05
-4.43743e-05
-4.4153e-05
-4.39328e-05
-4.37137e-05
-4.34972e-05
-4.32796e-05
-4.30637e-05
-4.2849e-05
-4.26353e-05
-4.24226e-05
-4.22109e-05
-4.20006e-05
-4.17912e-05
-4.15828e-05
-4.13754e-05
-4.1169e-05
-4.09637e-05
-4.07593e-05
-4.05561e-05
-4.03539e-05
-4.01527e-05
-3.99525e-05
-3.97533e-05
-3.95551e-05
-3.93579e-05
-3.91617e-05
-3.89664e-05
-3.87721e-05
-3.85788e-05
-3.83864e-05
-3.8195e-05
-3.80046e-05
-3.78152e-05
-3.76267e-05
-3.74392e-05
-3.72525e-05
-3.70668e-05
-3.6882e-05
-3.66982e-05
-3.65152e-05
-3.63332e-05
-3.61521e-05
-3.59718e-05
-3.57925e-05
-3.56141e-05
-3.54365e-05
-3.52598e-05
-3.50841e-05
-3.49092e-05
-3.47352e-05
-3.4562e-05
-3.43897e-05
-3.42183e-05
-3.40477e-05
-3.3878e-05
-3.37092e-05
-3.35412e-05
-3.3374e-05
-3.32077e-05
-3.30422e-05
-3.28776e-05
-3.27137e-05
-3.25507e-05
-3.23885e-05
-3.22271e-05
-3.20666e-05
-3.19068e-05
-3.17478e-05
-3.15896e-05
-3.14322e-05
-3.12756e-05
-3.11198e-05
-3.09648e-05
-3.08105e-05
-3.0657e-05
-3.05043e-05
-3.03523e-05
-3.02011e-05
-3.00507e-05
-2.9901e-05
-2.97521e-05
-2.96039e-05
-2.94564e-05
-2.93097e-05
-2.91637e-05
-2.90184e-05
-2.88739e-05
-2.87301e-05
-2.8587e-05
-2.84446e-05
-2.8303e-05
-2.8162e-05
-2.80218e-05
-2.78822e-05
-2.77434e-05
-2.76052e-05
-2.74678e-05
-2.7331e-05
-2.71949e-05
-2.70595e-05
-2.69247e-05
-2.67907e-05
-2.66573e-05
-2.65246e-05
-2.63925e-05
-2.62611e-05
-2.61303e-05
-2.60003e-05
-2.58708e-05
-2.5742e-05
-2.56139e-05
-2.54864e-05
-2.53595e-05
-2.52332e-05
-2.51076e-05
-2.49827e-05
-2.48583e-05
-2.47346e-05
-2.46115e-05
-2.4489e-05
-2.43671e-05
-2.42458e-05
-2.41251e-05
-2.4005e-05
-2.38856e-05
-2.37667e-05
-2.36484e-05
-2.35308e-05
-2.34137e-05
-2.32971e-05
-2.31812e-05
-2.30659e-05
-2.29511e-05
-2.28369e-05
-2.27233e-05
-2.26102e-05
-2.24977e-05
-2.23858e-05
-2.22744e-05
-2.21636e-05
-2.20533e-05
-2.19436e-05
-2.18345e-05
-2.17258e-05
-2.16178e-05
-2.15102e-05
-2.14032e-05
-2.12968e-05
-2.11908e-05
-2.10854e-05
-2.09806e-05
-2.08762e-05
-2.07724e-05
-2.06691e-05
-2.05663e-05
-2.0464e-05
-2.03623e-05
-2.0261e-05
-2.01603e-05
-2.006e-05
-1.99603e-05
-1.9861e-05
-1.97623e-05
-1.9664e-05
-1.95662e-05
-1.9469e-05
-1.93722e-05
-1.92759e-05
-1.918e-05
-1.90847e-05
-1.89898e-05
-1.88954e-05
-1.88015e-05
-1.87081e-05
-1.86151e-05
-1.85225e-05
-1.84305e-05
-1.83389e-05
-1.82478e-05
-1.81571e-05
-1.80668e-05
-1.79771e-05
-1.78877e-05
-1.77988e-05
-1.77104e-05
-1.76224e-05
-1.75348e-05
-1.74477e-05
-1.7361e-05
-1.72748e-05
-1.7189e-05
-1.71036e-05
-1.70186e-05
-1.69341e-05
-1.68499e-05
-1.67662e-05
-1.6683e-05
-1.66001e-05
-1.65177e-05
-1.64356e-05
-1.6354e-05
-1.62728e-05
-1.6192e-05
-1.61116e-05
-1.60315e-05
-1.59519e-05
-1.58727e-05
-1.57939e-05
-1.57155e-05
-1.56375e-05
-1.55598e-05
-1.54826e-05
-1.54057e-05
-1.53293e-05
-1.52532e-05
-1.51774e-05
-1.51021e-05
-1.50285e-05
-1.49542e-05
-1.488e-05
-1.48058e-05
-1.47318e-05
-1.46584e-05
-1.45856e-05
-1.45132e-05
-1.44412e-05
-1.43695e-05
-1.42982e-05
-1.42273e-05
-1.41567e-05
-1.40864e-05
-1.40166e-05
-1.3947e-05
-1.38778e-05
-1.3809e-05
-1.37405e-05
-1.36724e-05
-1.36045e-05
-1.35371e-05
-1.34699e-05
-1.34031e-05
-1.33366e-05
-1.32705e-05
-1.32046e-05
-1.31391e-05
-1.3074e-05
-1.30092e-05
-1.29447e-05
-1.28805e-05
-1.28167e-05
-1.27531e-05
-1.26899e-05
-1.2627e-05
-1.25644e-05
-1.25021e-05
-1.24402e-05
-1.23785e-05
-1.23172e-05
-1.22561e-05
-1.21954e-05
-1.21349e-05
-1.20748e-05
-1.20149e-05
-1.19554e-05
-1.18961e-05
-1.18372e-05
-1.17785e-05
-1.17202e-05
-1.16621e-05
-1.16043e-05
-1.15469e-05
-1.14897e-05
-1.14327e-05
-1.13761e-05
-1.13198e-05
-1.12637e-05
-1.12079e-05
-1.11524e-05
-1.10972e-05
-1.10422e-05
-1.09876e-05
-1.09332e-05
-1.0879e-05
-1.08252e-05
-1.07716e-05
-1.07183e-05
-1.06652e-05
-1.06124e-05
-1.05599e-05
-1.05076e-05
-1.04556e-05
-1.04039e-05
-1.03524e-05
-1.03012e-05
-1.02502e-05
-1.01995e-05
-1.01491e-05
-1.00989e-05
-1.00489e-05
-9.99922e-06
