0.781346
0.750743
0.730715
0.717767
0.717061
0.725726
0.720994
0.716979
0.715606
0.729848
0.720063
0.715025
0.716849
0.722842
0.723612
0.718343
0.722178
0.712968
0.727703
0.717196
0.710779
0.725244
0.737104
0.72426
0.718693
0.717065
0.719318
0.720605
0.723045
0.714955
0.715921
0.720266
0.72362
0.713724
0.728939
0.735898
0.719014
0.727561
0.724336
0.721236
0.722825
0.716272
0.713898
0.719562
0.714875
0.731789
0.734714
0.719974
0.718584
0.723436
0.723622
0.72552
0.720612
0.715198
0.71525
0.721066
0.720198
0.722124
0.716691
0.715161
0.718608
0.718046
0.725666
0.712409
0.721071
0.718407
0.720445
0.713677
0.727088
0.713299
0.721911
0.715728
0.729342
0.720963
0.719665
0.714594
0.716988
0.73042
0.713322
0.723826
0.719302
0.71858
0.713186
0.723973
0.719166
0.722725
0.728462
0.722257
0.718127
0.714845
0.724006
0.716114
0.726036
0.725953
0.728667
0.731777
0.725395
0.720451
0.720429
0.719466
0.719234
0.713429
0.715152
0.716102
0.722187
0.719693
0.720456
0.712998
0.715517
0.717725
0.71622
0.708852
0.710392
0.707369
0.71924
0.722607
0.713453
0.7145
0.714452
0.713124
0.71869
0.715759
0.714172
0.714063
0.710444
0.718849
0.714806
0.716401
0.713542
0.722589
0.712982
0.721544
0.708849
0.708299
0.715431
0.72527
0.708247
0.717432
0.711453
0.711237
0.717722
0.732369
0.713178
0.72002
0.714846
0.705582
0.713149
0.716346
0.709273
0.70982
0.708054
0.718461
0.71282
0.712123
0.720283
0.716304
0.708126
0.715332
0.725281
0.710728
0.712276
0.723086
0.708264
0.72308
0.718131
0.703811
0.708047
0.714774
0.70852
0.715614
0.714087
0.719994
0.708723
0.720506
0.720349
0.712287
0.718795
0.714881
0.70691
0.715628
0.713422
0.718332
0.70969
0.722358
0.709756
0.715012
0.711952
0.708038
0.710748
0.709998
0.726603
0.711649
0.714679
0.713462
0.719187
0.710735
0.706094
0.703073
0.712584
0.708007
0.71142
0.714062
0.716509
0.708691
0.707368
0.709903
0.71413
0.705234
0.71146
0.707712
0.710358
0.714421
0.704555
0.710842
0.707761
0.716443
0.708652
0.713777
0.704433
0.713158
0.702149
0.713612
0.704957
0.706538
0.703118
0.707746
0.710761
0.705545
0.704907
0.713998
0.713144
0.707115
0.709665
0.713347
0.708197
0.708807
0.720616
0.713269
0.708868
0.716469
0.707537
0.713886
0.708945
0.719179
0.724765
0.702696
0.714681
0.706383
0.720522
0.721323
0.708264
0.716909
0.713547
0.706695
0.705358
0.702615
0.709841
0.701547
0.707702
0.70268
0.704238
0.712668
0.713028
0.718722
0.709779
0.712386
0.714709
0.705017
0.715513
0.706113
0.720944
0.705286
0.704596
0.711588
0.705748
0.715604
0.704959
0.705425
0.709622
0.711087
0.710275
0.710066
0.711527
0.707631
0.709873
0.710121
0.722048
0.714826
0.702421
0.713323
0.71535
0.702583
0.707595
0.712299
0.708915
0.712512
0.709745
0.712758
0.703371
0.706957
0.71185
0.719105
0.709669
0.710693
0.707816
0.710698
0.702016
0.703844
0.718337
0.714992
0.706456
0.704411
0.698459
0.705545
0.70207
0.693658
0.711534
0.705891
0.707325
0.700113
0.709172
0.710552
0.70589
0.698005
0.706779
0.700286
0.706279
0.700484
0.709187
0.70205
0.705526
0.706401
0.709236
0.709689
0.708011
0.702507
0.708867
0.704741
0.711679
0.705774
0.706448
0.710453
0.704222
0.698928
0.69415
0.694437
0.704023
0.699933
0.711098
0.69824
0.697553
0.703553
0.705126
0.704474
0.702932
0.702866
0.705802
0.707333
0.69985
0.707349
0.701774
0.709409
0.704894
0.704381
0.710964
0.701282
0.699914
0.699959
0.708319
0.705714
0.704681
0.703467
0.710476
0.696288
0.708334
0.698837
0.703253
0.702227
0.70464
0.698576
0.705195
0.707064
0.702215
0.700171
0.704086
0.701451
0.707392
0.696143
0.708393
0.699457
0.704401
0.69544
0.704577
0.69346
0.705231
0.711516
0.699263
0.700616
0.69744
0.708281
0.687258
0.69958
0.696326
0.698708
0.699864
0.696739
0.702162
0.694471
0.701038
0.695543
0.692087
0.701425
0.697813
0.699579
0.701178
0.698405
0.692566
0.705458
0.715273
0.714681
0.705533
0.692182
0.699936
0.705051
0.696623
0.695599
0.699731
0.693585
0.708569
0.703438
0.706775
0.696239
0.699739
0.705379
0.694736
0.699809
0.706055
0.694058
0.700311
0.699542
0.687964
0.701236
0.686799
0.687981
0.694756
0.694505
0.695465
0.688426
0.696051
0.686172
0.697956
0.69283
0.698507
0.690527
0.69053
0.69959
0.69022
0.698017
0.703157
0.699866
0.6928
0.695315
0.69569
0.696157
0.685163
0.691613
0.688185
0.70151
0.694075
0.691171
0.689478
0.690054
0.691969
0.697531
0.685241
0.689614
0.699563
0.687363
0.688782
0.686311
0.688858
0.693733
0.698063
0.700466
0.691145
0.693566
0.699404
0.693857
0.694469
0.695974
0.705234
0.69987
0.69227
0.6917
0.693099
0.687488
0.713946
0.715471
0.694321
0.692746
0.689416
0.686823
0.712758
0.702081
0.691121
0.685347
0.696551
0.697492
0.690272
0.692575
0.700888
0.692169
0.695537
0.692346
0.693757
0.689477
0.687812
0.694222
0.693117
0.688301
0.683357
0.689304
0.696923
0.699159
0.689352
0.696166
0.695426
0.691887
0.696597
0.70188
0.68613
0.694275
0.691141
0.687183
0.694433
0.690567
0.685989
0.694359
0.690796
0.686471
0.694193
0.69005
0.686246
0.694521
0.69067
0.686265
0.694567
0.692871
0.686518
0.688817
0.685452
0.68111
0.688863
0.685246
0.681316
0.688941
0.684887
0.680835
0.689251
0.685356
0.681161
0.688647
0.685405
0.680806
0.689094
0.685304
0.680435
0.68845
0.685815
0.682237
0.688881
0.685019
0.680507
0.689012
0.684855
0.681498
0.689104
0.685433
0.681584
0.689097
0.685253
0.680751
0.689243
0.685401
0.682838
0.68882
0.685108
0.681012
0.689302
0.685364
0.680434
0.688572
0.68539
0.681442
0.688724
0.679871
0.67547
0.683438
0.680154
0.675697
0.683865
0.679248
0.675733
0.683885
0.682195
0.678443
0.683366
0.679752
0.675653
0.683296
0.679979
0.67555
0.683922
0.680164
0.676463
0.682961
0.679653
0.675035
0.684531
0.680414
0.675809
0.683042
0.680197
0.675983
0.683686
0.679437
0.675676
0.684027
0.679806
0.675601
0.683654
0.679344
0.675589
0.683778
0.679445
0.675927
0.683391
0.680127
0.675996
0.683585
0.679799
0.677064
0.683543
0.679955
0.67602
0.683355
0.679511
0.675487
0.683738
0.67964
0.675323
0.683236
0.679987
0.675647
0.683406
0.679772
0.675393
0.683738
0.680194
0.675704
0.683726
0.679681
0.677625
0.683875
0.679775
0.675776
0.683788
0.680119
0.675755
0.683538
0.679838
0.675608
0.683764
0.679795
0.675409
0.68337
0.683529
0.676273
0.683697
0.679913
0.675786
0.683121
0.67989
0.675808
0.683419
0.679852
0.675594
0.683602
0.680166
0.67605
0.684061
0.679297
0.675643
0.683585
0.679722
0.675351
0.683416
0.68017
0.675982
0.683706
0.679787
0.675622
0.684043
0.680241
0.675818
0.683384
0.679342
0.675215
0.678567
0.67444
0.670509
0.67808
0.674614
0.671133
0.677603
0.674504
0.67012
0.678065
0.674912
0.67056
0.679868
0.674269
0.670123
0.678192
0.674283
0.670184
0.678358
0.67447
0.671159
0.678409
0.67449
0.670674
0.678477
0.675097
0.670377
0.678269
0.674156
0.67056
0.678504
0.674277
0.66994
0.677732
0.674878
0.670646
0.67823
0.674578
0.670609
0.67821
0.67515
0.671184
0.678614
0.673917
0.670184
0.678489
0.673894
0.67055
0.678399
0.674862
0.670539
0.677985
0.674607
0.670273
0.678129
0.674653
0.670402
0.67782
0.674106
0.670477
0.678129
0.674329
0.670136
0.678113
0.674704
0.670555
0.678149
0.674583
0.670776
0.678311
0.677356
0.670228
0.678605
0.673903
0.670159
0.678353
0.673908
0.670429
0.678676
0.669042
0.665317
0.672761
0.669042
0.664679
0.673438
0.668857
0.665029
0.672488
0.668329
0.664782
0.673544
0.66896
0.665153
0.672866
0.669161
0.66566
0.672635
0.668715
0.664488
0.67339
0.668993
0.665302
0.673215
0.66849
0.665113
0.672821
0.668657
0.664759
0.672905
0.668952
0.665261
0.673022
0.668891
0.665145
0.673175
0.669
0.665206
0.672503
0.668642
0.664384
0.673049
0.668724
0.664663
0.672598
0.668967
0.66538
0.67267
0.668648
0.665254
0.674192
0.668999
0.66474
0.673046
0.668359
0.664591
0.673505
0.668523
0.665288
0.673005
0.66887
0.665563
0.672966
0.668875
0.664658
0.673391
0.669615
0.66531
0.672608
0.668851
0.664615
0.672753
0.670731
0.664773
0.673121
0.669176
0.665498
0.673121
0.668935
0.665363
0.672804
0.669232
0.664605
0.67335
0.668498
0.66495
0.673222
0.668599
0.665808
0.672454
0.66887
0.665131
0.67332
0.66869
0.660674
0.668088
0.663833
0.659676
0.667269
0.663137
0.659482
0.668014
0.66365
0.659343
0.667802
0.663781
0.65973
0.667712
0.664124
0.662078
0.667916
0.663575
0.659933
0.667665
0.663037
0.659631
0.667496
0.663398
0.659502
0.66786
0.663708
0.660047
0.66777
0.663751
0.659995
0.667921
0.663804
0.659726
0.667586
0.663505
0.659603
0.667743
0.663615
0.659699
0.667484
0.663782
0.659716
0.667852
0.663778
0.659753
0.667782
0.66411
0.659395
0.667753
0.663639
0.659992
0.669996
0.663134
0.65997
0.668069
0.664084
0.660187
0.667173
0.664208
0.659721
0.667732
0.663746
0.66032
0.667522
0.663514
0.659636
0.667801
0.66379
0.65938
0.667595
0.663582
0.660479
0.668027
0.660466
0.654253
0.662011
0.658438
0.654035
0.662805
0.657738
0.65462
0.662644
0.658318
0.65469
0.662043
0.658266
0.654372
0.662425
0.658646
0.65477
0.662604
0.658319
0.65501
0.662109
0.657608
0.654278
0.662649
0.65808
0.65409
0.662168
0.658761
0.654937
0.662581
0.657826
0.654318
0.66254
0.658094
0.655242
0.662324
0.657676
0.654085
0.662443
0.658033
0.654368
0.662766
0.658328
0.65474
0.661939
0.657978
0.654273
0.662018
0.658245
0.654696
0.662124
0.657853
0.655664
0.662685
0.658092
0.654002
0.66209
0.658313
0.654622
0.663689
0.65826
0.654671
0.662411
0.658279
0.654495
0.662346
0.662289
0.654077
0.662389
0.657421
0.654707
0.662472
0.658509
0.654751
0.662412
0.658146
0.654573
0.663033
0.652602
0.649099
0.656637
0.652499
0.649184
0.656939
0.652174
0.648755
0.656685
0.652816
0.649354
0.657298
0.653041
0.64913
0.656914
0.653101
0.648644
0.657119
0.652446
0.649189
0.657044
0.652312
0.649161
0.656616
0.65264
0.649331
0.657552
0.652717
0.64898
0.657131
0.653079
0.649303
0.656821
0.652755
0.649239
0.657322
0.652242
0.649743
0.660171
0.647173
0.644387
0.653126
0.647571
0.643536
0.651585
0.647037
0.644158
0.651239
0.648046
0.644106
0.651445
0.646722
0.643517
0.651864
0.647168
0.644531
0.651272
0.647634
0.644293
0.65164
0.647269
0.643613
0.651674
0.647249
0.643615
0.651884
0.647255
0.643385
0.651323
0.647515
0.643891
0.651806
0.647317
0.643918
0.651841
0.647247
0.643618
0.651583
0.647135
0.643502
0.651631
0.646949
0.644175
0.651396
0.64747
0.644078
0.652658
0.647469
0.643837
0.651731
0.647361
0.643729
0.651854
0.647071
0.643804
0.651357
0.646834
0.643661
0.651555
0.647371
0.644224
0.654406
0.647835
0.643832
0.651649
0.647408
0.643237
0.652224
0.64703
0.644043
0.651533
0.646762
0.643956
0.65171
0.647423
0.64345
0.651984
0.647375
0.643947
0.651599
0.647403
0.643752
0.651174
0.647479
0.643812
0.651882
0.64683
0.643983
0.651668
0.647318
0.644142
0.651778
0.647617
0.643435
0.651713
0.647293
0.643744
0.651678
0.646942
0.646365
0.651991
0.646906
0.643666
0.651279
0.64736
0.63933
0.646252
0.642382
0.638837
0.646235
0.64222
0.638112
0.646483
0.6416
0.638179
0.646528
0.641863
0.638892
0.646109
0.642361
0.638933
0.648967
0.642568
0.638859
0.646114
0.642039
0.638247
0.646102
0.641669
0.638753
0.646668
0.641334
0.638449
0.646864
0.642271
0.638782
0.646563
0.642879
0.638269
0.646441
0.64162
0.638173
0.646737
0.641752
0.638788
0.645961
0.641788
0.638448
0.646283
0.64194
0.638826
0.641299
0.636571
0.633195
0.641186
0.636654
0.633144
0.640925
0.636156
0.633914
0.640942
0.636092
0.633736
0.640635
0.636492
0.63326
0.640799
0.636393
0.63356
0.640952
0.636485
0.633154
0.640708
0.636252
0.633102
0.640965
0.635962
0.633406
0.640824
0.636363
0.634155
0.640716
0.639621
0.632928
0.641124
0.636375
0.633585
0.641042
0.636049
0.633376
0.640681
0.63619
0.633128
0.641301
0.636472
0.633277
0.640893
0.637684
0.633715
0.641179
0.636237
0.632667
0.641331
0.636289
0.633226
0.641464
0.635893
0.633374
0.640708
0.636761
0.633107
0.641068
0.636963
0.633123
0.641006
0.636652
0.633544
0.641022
0.636138
0.632835
0.640951
0.636054
0.632948
0.640657
0.63663
0.633386
0.640737
0.636399
0.633488
0.640644
0.636391
0.63319
0.640987
0.636105
0.633504
0.641694
0.635942
0.633457
0.640739
0.636342
0.633323
0.640769
0.636653
0.635327
0.640904
0.636645
0.632801
0.641362
0.636138
0.633206
0.641303
0.636015
0.633249
0.640973
0.637902
0.63349
0.640756
0.636758
0.63362
0.641386
0.636247
0.633018
0.640879
0.636237
0.627713
0.635751
0.630719
0.627615
0.636043
0.631133
0.62838
0.635307
0.63112
0.628551
0.636099
0.63108
0.628118
0.635714
0.631137
0.627751
0.635914
0.630573
0.627893
0.635539
0.630902
0.627808
0.635407
0.631559
0.628136
0.635894
0.630994
0.627716
0.635929
0.630576
0.628413
0.63583
0.630548
0.627553
0.635471
0.631205
0.627915
0.635766
0.630877
0.627824
0.63611
0.632926
0.627902
0.635753
0.630731
0.627573
0.630502
0.625166
0.62327
0.630226
0.626288
0.622269
0.63001
0.625747
0.622369
0.63081
0.626074
0.622286
0.630497
0.625565
0.622498
0.630045
0.625785
0.622245
0.63
0.625351
0.622714
0.630287
0.625888
0.622434
0.630422
0.625816
0.621936
0.630579
0.625262
0.622799
0.630362
0.625487
0.622772
0.629826
0.625436
0.622613
0.630392
0.625768
0.622531
0.630204
0.626191
0.622482
0.630556
0.625551
0.62248
0.630593
0.625101
0.622305
0.630134
0.625535
0.623034
0.630171
0.625929
0.622349
0.630049
0.625543
0.624303
0.631237
0.625014
0.622706
0.630025
0.625198
0.622332
0.630508
0.626243
0.622924
0.630101
0.626555
0.622134
0.630183
0.625628
0.622715
0.630719
0.625275
0.622475
0.630509
0.625325
0.622606
0.630172
0.62576
0.622683
0.630101
0.625913
0.622696
0.630585
0.625807
0.622779
0.631672
0.62553
0.622735
0.630287
0.625131
0.622675
0.633526
0.625355
0.622962
0.629806
0.625456
0.622388
0.63038
0.626296
0.622538
0.630267
0.625498
0.622826
0.630174
0.625208
0.621925
0.630018
0.625694
0.622783
0.630489
0.625637
0.622262
0.630248
0.625304
0.622552
0.630476
0.628281
0.622577
0.630668
0.625271
0.622561
0.62972
0.625858
0.622763
0.630029
0.625385
0.622341
0.63018
0.625627
0.622384
0.630265
0.625792
0.622959
0.630663
0.625275
0.622501
0.630396
0.625528
0.617272
0.624754
0.620378
0.616874
0.624783
0.62006
0.617505
0.625235
0.620107
0.617481
0.625154
0.619961
0.617202
0.625099
0.620297
0.617234
0.625041
0.620494
0.617287
0.624821
0.620501
0.617328
0.625001
0.62017
0.617328
0.6252
0.619809
0.617198
0.624586
0.620375
0.611449
0.619539
0.61462
0.611799
0.619344
0.61518
0.612062
0.619589
0.614278
0.611567
0.620549
0.616253
0.612152
0.619483
0.61471
0.612108
0.619527
0.615182
0.611601
0.620056
0.614808
0.611772
0.61986
0.615015
0.611749
0.61987
0.615239
0.61187
0.619411
0.615159
0.611941
0.619668
0.615283
0.611796
0.61952
0.6149
0.611603
0.61976
0.61472
0.611716
0.619586
0.614732
0.611784
0.619418
0.615175
0.611513
0.619418
0.614681
0.611896
0.619616
0.614764
0.612146
0.619581
0.61472
0.611961
0.619682
0.61449
0.612081
0.61986
0.614782
0.612237
0.619195
0.614765
0.611718
0.619768
0.614836
0.61167
0.62008
0.614666
0.612031
0.619327
0.614388
0.612042
0.62205
0.615012
0.611979
0.61966
0.614831
0.612166
0.61986
0.615372
0.611264
0.620174
0.614571
0.611599
0.619726
0.614787
0.611909
0.620003
0.615475
0.612
0.619639
0.614788
0.611775
0.620002
0.614897
0.611675
0.619661
0.614758
0.611697
0.619873
0.614199
0.611882
0.619587
0.61631
0.612092
0.619339
0.609514
0.606156
0.613841
0.609181
0.606514
0.614494
0.608956
0.606611
0.614448
0.60925
0.606362
0.614866
0.609136
0.607055
0.614259
0.609778
0.606509
0.614063
0.609239
0.606113
0.61444
0.609229
0.606585
0.614528
0.608983
0.606749
0.613865
0.60952
0.606476
0.616717
0.609336
0.606276
0.614334
0.609516
0.606576
0.614337
0.609546
0.606216
0.614591
0.608845
0.606558
0.614572
0.609633
0.606635
0.614297
0.609666
0.606066
0.614127
0.609218
0.606561
0.614213
0.609657
0.606185
0.614221
0.609097
0.606163
0.61445
0.609444
0.60662
0.614156
0.609763
0.606549
0.614958
0.609732
0.60635
0.614274
0.609192
0.606672
0.614494
0.609005
0.606694
0.613962
0.609526
0.600969
0.608696
0.604197
0.600892
0.609321
0.604065
0.600974
0.608916
0.603626
0.600944
0.609317
0.603465
0.601135
0.609077
0.604085
0.601339
0.609205
0.604125
0.600803
0.609496
0.60575
0.601372
0.609079
0.604007
0.601259
0.608689
0.603702
0.60094
0.608775
0.603895
0.601405
0.603488
0.59867
0.59569
0.603523
0.599176
0.596022
0.604056
0.598299
0.59573
0.603656
0.598094
0.596296
0.603415
0.598342
0.596055
0.603583
0.598344
0.595153
0.603584
0.598807
0.595767
0.603677
0.598305
0.595971
0.603558
0.598274
0.595974
0.604367
0.59851
0.595804
0.603208
0.59851
0.595707
0.603443
0.598823
0.595965
0.604359
0.598597
0.596111
0.603796
0.598292
0.595632
0.603754
0.598561
0.596001
0.603606
0.599032
0.595804
0.603381
0.598861
0.595725
0.60447
0.599698
0.597286
0.603729
0.598369
0.596535
0.603561
0.598422
0.596091
0.603741
0.598728
0.595703
0.603554
0.598704
0.596104
0.60355
0.598507
0.595881
0.603498
0.598196
0.596323
0.603775
0.598848
0.596159
0.603414
0.598901
0.596119
0.603769
0.598451
0.595575
0.603838
0.598424
0.596065
0.603688
0.59834
0.595838
0.603944
0.598396
0.596266
0.603447
0.599013
0.595901
0.603625
0.598811
0.59541
0.6042
0.598397
0.595529
0.603582
0.598515
0.596012
0.603351
0.59848
0.595476
0.603593
0.598426
0.595866
0.603938
0.598822
0.595956
0.603694
0.598177
0.595773
0.603525
0.598268
0.596969
0.604631
0.59841
0.596163
0.603542
0.599099
0.595716
0.603532
0.598601
0.596054
0.603732
0.598309
0.596104
0.603857
0.598089
0.596073
0.604037
0.598695
0.596522
0.6037
0.598423
0.595675
0.603277
0.598628
0.595732
0.603583
0.598554
0.595626
0.603912
0.598287
0.595827
0.60349
0.598623
0.595967
0.603324
0.59887
0.595414
0.598548
0.593614
0.590361
0.598269
0.593209
0.590394
0.598531
0.593135
0.590597
0.598161
0.59344
0.590677
0.597901
0.593269
0.590121
0.593199
0.587738
0.585352
0.592956
0.587807
0.585249
0.593037
0.587434
0.585023
0.592695
0.587674
0.585655
0.592816
0.590754
0.585291
0.592734
0.588153
0.58532
0.59324
0.591072
0.585053
0.593124
0.587146
0.585402
0.592598
0.587679
0.585313
0.592746
0.587775
0.586348
0.592876
0.587744
0.585217
0.592982
0.587681
0.585191
0.593444
0.587613
0.585172
0.592881
0.587596
0.585435
0.59279
0.588158
0.585179
0.593051
0.5876
0.584888
0.592797
0.587865
0.585222
0.593072
0.587501
0.585619
0.592986
0.587652
0.585613
0.592704
0.588013
0.585548
0.592516
0.587806
0.585058
0.593223
0.587931
0.585272
0.593006
0.587411
0.585988
0.592988
0.58776
0.585314
0.592852
0.587913
0.585076
0.592811
0.587999
0.585453
0.594595
0.58776
0.585052
0.592989
0.587478
0.585706
0.592993
0.588243
0.585675
0.592402
0.587996
0.585146
0.59281
0.587856
0.585391
0.593044
0.588132
0.584875
0.593318
0.587361
0.585167
0.592523
0.587613
0.585424
0.593041
0.587838
0.585057
0.592641
0.587748
0.58469
0.592849
0.587428
0.585645
0.593053
0.587471
0.585378
0.592527
0.587971
0.585513
0.592424
0.587721
0.585242
0.59301
0.587772
0.585297
0.592763
0.587685
0.58558
0.593106
0.587414
0.585043
0.592963
0.587967
0.58514
0.592885
0.588039
0.585055
0.592896
0.587498
0.585256
0.592828
0.587862
0.585541
0.592707
0.588495
0.586463
0.593085
0.587633
0.584825
0.592615
0.588076
0.585137
0.592904
0.587938
0.584564
0.593172
0.587527
0.58553
0.592577
0.587423
0.58511
0.593509
0.587567
0.585225
0.592843
0.587822
0.585321
0.593011
0.58792
0.585057
0.593113
0.587651
0.585104
0.592919
0.587437
0.585257
0.593075
0.587957
0.58557
0.587364
0.582395
0.579236
0.58725
0.58213
0.582312
0.58766
0.581762
0.57992
0.587401
0.581813
0.579499
0.587446
0.583285
0.58011
0.587825
0.582497
0.580099
0.587192
0.582474
0.579843
0.58252
0.576588
0.57439
0.582326
0.576407
0.574452
0.581792
0.576864
0.574806
0.582268
0.57843
0.575838
0.582054
0.57708
0.574414
0.582082
0.576813
0.574258
0.582424
0.576752
0.574682
0.582133
0.576912
0.574827
0.581986
0.577178
0.574532
0.582061
0.577306
0.574805
0.582089
0.576948
0.574453
0.582132
0.576897
0.573952
0.582505
0.577
0.574652
0.581774
0.577221
0.57435
0.581993
0.578462
0.574337
0.582362
0.576961
0.574677
0.581695
0.576656
0.574731
0.581398
0.576894
0.574256
0.582057
0.576978
0.574468
0.582246
0.577143
0.574466
0.58205
0.576582
0.574432
0.582104
0.576337
0.574918
0.581918
0.576803
0.574816
0.58208
0.577513
0.574488
0.582369
0.576785
0.574929
0.58221
0.578895
0.57559
0.582378
0.576655
0.574654
0.582079
0.576853
