684.124
128.587
195.284
231.471
234.22
248.276
232.122
267.423
201.357
247.187
116.443
147.598
192.38
188.649
169.293
150.902
136.261
67.6056
22.9384
57.2574
86.017
87.0946
78.779
68.8783
60.2842
53.5243
48.4842
44.5377
41.0176
37.9425
35.3101
32.7827
30.5997
28.4448
26.5068
24.7801
23.076
21.5764
20.182
18.8777
17.6703
16.5353
15.5297
14.5388
13.6409
12.8248
12.0368
11.3368
10.6979
10.057
9.48322
8.95628
8.44518
8.0036
7.52908
7.11122
6.73921
6.40521
6.05471
5.74103
5.45494
5.16914
4.93597
4.68181
4.46904
4.24915
4.03263
3.86681
3.69358
3.52855
3.35664
3.21931
3.10065
2.95877
2.84562
2.70597
2.6238
2.5238
2.41759
2.33921
2.24219
2.15181
2.08528
2.02572
1.95914
1.8937
1.83358
1.78096
1.73341
1.6662
1.63005
1.57987
1.56506
1.49878
1.481
1.45938
1.4076
1.35963
1.35765
1.31436
1.27113
1.26406
1.24359
1.19937
1.2054
1.18232
1.16092
1.13137
1.13303
1.11201
1.08915
1.08179
1.06133
1.03605
1.04776
1.0296
1.01958
1.02048
0.999149
0.997243
0.980997
0.979995
0.976207
0.954373
0.95064
0.960292
0.933273
0.934692
0.931531
0.940531
0.9311
0.917631
0.905236
0.903445
0.91101
0.920768
0.905637
0.890716
0.885329
0.88546
0.891298
0.90559
0.887219
0.893866
0.888249
0.856751
0.886608
0.867519
0.862459
0.86123
0.882778
0.869538
0.863674
0.865239
0.871551
0.867391
0.85911
0.866718
0.876668
0.863308
0.863368
0.875561
0.859292
0.873885
0.869354
0.856489
0.859674
0.865993
0.859983
0.866559
0.865234
0.870948
0.859938
0.871651
0.871686
0.863796
0.869899
0.866538
0.858009
0.867029
0.864513
0.869513
0.860902
0.875009
0.86064
0.866758
0.863022
0.859139
0.861754
0.860929
0.877489
0.862934
0.865624
0.864966
0.870098
0.863281
0.857354
0.853808
0.863987
0.859297
0.862655
0.865954
0.869452
0.859927
0.858857
0.860717
0.865231
0.856266
0.864719
0.858748
0.861685
0.867128
0.855955
0.863578
0.858617
0.867825
0.859789
0.866758
0.855738
0.864234
0.85315
0.864555
0.85647
0.857648
0.854291
0.858958
0.861963
0.856729
0.855879
0.865036
0.864261
0.85843
0.860698
0.864691
0.859286
0.860133
0.871629
0.864315
0.860063
0.867381
0.860254
0.864985
0.860964
0.870581
0.877223
0.854072
0.865632
0.857469
0.872897
0.872339
0.859289
0.869206
0.864839
0.857759
0.856419
0.853797
0.861037
0.8532
0.858798
0.853854
0.856849
0.863623
0.864126
0.870518
0.860919
0.864594
0.865961
0.856242
0.866926
0.857149
0.873485
0.856646
0.855673
0.862628
0.856899
0.866873
0.855868
0.857228
0.860431
0.862234
0.861251
0.861334
0.863659
0.859513
0.861004
0.86184
0.877848
0.866359
0.855083
0.864728
0.866434
0.853526
0.858827
0.863287
0.85978
0.865185
0.860838
0.863724
0.85417
0.857924
0.863562
0.872023
0.861178
0.862148
0.859328
0.861776
0.854355
0.855039
0.87073
0.866399
0.857304
0.855803
0.849909
0.856378
0.853062
0.84486
0.863209
0.856915
0.85898
0.851414
0.861812
0.862005
0.856877
0.849381
0.859361
0.85116
0.857188
0.85142
0.860113
0.852958
0.856602
0.857457
0.861736
0.860636
0.859151
0.854339
0.859921
0.85775
0.862688
0.857122
0.858291
0.861013
0.856966
0.850021
0.845069
0.845443
0.855187
0.852712
0.863911
0.849521
0.850302
0.856244
0.857967
0.855887
0.854181
0.853989
0.856829
0.858809
0.851445
0.858432
0.85431
0.860509
0.855797
0.856118
0.861909
0.852597
0.851038
0.851133
0.859781
0.856621
0.855727
0.854754
0.861686
0.847787
0.859525
0.849767
0.855093
0.853668
0.855835
0.849467
0.856452
0.858458
0.853729
0.85106
0.855174
0.852472
0.859956
0.847053
0.861117
0.851976
0.8557
0.848252
0.857734
0.84498
0.856659
0.86293
0.850259
0.851777
0.849923
0.859051
0.83867
0.850621
0.847603
0.849687
0.850985
0.847782
0.853217
0.845406
0.852161
0.846902
0.843557
0.853495
0.848933
0.85062
0.854022
0.849846
0.844106
0.858086
0.866423
0.866462
0.856808
0.843286
0.851043
0.85642
0.847921
0.846572
0.85073
0.844956
0.859999
0.854457
0.857897
0.847361
0.85163
0.856441
0.846056
0.851521
0.857045
0.845347
0.852145
0.850677
0.838955
0.852089
0.837802
0.838893
0.845751
0.845504
0.846619
0.83933
0.846955
0.836992
0.849131
0.843839
0.849598
0.841695
0.843225
0.850641
0.842314
0.849532
0.854147
0.85245
0.84425
0.847906
0.84669
0.847051
0.836474
0.842529
0.839542
0.852331
0.845151
0.844133
0.840893
0.842881
0.844854
0.849742
0.836175
0.840892
0.850897
0.838456
0.840395
0.837439
0.839768
0.844424
0.84934
0.851439
0.842534
0.844789
0.850765
0.844888
0.845333
0.847312
0.856798
0.853264
0.843368
0.84287
0.844883
0.840154
0.864962
0.86645
0.845792
0.843659
0.840536
0.837873
0.864648
0.853761
0.842196
0.836284
0.847905
0.848499
0.841612
0.843738
0.851826
0.844919
0.846845
0.845041
0.846221
0.840915
0.83873
0.846977
0.84454
0.839608
0.834361
0.840808
0.847904
0.851981
0.841109
0.847383
0.846891
0.843051
0.847541
0.85303
0.837794
0.845445
0.84229
0.838903
0.845703
0.841738
0.837705
0.845393
0.842038
0.837889
0.845331
0.841228
0.837937
0.845653
0.841853
0.837878
0.845957
0.844091
0.838166
0.840238
0.83665
0.832875
0.840072
0.836401
0.832986
0.840064
0.835988
0.832506
0.840408
0.83645
0.832814
0.840511
0.836542
0.832321
0.840249
0.83639
0.832136
0.839661
0.837102
0.833664
0.839943
0.836126
0.832246
0.839919
0.836053
0.833119
0.840576
0.836771
0.833165
0.840434
0.836424
0.832396
0.840413
0.836593
0.834888
0.840005
0.83623
0.832697
0.840425
0.836505
0.832386
0.839852
0.83658
0.833098
0.840009
0.831077
0.827068
0.834515
0.831323
0.827358
0.83512
0.830301
0.827517
0.835123
0.833602
0.830016
0.834772
0.83092
0.827355
0.834596
0.831266
0.827191
0.835104
0.831311
0.828108
0.834141
0.830824
0.826558
0.835674
0.832153
0.827454
0.834338
0.831427
0.827632
0.834944
0.830676
0.827403
0.835143
0.830939
0.827303
0.834858
0.830618
0.827251
0.834825
0.830663
0.8277
0.834641
0.831403
0.827659
0.834927
0.830962
0.828706
0.834714
0.831178
0.827598
0.834418
0.830603
0.827234
0.834977
0.830818
0.826918
0.834495
0.831121
0.827199
0.834638
0.830993
0.827305
0.834917
0.831434
0.82741
0.834771
0.830836
0.829774
0.834935
0.830917
0.827308
0.835059
0.831364
0.827356
0.83485
0.831072
0.827203
0.83492
0.830878
0.827067
0.834504
0.834632
0.828447
0.834811
0.831157
0.827462
0.834363
0.831128
0.827344
0.834559
0.831013
0.82723
0.834781
0.831396
0.827824
0.83526
0.830556
0.827443
0.834688
0.830863
0.826921
0.834847
0.831266
0.827563
0.834861
0.830936
0.827342
0.835289
0.831495
0.827522
0.834369
0.830617
0.826748
0.829759
0.825556
0.822163
0.829384
0.825824
0.822801
0.828779
0.825665
0.82205
0.82925
0.826118
0.822102
0.832573
0.825603
0.821831
0.829247
0.825351
0.821755
0.829496
0.825697
0.822762
0.830024
0.825683
0.822349
0.829641
0.826403
0.821933
0.829499
0.82525
0.822197
0.829519
0.825395
0.821584
0.828977
0.82596
0.82229
0.829434
0.825702
0.82232
0.829321
0.826317
0.822757
0.830149
0.825011
0.821805
0.829487
0.825129
0.822257
0.829813
0.826003
0.822185
0.829139
0.825749
0.821928
0.829341
0.825909
0.822267
0.828925
0.82527
0.822132
0.82925
0.825528
0.821769
0.829349
0.825939
0.822146
0.829467
0.82574
0.82251
0.829458
0.828597
0.822126
0.829673
0.825061
0.821911
0.829358
0.8251
0.821942
0.830107
0.820177
0.816856
0.824034
0.820196
0.81646
0.824538
0.820199
0.816636
0.823471
0.819528
0.816381
0.824641
0.820078
0.81696
0.824221
0.820251
0.81707
0.823869
0.819824
0.816269
0.824554
0.820227
0.816778
0.824237
0.819661
0.816863
0.823831
0.819909
0.816312
0.824135
0.820107
0.816996
0.824217
0.820004
0.816889
0.824285
0.820887
0.816942
0.823559
0.819724
0.816076
0.824291
0.819849
0.816326
0.823905
0.820162
0.816904
0.823902
0.819941
0.816892
0.826411
0.820133
0.816315
0.824155
0.81948
0.816116
0.824541
0.819548
0.816793
0.824218
0.820127
0.817128
0.824264
0.819921
0.816243
0.824914
0.820659
0.817048
0.823716
0.819876
0.816236
0.82382
0.821749
0.816346
0.824427
0.820222
0.817187
0.824356
0.819979
0.816997
0.82405
0.820523
0.816049
0.824512
0.819538
0.816575
0.824258
0.819728
0.817604
0.82364
0.82016
0.816689
0.824612
0.820011
0.812651
0.819212
0.814969
0.811408
0.818346
0.814217
0.811
0.819139
0.814841
0.810911
0.819156
0.814866
0.811336
0.819018
0.815343
0.813749
0.8189
0.814861
0.811545
0.818802
0.814194
0.811457
0.818555
0.81449
0.811204
0.819256
0.814825
0.811749
0.81902
0.814837
0.812082
0.81915
0.814984
0.811403
0.818582
0.814735
0.811233
0.819063
0.814672
0.8113
0.818661
0.814838
0.811099
0.818987
0.81504
0.811514
0.818797
0.815347
0.810906
0.818741
0.814621
0.811745
0.821018
0.814337
0.811637
0.819388
0.815212
0.811975
0.818434
0.815476
0.811382
0.8188
0.814958
0.811954
0.818665
0.814607
0.811339
0.818881
0.814981
0.810971
0.818887
0.814731
0.812045
0.819256
0.811791
0.805905
0.813129
0.809623
0.80568
0.814047
0.808829
0.806265
0.813728
0.809244
0.80633
0.813343
0.809472
0.806108
0.813682
0.81052
0.80663
0.813844
0.809484
0.80664
0.813262
0.808701
0.805947
0.813857
0.809198
0.805708
0.813514
0.80982
0.806565
0.813924
0.809124
0.806062
0.813606
0.809215
0.806841
0.813377
0.80878
0.805758
0.813518
0.809202
0.80596
0.813975
0.809454
0.806331
0.813238
0.809107
0.806102
0.813171
0.809468
0.806366
0.813123
0.80906
0.807289
0.813835
0.809158
0.805559
0.813301
0.809552
0.806151
0.816383
0.80937
0.806448
0.813483
0.809339
0.806203
0.813487
0.813452
0.805714
0.813434
0.808552
0.806304
0.813762
0.809636
0.806324
0.813854
0.809222
0.806253
0.814074
0.803712
0.800773
0.807756
0.803642
0.80077
0.808015
0.803282
0.800371
0.807898
0.803906
0.800962
0.808774
0.804219
0.800801
0.808057
0.80436
0.800394
0.808166
0.803581
0.800804
0.80822
0.803533
0.800884
0.807877
0.803732
0.800903
0.809069
0.80381
0.800621
0.808253
0.804391
0.800885
0.807933
0.803798
0.800794
0.808398
0.803303
0.801581
0.811716
0.798411
0.796037
0.805638
0.798841
0.795184
0.802744
0.798063
0.795771
0.802441
0.799276
0.795725
0.802508
0.797911
0.795224
0.803129
0.798392
0.796175
0.802782
0.798787
0.795916
0.802893
0.798511
0.795338
0.802814
0.798413
0.795157
0.802912
0.798272
0.794987
0.802524
0.798606
0.795473
0.803212
0.798489
0.795526
0.803172
0.798424
0.79539
0.802635
0.798293
0.795167
0.802808
0.798143
0.796005
0.802703
0.798736
0.795884
0.804204
0.79849
0.795555
0.802837
0.798523
0.795408
0.803076
0.798162
0.795465
0.80248
0.797903
0.795287
0.802859
0.798448
0.79581
0.807117
0.79909
0.795411
0.802796
0.798382
0.794775
0.803201
0.798128
0.795683
0.802573
0.797842
0.795483
0.802926
0.798595
0.79506
0.803614
0.798614
0.795559
0.802817
0.79841
0.795398
0.802203
0.798636
0.795429
0.80302
0.797912
0.795647
0.802984
0.798408
0.795866
0.803147
0.798843
0.795104
0.802886
0.798452
0.795504
0.802753
0.798155
0.79799
0.803145
0.798103
0.795341
0.802565
0.798567
0.79083
0.797545
0.793648
0.790479
0.797379
0.793166
0.789823
0.797556
0.792803
0.789796
0.7976
0.793039
0.790562
0.797399
0.793517
0.790674
0.800263
0.793718
0.79036
0.797323
0.793296
0.789863
0.797199
0.792783
0.790238
0.797695
0.792454
0.790214
0.798076
0.793537
0.790486
0.797857
0.794579
0.78978
0.797618
0.792637
0.7899
0.797685
0.792859
0.790368
0.797102
0.79285
0.790183
0.797638
0.793121
0.790536
0.792483
0.787896
0.784815
0.792394
0.787924
0.784946
0.791902
0.787196
0.785423
0.792063
0.787304
0.785364
0.792032
0.787656
0.784868
0.79206
0.787847
0.785221
0.792121
0.78764
0.784697
0.791714
0.787376
0.784704
0.792045
0.787048
0.785001
0.792173
0.787339
0.785736
0.791904
0.79107
0.784665
0.792303
0.787663
0.78538
0.792161
0.787205
0.78493
0.791721
0.787378
0.784827
0.79256
0.787598
0.784827
0.792126
0.788794
0.785908
0.792374
0.787173
0.784269
0.792382
0.787413
0.784758
0.792539
0.786865
0.785035
0.792114
0.787818
0.784877
0.792325
0.788209
0.784849
0.792111
0.787675
0.78534
0.792044
0.787233
0.784288
0.792128
0.787199
0.784508
0.791895
0.78776
0.785058
0.791845
0.787612
0.785287
0.791758
0.787534
0.784976
0.792121
0.787232
0.78508
0.792789
0.786982
0.785279
0.792058
0.787576
0.784908
0.792048
0.787771
0.78702
0.792037
0.787842
0.784545
0.792331
0.787323
0.78478
0.792464
0.787423
0.784984
0.792306
0.789063
0.785097
0.791953
0.787878
0.785296
0.793107
0.787469
0.784618
0.792001
0.787372
0.779279
0.786806
0.781693
0.779346
0.787298
0.782315
0.779948
0.786588
0.782204
0.780242
0.787357
0.782247
0.779803
0.786914
0.782196
0.779353
0.78713
0.781675
0.779618
0.786813
0.781955
0.779307
0.786764
0.782714
0.779849
0.787003
0.782361
0.779349
0.787065
0.781562
0.779994
0.786906
0.781522
0.779164
0.7866
0.782219
0.779652
0.787123
0.78222
0.779435
0.787327
0.784073
0.779572
0.786797
0.781772
0.779059
0.781642
0.77628
0.775005
0.781591
0.777449
0.773871
0.781243
0.777013
0.774261
0.782032
0.77786
0.773923
0.781529
0.776669
0.774209
0.781253
0.776942
0.773927
0.7813
0.776557
0.774353
0.781568
0.777105
0.774139
0.781622
0.777086
0.773798
0.78162
0.776403
0.774374
0.781431
0.776688
0.774544
0.781209
0.776613
0.774465
0.781695
0.777081
0.774226
0.781431
0.777422
0.774184
0.781603
0.77673
0.774123
0.781719
0.776217
0.774033
0.781428
0.77668
0.774729
0.78136
0.777088
0.77398
0.781244
0.776732
0.775951
0.782807
0.776184
0.774416
0.78118
0.776395
0.77404
0.78176
0.777417
0.774686
0.781273
0.777863
0.773711
0.781403
0.776773
0.774413
0.782068
0.776393
0.774159
0.78156
0.776391
0.774322
0.781381
0.776966
0.774306
0.781349
0.777047
0.774517
0.781701
0.777052
0.774582
0.782758
0.776743
0.774293
0.781449
0.776221
0.774508
0.784933
0.776583
0.774555
0.780978
0.776673
0.774101
0.781574
0.777559
0.774343
0.781397
0.777022
0.774505
0.781473
0.776476
0.77376
0.781381
0.776852
0.77446
0.78187
0.776882
0.774131
0.78135
0.776496
0.774305
0.781612
0.779955
0.77429
0.781721
0.776446
0.774319
0.780984
0.77685
0.774387
0.78144
0.776462
0.773913
0.781264
0.776754
0.77405
0.781314
0.77693
0.775154
0.781927
0.776462
0.774141
0.781731
0.776762
0.76884
0.776037
0.771518
0.768431
0.775986
0.771225
0.769176
0.776247
0.771236
0.769119
0.776335
0.77103
0.768924
0.776474
0.771464
0.768868
0.776234
0.771788
0.768936
0.77592
0.771653
0.769082
0.776061
0.771261
0.769012
0.776641
0.771152
0.768893
0.775868
0.771549
0.763167
0.770878
0.76579
0.763373
0.770551
0.766273
0.763708
0.770565
0.765429
0.763232
0.771637
0.767416
0.763924
0.770748
0.765841
0.763721
0.770815
0.766511
0.763207
0.771053
0.766016
0.763562
0.770957
0.766265
0.763323
0.77103
0.767088
0.763547
0.77063
0.766359
0.763594
0.770859
0.766335
0.763489
0.770646
0.766078
0.763258
0.770787
0.765814
0.763407
0.770685
0.765785
0.763482
0.770587
0.766288
0.763105
0.770649
0.765815
0.763537
0.770933
0.766002
0.76391
0.770665
0.765747
0.763416
0.770786
0.765478
0.763724
0.771228
0.765869
0.763966
0.770351
0.765815
0.763405
0.770907
0.766262
0.763353
0.771163
0.765871
0.763555
0.770568
0.765541
0.763706
0.773316
0.766249
0.763589
0.771044
0.766064
0.76381
0.77099
0.766345
0.763082
0.771314
0.765726
0.763264
0.770795
0.765816
0.763564
0.771373
0.767184
0.763681
0.77089
0.765847
0.763438
0.771094
0.766145
0.763311
0.770777
0.765816
0.763293
0.771012
0.765265
0.763481
0.770906
0.767628
0.763718
0.770733
0.760762
0.757773
0.765066
0.760409
0.758146
0.765646
0.760081
0.758259
0.765595
0.760381
0.758083
0.766199
0.760243
0.75868
0.765689
0.761008
0.758103
0.765309
0.760335
0.757807
0.765569
0.760436
0.758223
0.765644
0.760219
0.758336
0.765098
0.760641
0.758116
0.768254
0.760875
0.758035
0.765524
0.760689
0.758331
0.765407
0.760698
0.757799
0.765686
0.759862
0.758228
0.765849
0.760728
0.758239
0.765538
0.761029
0.757762
0.765318
0.760307
0.75827
0.765407
0.760769
0.757861
0.765316
0.760218
0.757765
0.765631
0.760532
0.758245
0.765377
0.761034
0.758385
0.766076
0.760822
0.758039
0.765367
0.760262
0.75825
0.765512
0.760135
0.758264
0.765208
0.760797
0.752618
0.759786
0.755387
0.75275
0.760656
0.755122
0.752631
0.760004
0.754798
0.752662
0.760321
0.754628
0.752749
0.76039
0.755213
0.753126
0.760557
0.755223
0.752409
0.760523
0.756951
0.75309
0.760188
0.755037
0.752863
0.759712
0.754878
0.752676
0.760136
0.754969
0.753071
0.754786
0.749826
0.747282
0.754636
0.750244
0.748256
0.75525
0.749404
0.747177
0.754711
0.749233
0.747951
0.754762
0.749534
0.747824
0.754886
0.749528
0.746867
0.754795
0.750123
0.747512
0.754834
0.749348
0.74755
0.754553
0.74948
0.747484
0.755681
0.74986
0.747451
0.754393
0.749632
0.747436
0.754505
0.749951
0.747682
0.75548
0.749796
0.747658
0.754975
0.749419
0.747309
0.755054
0.749732
0.747658
0.754909
0.750103
0.747483
0.754516
0.749922
0.747351
0.755489
0.750801
0.748967
0.754906
0.749425
0.748058
0.754924
0.749522
0.747721
0.754939
0.750028
0.747357
0.75481
0.749952
0.747734
0.754753
0.749566
0.747553
0.755216
0.749378
0.74801
0.755162
0.749876
0.747736
0.754645
0.750142
0.74786
0.754901
0.74965
0.747142
0.754839
0.749445
0.747752
0.754809
0.749673
0.74762
0.755174
0.749606
0.747905
0.754657
0.750102
0.74755
0.754748
0.750023
0.746978
0.755273
0.749535
0.747196
0.754643
0.749688
0.747888
0.75468
0.749663
0.747238
0.754865
0.749389
0.74761
0.75518
0.749909
0.74755
0.754719
0.749207
0.747344
0.754507
0.749334
0.748569
0.756939
0.749562
0.747757
0.754831
0.750342
0.747346
0.754712
0.749813
0.747774
0.754763
0.749371
0.747788
0.754869
0.74922
0.747816
0.755365
0.750022
0.748282
0.754919
0.749607
0.747268
0.754476
0.749899
0.74741
0.754711
0.749778
0.747186
0.754971
0.749488
0.747459
0.7547
0.749801
0.747776
0.754553
0.750019
0.747174
0.74989
0.744849
0.741995
0.749402
0.74433
0.741909
0.749621
0.744259
0.742357
0.749432
0.744583
0.742427
0.749389
0.744547
0.741717
0.744419
0.739015
0.737115
0.744112
0.739043
0.736983
0.744163
0.73856
0.736733
0.743854
0.738674
0.737296
0.744176
0.742272
0.736961
0.744055
0.739306
0.736802
0.744125
0.742079
0.736669
0.744164
0.738158
0.737047
0.743774
0.738792
0.736949
0.743858
0.738733
0.737859
0.744576
0.738821
0.73678
0.743966
0.738763
0.736694
0.74442
0.738684
0.736704
0.744212
0.738631
0.736945
0.744026
0.739294
0.736858
0.744167
0.738903
0.736582
0.743832
0.738938
0.736748
0.744136
0.738514
0.7374
0.74406
0.738714
0.737168
0.74371
0.739172
0.737189
0.743479
0.738851
0.737111
0.744269
0.738938
0.736803
0.743961
0.738285
0.737494
0.744302
0.73888
0.736926
0.74403
0.739019
0.73663
0.74392
0.739042
0.737069
0.74708
0.73882
0.736679
0.74412
0.738667
0.737336
0.74431
0.739383
0.737277
0.743629
0.739232
0.736865
0.743835
0.739011
0.737077
0.744184
0.73921
0.736554
0.744521
0.738511
0.736862
0.743851
0.738733
0.737021
0.744306
0.739023
0.736717
0.743792
0.738914
0.736321
0.7438
0.738448
0.737222
0.744201
0.738749
0.737088
0.743848
0.739169
0.737152
0.743635
0.738779
0.736919
0.74413
0.738955
0.73702
0.74404
0.738889
0.737207
0.744348
0.738763
0.736691
0.744241
0.739193
0.73672
0.744142
0.739214
0.736751
0.744087
0.738738
0.736876
0.743993
0.739007
0.737141
0.743858
0.739557
0.738538
0.74438
0.738756
0.736519
0.743877
0.739179
0.736783
0.74411
0.739172
0.736222
0.744266
0.738686
0.737257
0.743549
0.738456
0.736841
0.744759
0.739342
0.73677
0.744144
0.738942
0.737029
0.744056
0.739048
0.736849
0.744178
0.738816
0.736559
0.74405
0.73864
0.736964
0.744286
0.739073
0.737434
0.738709
0.733528
0.730984
0.738443
0.733417
0.734308
0.738682
0.732854
0.731722
0.738445
0.732908
0.731129
0.73873
0.734367
0.731543
0.739278
0.733669
0.731731
0.738245
0.733573
0.731434
0.733662
0.727581
0.725967
0.7334
0.727726
0.725941
0.733033
0.72803
0.726427
0.7336
0.729575
0.727457
0.733229
0.728265
0.726187
0.733193
0.727816
0.725704
0.733517
0.72773
0.72646
0.733504
0.728172
0.726412
0.733352
0.728293
0.726177
0.733784
0.728452
0.726611
0.733236
0.728072
0.726076
0.733237
0.727978
0.725603
0.733793
0.728268
0.726275
0.73303
0.728289
0.726056
0.73313
0.729664
0.726245
0.73336
0.728096
0.726259
0.732881
0.727858
0.726424
0.733087
0.728154
0.725908
0.733351
0.728031
0.726339
0.733437
0.728233
0.726161
0.733179
0.727578
0.726133
0.733304
0.727517
0.726601
0.733221
0.728036
0.726448
0.733394
0.728591
0.726181
0.733755
0.728038
0.726651
0.733332
0.730097
0.727274
0.733483
0.727756
0.726194
0.733309
0.72796
