3.5261
2.61729
2.06638
1.57605
1.20417
0.937483
0.748205
0.612099
0.511819
0.435846
0.376707
0.329544
0.291138
0.259306
0.232524
0.2097
0.190034
0.172924
0.157912
0.144641
0.132828
0.12225
-0.119119
-0.117254
-0.115454
-0.113713
-0.112031
-0.110444
-0.108901
-0.107401
-0.105942
-0.104523
-0.103142
-0.101798
-0.10049
-0.0992158
-0.0979753
-0.0967673
-0.0955906
-0.0944443
-0.0933275
-0.0922393
-0.0911789
-0.0901454
-0.0891381
-0.0881561
-0.0871988
-0.0862654
-0.0853553
-0.0844678
-0.0836023
-0.0827581
-0.0819346
-0.0811313
-0.0803476
-0.079583
-0.0788369
-0.0781088
-0.0773983
-0.0767048
-0.076028
-0.0753673
-0.0747223
-0.0740926
-0.0734778
-0.0728775
-0.0722913
-0.0717188
-0.0711597
-0.0706137
-0.0700803
-0.0695592
-0.0690502
-0.0685529
-0.068067
-0.0675922
-0.0671283
-0.0666748
-0.0662317
-0.0657986
-0.0653752
-0.0649613
-0.0645567
-0.0641611
-0.0637744
-0.0633961
-0.0630263
-0.0626646
-0.0623108
-0.0619648
-0.0616263
-0.0612952
-0.0609712
-0.0606542
-0.0603441
-0.0600406
-0.0597435
-0.0594528
-0.0591683
-0.0588897
-0.0586171
-0.0583501
-0.0580887
-0.0578327
-0.057582
-0.0573365
-0.0570961
-0.0568605
-0.0566298
-0.0564037
-0.0561822
-0.0559651
-0.0557524
-0.0555439
-0.0553396
-0.0551392
-0.0549428
-0.0547503
-0.0545614
-0.0543763
-0.0541946
-0.0540165
-0.0538417
-0.0536703
-0.0535021
-0.053337
-0.053175
-0.053016
-0.0528599
-0.0527066
-0.0525562
-0.0524084
-0.0522633
-0.0521208
-0.0519808
-0.0518433
-0.0517082
-0.0515754
-0.0514449
-0.0513166
-0.0511905
-0.0510665
-0.0509446
-0.0508247
-0.0507068
-0.0505908
-0.0504767
-0.0503644
-0.0502539
-0.0501452
-0.0500381
-0.0499327
-0.049829
-0.0497268
-0.0496261
-0.049527
-0.0494293
-0.0493331
-0.0492382
-0.0491447
-0.0490526
-0.0489617
-0.0488721
-0.0487838
-0.0486966
-0.0486106
-0.0485258
-0.0484421
-0.0483594
-0.0482779
-0.0481974
-0.0481178
-0.0480393
-0.0479617
-0.0478851
-0.0478094
-0.0477345
-0.0476607
-0.047588
-0.047516
-0.0474449
-0.0473746
-0.047305
-0.0472387
-0.0471747
-0.0471133
-0.0470544
-0.0469985
-0.046945
-0.0468939
-0.0468453
-0.046799
-0.046755
-0.0467129
-0.0466726
-0.0466344
-0.0465979
-0.0465632
-0.0465304
-0.046499
-0.0464694
-0.0464411
-0.046414
-0.0463881
-0.0463632
-0.046338
-0.0463126
-0.0462869
-0.0462609
-0.0462348
-0.0462085
-0.0461821
-0.0461555
-0.0461287
-0.0461016
-0.0460744
-0.0460469
-0.0460192
-0.0459914
-0.0459633
-0.045935
-0.0459066
-0.045878
-0.0458494
-0.0458207
-0.0457917
-0.0457626
-0.0457333
-0.0457039
-0.0456742
-0.0456445
-0.0456145
-0.0455844
-0.0455541
-0.0455237
-0.0454931
-0.0454624
-0.0454315
-0.0454005
-0.0453694
-0.0453381
-0.0453066
-0.045275
-0.0452433
-0.0452114
-0.0451794
-0.0451473
-0.045115
-0.0450826
-0.0450501
-0.0450176
-0.044985
-0.0449523
-0.0449194
-0.0448864
-0.0448532
-0.04482
-0.0447866
-0.0447532
-0.0447196
-0.0446858
-0.044652
-0.044618
-0.044584
-0.04455
-0.0445158
-0.0444814
-0.044447
-0.0444125
-0.0443779
-0.0443433
-0.0443086
-0.044274
-0.0442394
-0.0442049
-0.0441705
-0.0441362
-0.0441019
-0.0440676
-0.0440334
-0.0439993
-0.0439653
-0.0439313
-0.0438974
-0.0438635
-0.0438297
-0.0437959
-0.0437622
-0.0437286
-0.0436949
-0.0436613
-0.0436277
-0.0435941
-0.0435606
-0.0435271
-0.0434937
-0.0434603
-0.043427
-0.0433936
-0.0433604
-0.0433271
-0.0432937
-0.0432603
-0.0432269
-0.0431933
-0.0431596
-0.0431258
-0.0430919
-0.0430578
-0.0430236
-0.0429892
-0.0429546
-0.0429199
-0.0428849
-0.0428499
-0.0428146
-0.0427792
-0.0427435
-0.0427077
-0.0426717
-0.0426355
-0.042599
-0.0425624
-0.0425255
-0.0424885
-0.0424513
-0.0424139
-0.0423763
-0.0423385
-0.0423005
-0.0422622
-0.0422238
-0.0421851
-0.0421463
-0.0421072
-0.0420679
-0.0420284
-0.0419887
-0.0419488
-0.0419087
-0.0418684
-0.0418279
-0.0417871
-0.0417461
-0.041705
-0.0416636
-0.041622
-0.0415803
-0.0415383
-0.0414962
-0.0414538
-0.0414112
-0.0413684
-0.0413254
-0.0412822
-0.0412388
-0.0411953
-0.0411515
-0.0411075
-0.0410632
-0.0410187
-0.0409741
-0.0409293
-0.0408842
-0.040839
-0.0407935
-0.0407479
-0.040702
-0.040656
-0.0406097
-0.0405632
-0.0405165
-0.0404696
-0.0404225
-0.0403752
-0.0403277
-0.04028
-0.0402322
-0.0401842
-0.0401359
-0.0400875
-0.0400389
-0.03999
-0.039941
-0.0398918
-0.0398424
-0.0397928
-0.039743
-0.039693
-0.0396429
-0.0395925
-0.0395419
-0.0394912
-0.0394403
-0.0393892
-0.0393379
-0.0392864
-0.0392348
-0.0391829
-0.0391309
-0.0390786
-0.0390262
-0.0389735
-0.0389207
-0.0388677
-0.0388145
-0.0387611
-0.0387075
-0.0386537
-0.0385998
-0.0385456
-0.0384913
-0.0384367
-0.038382
-0.0383271
-0.0382721
-0.0382169
-0.0381616
-0.0381061
-0.0380504
-0.0379945
-0.0379385
-0.0378823
-0.0378259
-0.0377694
-0.0377127
-0.0376558
-0.0375987
-0.0375415
-0.0374842
-0.0374267
-0.0373691
-0.0373112
-0.0372532
-0.0371951
-0.0371367
-0.0370782
-0.0370195
-0.0369607
-0.0369017
-0.0368425
-0.0367831
-0.0367236
-0.0366639
-0.036604
-0.036544
-0.0364838
-0.0364234
-0.0363629
-0.0363022
-0.0362413
-0.0361804
-0.0361194
-0.0360582
-0.0359969
-0.0359355
-0.0358739
-0.0358122
-0.0357503
-0.0356883
-0.0356261
-0.0355638
-0.0355013
-0.0354389
-0.0353763
-0.0353135
-0.0352506
-0.0351875
-0.0351243
-0.035061
-0.0349975
-0.0349339
-0.0348701
-0.0348061
-0.0347421
-0.0346778
-0.0346135
-0.034549
-0.0344844
-0.0344196
-0.0343547
-0.0342896
-0.0342244
-0.0341591
-0.0340936
-0.034028
-0.0339623
-0.0338967
-0.0338309
-0.033765
-0.033699
-0.033633
-0.0335668
-0.0335004
-0.033434
-0.0333674
-0.0333007
-0.0332339
-0.0331671
-0.0331003
-0.0330333
-0.0329662
-0.032899
-0.0328317
-0.0327643
-0.0326967
-0.0326291
-0.0325613
-0.0324934
-0.0324254
-0.0323573
-0.0322891
-0.0322207
-0.0321523
-0.0320837
-0.0320151
-0.0319463
-0.0318775
-0.0318085
-0.0317395
-0.0316703
-0.031601
-0.0315317
-0.0314622
-0.0313926
-0.031323
-0.0312535
-0.0311838
-0.0311141
-0.0310444
-0.0309748
-0.030905
-0.0308352
-0.0307653
-0.0306953
-0.0306252
-0.030555
-0.0304847
-0.0304144
-0.0303439
-0.0302734
-0.0302028
-0.0301322
-0.0300614
-0.0299906
-0.0299197
-0.0298488
-0.0297777
-0.0297066
-0.0296354
-0.029564
-0.0294927
-0.0294213
-0.0293498
-0.0292783
-0.0292067
-0.0291351
-0.0290634
-0.0289916
-0.0289198
-0.0288479
-0.028776
-0.028704
-0.028632
-0.0285599
-0.0284878
-0.0284159
-0.0283439
-0.0282718
-0.0281997
-0.0281281
-0.0280566
-0.0279851
-0.0279132
-0.0278414
-0.0277696
-0.0276977
-0.0276259
-0.027554
-0.0274821
-0.0274101
-0.027338
-0.027266
-0.0271938
-0.0271216
-0.0270495
-0.0269773
-0.0269051
-0.0268329
-0.0267606
-0.0266882
-0.0266159
-0.0265435
-0.0264711
-0.0263987
-0.0263262
-0.0262539
-0.0261814
-0.0261088
-0.0260363
-0.0259638
-0.0258913
-0.0258188
-0.0257463
-0.0256736
-0.025601
-0.0255285
-0.0254558
-0.0253833
-0.0253107
-0.0252381
-0.0251654
-0.0250929
-0.0250203
-0.0249477
-0.0248751
-0.0248025
-0.0247299
-0.0246573
-0.0245848
-0.0245122
-0.0244397
-0.0243672
-0.0242946
-0.0242221
-0.0241496
-0.0240771
-0.0240047
-0.0239322
-0.0238598
-0.0237874
-0.023715
-0.0236427
-0.0235703
-0.0234981
-0.0234258
-0.0233536
-0.0232813
-0.0232092
-0.023137
-0.0230649
-0.0229929
-0.0229207
-0.0228488
-0.0227768
-0.0227049
-0.022633
-0.0225611
-0.0224893
-0.0224176
-0.0223459
-0.0222743
-0.0222026
-0.022131
-0.0220595
-0.0219881
-0.0219167
-0.0218453
-0.0217739
-0.0217027
-0.0216315
-0.0215604
-0.0214893
-0.0214183
-0.0213473
-0.0212764
-0.0212056
-0.0211349
-0.0210641
-0.0209935
-0.020923
-0.0208524
-0.020782
-0.0207116
-0.0206414
-0.0205712
-0.020501
-0.020431
-0.0203609
-0.020291
-0.0202212
-0.0201514
-0.0200818
-0.0200122
-0.0199427
-0.0198733
-0.019804
-0.0197346
-0.0196654
-0.0195965
-0.0195275
-0.0194585
-0.0193897
-0.019321
-0.0192524
-0.0191839
-0.0191154
-0.019047
-0.0189788
-0.0189106
-0.0188425
-0.0187746
-0.0187068
-0.018639
-0.0185713
-0.0185038
-0.0184364
-0.018369
-0.0183017
-0.0182346
-0.0181676
-0.0181007
-0.0180339
-0.0179672
-0.0179006
-0.0178341
-0.0177678
-0.0177015
-0.0176353
-0.0175693
-0.0175034
-0.0174376
-0.0173719
-0.0173063
-0.017241
-0.0171756
-0.0171104
-0.0170453
-0.0169803
-0.0169155
-0.0168507
-0.0167862
-0.0167217
-0.0166574
-0.0165932
-0.0165291
-0.0164652
-0.0164013
-0.0163376
-0.016274
-0.0162105
-0.0161472
-0.016084
-0.0160209
-0.015958
-0.0158952
-0.0158326
-0.0157701
-0.0157076
-0.0156454
-0.0155833
-0.0155213
-0.0154594
-0.0153978
-0.0153362
-0.0152748
-0.0152135
-0.0151524
-0.0150913
-0.0150304
-0.0149697
-0.0149091
-0.0148486
-0.0147884
-0.0147282
-0.0146683
-0.0146084
-0.0145486
-0.0144891
-0.0144296
-0.0143703
-0.0143112
-0.0142522
-0.0141934
-0.0141347
-0.0140761
-0.0140177
-0.0139595
-0.0139013
-0.0138434
-0.0137856
-0.013728
-0.0136705
-0.0136132
-0.013556
-0.0134989
-0.0134421
-0.0133853
-0.0133287
-0.0132723
-0.0132161
-0.0131599
-0.0131038
-0.013048
-0.0129923
-0.0129369
-0.0128815
-0.0128264
-0.0127714
-0.0127165
-0.0126618
-0.0126073
-0.0125529
-0.0124986
-0.0124446
-0.0123906
-0.0123369
-0.0122832
-0.0122297
-0.0121764
-0.0121233
-0.0120703
-0.0120175
-0.0119649
-0.0119124
-0.01186
-0.0118079
-0.0117558
-0.0117039
-0.0116522
-0.0116007
-0.0115493
-0.0114981
-0.011447
-0.0113962
-0.0113454
-0.0112948
-0.0112444
-0.0111941
-0.0111441
-0.0110941
-0.0110443
-0.0109947
-0.0109453
-0.0108959
-0.0108468
-0.0107979
-0.010749
-0.0107004
-0.0106519
-0.0106036
-0.0105554
-0.0105074
-0.0104596
-0.0104119
-0.0103644
-0.010317
-0.0102698
-0.0102228
-0.0101759
-0.0101291
-0.0100825
-0.0100362
-0.00998994
-0.00994389
-0.009898
-0.00985228
-0.00980672
-0.00976123
-0.00971601
-0.00967086
-0.00962597
-0.00958114
-0.00953658
-0.00949208
-0.00944776
-0.00940361
-0.00935962
-0.0093158
-0.00927214
-0.00922864
-0.0091853
-0.00914205
-0.00909906
-0.00905621
-0.00901344
-0.00897085
-0.00892852
-0.00888624
-0.00884413
-0.0088022
-0.00876043
-0.00871882
-0.00867737
-0.00863608
-0.00859495
-0.00855397
-0.00851315
-0.00847249
-0.0084319
-0.00839158
-0.00835132
-0.00831124
-0.0082714
-0.00823161
-0.008192
-0.00815256
-0.00811328
-0.00807415
-0.00803517
-0.00799635
-0.00795769
-0.00791918
-0.00788082
-0.00784261
-0.00780456
-0.00776667
-0.00772892
-0.00769148
-0.00765399
-0.0076165
-0.00757952
-0.0075425
-0.00750562
-0.00746874
-0.00743238
-0.00739596
-0.00735969
-0.00732358
-0.00728761
-0.00725179
-0.00721612
-0.00718059
-0.00714522
-0.00710999
-0.0070749
-0.00703997
-0.00700517
-0.00697053
-0.00693602
-0.00690166
-0.0068676
-0.00683333
-0.00679956
-0.00676574
-0.00673206
-0.00669853
-0.00666515
-0.00663191
-0.00659882
-0.00656587
-0.00653307
-0.0065004
-0.00646788
-0.0064355
-0.00640325
-0.00637115
-0.00633918
-0.00630735
-0.00627565
-0.0062441
-0.00621268
-0.00618139
-0.00615024
-0.00611923
-0.00608835
-0.00605761
-0.006027
-0.00599653
-0.00596619
-0.00593598
-0.00590605
-0.00587607
-0.00584622
-0.00581652
-0.00578695
-0.00575751
-0.00572821
-0.00569904
-0.00567001
-0.00564111
-0.00561234
-0.0055837
-0.00555518
-0.0055268
-0.00549854
-0.00547041
-0.00544241
-0.00541453
-0.00538678
-0.00535915
-0.00533165
-0.00530427
-0.00527702
-0.00524989
-0.00522288
-0.005196
-0.00516924
-0.0051426
-0.00511609
-0.0050897
-0.00506342
-0.00503727
-0.00501124
-0.00498533
-0.00495953
-0.00493386
-0.00490831
-0.00488287
-0.00485755
-0.00483235
-0.00480727
-0.0047823
-0.00475745
-0.00473271
-0.00470809
-0.00468372
-0.00465929
-0.00463498
-0.0046108
-0.00458673
-0.00456278
-0.00453894
-0.00451522
-0.00449162
-0.00446813
-0.00444475
-0.00442148
-0.00439832
-0.00437527
-0.00435234
-0.00432951
-0.00430679
-0.00428418
-0.00426167
-0.00423928
-0.00421699
-0.0041948
-0.00417273
-0.00415076
-0.00412889
-0.00410713
-0.00408548
-0.00406392
-0.00404248
-0.00402113
-0.00399989
-0.00397876
-0.00395772
-0.00393679
-0.00391595
-0.00389522
-0.00387459
-0.00385406
-0.00383363
-0.0038133
-0.00379307
-0.00377294
-0.0037529
-0.00373296
-0.00371312
-0.00369338
-0.00367374
-0.00365419
-0.00363474
-0.00361538
-0.00359612
-0.00357695
-0.00355788
-0.0035389
-0.00352001
-0.00350122
-0.00348252
-0.00346392
-0.0034454
-0.00342698
-0.00340865
-0.00339041
-0.00337226
-0.0033543
-0.0033363
-0.0033184
-0.00330059
-0.00328288
-0.00326525
-0.00324772
-0.00323027
-0.00321291
-0.00319565
-0.00317847
-0.00316138
-0.00314437
-0.00312745
-0.00311061
-0.00309386
-0.0030772
-0.00306061
-0.00304412
-0.0030277
-0.00301137
-0.00299512
-0.00297895
-0.00296287
-0.00294686
-0.00293094
-0.0029151
-0.00289934
-0.00288366
-0.00286805
-0.00285253
-0.00283709
-0.00282172
-0.00280644
-0.00279123
-0.0027761
-0.00276105
-0.00274607
-0.00273117
-0.00271635
-0.0027016
-0.00268693
-0.00267233
-0.00265781
-0.00264336
-0.00262899
-0.00261469
-0.00260047
-0.00258632
-0.00257224
-0.00255823
-0.0025443
-0.00253043
-0.00251664
-0.00250292
-0.00248928
-0.0024757
-0.00246219
-0.00244875
-0.00243538
-0.00242209
-0.00240886
-0.00239569
-0.0023826
-0.00236958
-0.00235662
-0.00234373
-0.00233091
-0.00231815
-0.00230546
-0.00229284
-0.00228028
-0.00226779
-0.00225536
-0.002243
-0.00223071
-0.00221847
-0.0022063
-0.0021942
-0.00218216
-0.00217018
-0.00215827
-0.00214641
-0.00213462
-0.00212289
-0.00211123
-0.00209969
-0.00208805
-0.00207665
-0.0020652
-0.00205382
-0.00204251
-0.00203126
-0.00202007
-0.00200894
-0.00199786
-0.00198685
-0.0019759
-0.00196501
-0.00195417
-0.00194339
-0.00193267
-0.00192201
-0.0019114
-0.00190085
-0.00189035
-0.00187991
-0.00186953
-0.0018592
-0.00184893
-0.00183871
-0.00182854
-0.00181843
-0.00180838
-0.00179837
-0.00178842
-0.00177852
-0.00176868
-0.00175889
-0.00174915
-0.00173946
-0.00172983
-0.00172024
-0.00171071
-0.00170123
-0.0016918
-0.00168242
-0.00167309
-0.00166381
-0.00165458
-0.00164539
-0.00163626
-0.00162718
-0.00161815
-0.00160916
-0.00160022
-0.00159133
-0.00158249
-0.0015737
-0.00156495
-0.00155625
-0.0015476
-0.00153899
-0.00153043
-0.00152192
-0.00151345
-0.00150503
-0.00149665
-0.00148832
-0.00148004
-0.00147179
-0.0014636
-0.00145544
-0.00144734
-0.00143927
-0.00143125
-0.00142327
-0.00141534
-0.00140744
-0.0013996
-0.00139179
-0.00138403
-0.0013763
-0.00136862
-0.00136098
-0.00135339
-0.00134583
-0.00133832
-0.00133084
-0.00132341
-0.00131602
-0.00130866
-0.00130135
-0.00129408
-0.00128684
-0.00127965
-0.0012725
-0.00126538
-0.0012583
-0.00125126
-0.00124426
-0.0012373
-0.00123038
-0.00122349
-0.00121664
-0.00120983
-0.00120306
-0.00119632
-0.00118962
-0.00118296
-0.00117633
-0.00116974
-0.00116318
-0.00115667
-0.00115018
-0.00114373
-0.00113732
-0.00113094
-0.00112465
-0.00111827
-0.00111205
-0.00110575
-0.00109961
-0.00109342
-0.00108727
-0.00108116
-0.00107509
-0.00106905
-0.00106305
-0.00105707
-0.00105113
-0.00104523
-0.00103935
-0.00103351
-0.00102771
-0.00102193
-0.00101618
-0.00101047
-0.00100479
-0.00099914
-0.000993521
-0.000987933
-0.000982376
-0.00097685
-0.000971354
-0.000965889
-0.000960453
-0.000955048
-0.000949672
-0.000944327
-0.000939011
-0.000933724
-0.000928466
-0.000923238
-0.000918038
-0.000912867
-0.000907725
-0.000902611
-0.000897525
-0.000892467
-0.000887437
-0.000882436
-0.000877461
-0.000872515
-0.000867596
-0.000862704
-0.000857839
-0.000853001
-0.00084819
-0.000843406
-0.000838648
-0.000833916
-0.000829211
-0.000824532
-0.000819879
-0.000815252
-0.00081065
-0.000806074
-0.000801524
-0.000796998
-0.000792498
-0.000788023
-0.000783573
-0.000779147
-0.000774746
-0.000770369
-0.000766017
-0.000761689
-0.000757385
-0.000753105
-0.000748849
-0.000744617
-0.000740408
-0.000736222
-0.00073206
-0.000727921
-0.000723805
-0.000719712
-0.000715642
-0.000711595
-0.00070757
-0.000703567
-0.000699587
-0.000695629
-0.000691693
-0.00068778
-0.000683887
-0.000680017
-0.000676168
-0.000672341
-0.000668535
-0.000664751
-0.000660987
-0.000657244
-0.000653523
-0.000649822
-0.000646142
-0.000642482
-0.000638843
-0.000635225
-0.000631626
-0.000628048
-0.000624489
-0.000620951
-0.000617432
-0.000613933
-0.000610454
-0.000606994
-0.000603553
-0.000600132
-0.00059673
-0.000593347
-0.000589983
-0.000586637
-0.000583311
-0.000580003
-0.000576713
-0.000573442
-0.00057019
-0.000566955
-0.000563739
-0.000560541
-0.000557361
-0.000554198
-0.000551054
-0.000547927
-0.000544817
-0.000541725
-0.00053865
-0.000535593
-0.000532553
-0.000529529
-0.000526555
-0.000523516
-0.000520584
-0.000517585
-0.000514685
-0.000511721
-0.000508852
-0.000505923
-0.000503085
-0.00050019
-0.000497385
-0.000494522
-0.000491749
-0.000488918
-0.000486176
-0.000483417
-0.000480664
-0.00047793
-0.000475211
-0.000472509
-0.000469821
-0.000467148
-0.000464491
-0.000461848
-0.000459221
-0.000456608
-0.00045401
-0.000451427
-0.000448859
-0.000446305
-0.000443766
-0.000441242
-0.000438732
-0.000436236
-0.000433755
-0.000431286
-0.000428833
-0.000426394
-0.000423968
-0.000421555
-0.000419157
-0.000416771
-0.0004144
-0.000412041
-0.000409696
-0.000407364
-0.000405046
-0.00040274
-0.000400448
-0.000398168
-0.000395901
-0.000393647
-0.000391406
-0.000389178
-0.000386962
-0.000384758
-0.000382567
-0.000380389
-0.000378222
-0.000376068
-0.000373926
-0.000371797
-0.000369679
-0.000367573
-0.000365479
-0.000363397
-0.000361327
-0.000359268
-0.000357222
-0.000355186
-0.000353162
-0.00035115
-0.000349149
-0.000347159
-0.000345181
-0.000343214
-0.000341258
-0.000339312
-0.000337378
-0.000335455
-0.000333543
-0.000331642
-0.000329751
-0.000327871
-0.000326002
-0.000324143
-0.000322295
-0.000320458
-0.00031863
-0.000316813
-0.000315007
-0.00031321
-0.000311424
-0.000309648
-0.000307882
-0.000306126
-0.00030438
-0.000302644
-0.000300918
-0.000299201
-0.000297494
-0.000295797
-0.00029411
-0.000292432
-0.000290763
-0.000289105
-0.000287455
-0.000285815
-0.000284184
-0.000282562
-0.00028095
-0.000279347
-0.000277753
-0.000276167
-0.000274591
-0.000273024
-0.000271466
-0.000269916
-0.000268376
-0.000266844
-0.000265321
-0.000263806
-0.0002623
-0.000260803
-0.000259314
-0.000257833
-0.000256361
-0.000254898
-0.000253442
-0.000251995
-0.000250556
-0.000249126
-0.000247703
-0.000246289
-0.000244882
-0.000243484
-0.000242093
-0.00024071
-0.000239336
-0.000237969
-0.00023661
-0.000235258
-0.000233914
-0.000232578
-0.00023125
-0.000229929
-0.000228615
-0.000227309
-0.000226011
-0.000224719
-0.000223436
-0.000222159
-0.00022089
-0.000219628
-0.000218373
-0.000217125
-0.000215884
-0.000214651
-0.000213424
-0.000212204
-0.000210992
-0.000209786
-0.000208587
-0.000207395
-0.00020621
-0.000205031
-0.000203859
-0.000202694
-0.000201535
-0.000200383
-0.000199238
-0.000198099
-0.000196967
-0.000195841
-0.000194767
-0.000193597
-0.000192497
-0.000191442
-0.000190295
-0.000189214
-0.000188175
-0.000187048
-0.000186022
-0.000184915
-0.0001839
-0.000182806
-0.000181802
-0.00018072
-0.000179727
-0.000178659
-0.000177676
-0.00017662
-0.000175648
-0.000174605
-0.000173643
-0.000172613
-0.000171662
-0.000170644
-0.000169703
-0.000168697
-0.000167766
-0.000166772
-0.000165851
-0.00016487
-0.000163958
-0.000162989
-0.000162087
-0.000161153
-0.000160204
-0.000159318
-0.000158401
-0.000157469
-0.000156597
-0.000155696
-0.000154781
-0.000153923
-0.000153037
-0.000152156
-0.000151268
-0.000150428
-0.000149562
-0.000148701
-0.000147848
-0.000147001
-0.000146159
-0.000145322
-0.00014449
-0.000143662
-0.000142839
-0.000142021
-0.000141207
-0.000140399
-0.000139595
-0.000138795
-0.000138001
-0.000137211
-0.000136425
-0.000135644
-0.000134867
-0.000134095
-0.000133328
-0.000132564
-0.000131805
-0.000131051
-0.0001303
-0.000129554
-0.000128812
-0.000128075
-0.000127341
-0.000126612
-0.000125887
-0.000125166
-0.00012445
-0.000123737
-0.000123029
-0.000122324
-0.000121623
-0.000120927
-0.000120234
-0.000119546
-0.000118861
-0.000118181
-0.000117504
-0.000116831
-0.000116162
-0.000115496
-0.000114835
-0.000114177
-0.000113523
-0.000112873
-0.000112227
-0.000111584
-0.000110945
-0.000110309
-0.000109677
-0.000109049
-0.000108424
-0.000107803
-0.000107186
-0.000106572
-0.000105961
-0.000105354
-0.000104751
-0.000104151
-0.000103554
-0.000102961
-0.000102371
-0.000101785
-0.000101202
-0.000100622
-0.000100045
-9.94722e-05
-9.89024e-05
-9.83357e-05
-9.77724e-05
-9.72122e-05
-9.66552e-05
-9.61015e-05
-9.55509e-05
-9.50034e-05
-9.44591e-05
-9.39179e-05
-9.33797e-05
-9.28447e-05
-9.23127e-05
-9.17838e-05
-9.12579e-05
-9.0735e-05
-9.02151e-05
-8.96981e-05
-8.91841e-05
-8.86731e-05
-8.8165e-05
-8.76597e-05
-8.71574e-05
-8.6658e-05
-8.61614e-05
-8.56676e-05
-8.51767e-05
-8.46885e-05
-8.42032e-05
-8.37206e-05
-8.32408e-05
-8.27638e-05
-8.22895e-05
-8.18179e-05
-8.13489e-05
-8.08827e-05
-8.04192e-05
-7.99582e-05
-7.95e-05
-7.90443e-05
-7.85913e-05
-7.81408e-05
-7.7693e-05
-7.72477e-05
-7.68049e-05
-7.63647e-05
-7.5927e-05
-7.54918e-05
-7.50591e-05
-7.46288e-05
-7.42011e-05
-7.37757e-05
-7.33529e-05
-7.29324e-05
-7.2515e-05
-7.20989e-05
-7.16854e-05
-7.12743e-05
-7.08656e-05
-7.04593e-05
-7.00554e-05
-6.96537e-05
-6.92544e-05
-6.88573e-05
-6.84625e-05
-6.80699e-05
-6.76796e-05
-6.72915e-05
-6.69057e-05
-6.6522e-05
-6.61406e-05
-6.57613e-05
-6.53843e-05
-6.50094e-05
-6.46366e-05
-6.4266e-05
-6.38976e-05
-6.35313e-05
-6.3167e-05
-6.28049e-05
-6.24449e-05
-6.20869e-05
-6.1731e-05
-6.13771e-05
-6.10253e-05
-6.06755e-05
-6.03277e-05
-5.9982e-05
-5.96382e-05
-5.92963e-05
-5.89563e-05
-5.86183e-05
-5.82822e-05
-5.79481e-05
-5.76159e-05
-5.72855e-05
-5.69571e-05
-5.66306e-05
-5.63059e-05
-5.59831e-05
-5.56621e-05
-5.53429e-05
-5.50256e-05
-5.47101e-05
-5.43963e-05
-5.40844e-05
-5.37742e-05
-5.34659e-05
-5.31592e-05
-5.28544e-05
-5.25513e-05
-5.22499e-05
-5.19502e-05
-5.16523e-05
-5.13561e-05
-5.10616e-05
-5.07688e-05
-5.04776e-05
-5.01882e-05
-4.99004e-05
-4.96142e-05
-4.93297e-05
-4.90468e-05
-4.87656e-05
-4.84859e-05
-4.82079e-05
-4.79314e-05
-4.76565e-05
-4.73832e-05
-4.71115e-05
-4.68413e-05
-4.65727e-05
-4.63056e-05
-4.60401e-05
-4.5776e-05
-4.55135e-05
-4.52525e-05
-4.49929e-05
-4.47349e-05
-4.44783e-05
-4.42232e-05
-4.39696e-05
-4.37174e-05
-4.34667e-05
-4.32174e-05
-4.29695e-05
-4.2723e-05
-4.2478e-05
-4.22343e-05
-4.19921e-05
-4.17512e-05
-4.15118e-05
-4.12737e-05
-4.10369e-05
-4.08016e-05
-4.05675e-05
-4.03348e-05
-4.01035e-05
-3.98734e-05
-3.96447e-05
-3.94173e-05
-3.91912e-05
-3.89664e-05
-3.87429e-05
-3.85207e-05
-3.82997e-05
-3.808e-05
-3.78616e-05
-3.76444e-05
-3.74285e-05
-3.72138e-05
-3.70003e-05
-3.67881e-05
-3.65771e-05
-3.63672e-05
-3.61586e-05
-3.59512e-05
-3.5745e-05
-3.55399e-05
-3.53361e-05
-3.51334e-05
-3.49318e-05
-3.47314e-05
-3.45322e-05
-3.43341e-05
-3.41371e-05
-3.39413e-05
-3.37466e-05
-3.3553e-05
-3.33605e-05
-3.31692e-05
-3.29789e-05
-3.27897e-05
-3.26016e-05
-3.24146e-05
-3.22286e-05
-3.20437e-05
-3.18599e-05
-3.16771e-05
-3.14954e-05
-3.13147e-05
-3.11351e-05
-3.09564e-05
-3.07789e-05
-3.06023e-05
-3.04267e-05
-3.02522e-05
-3.00787e-05
-2.99062e-05
-2.97347e-05
-2.95644e-05
-2.93948e-05
-2.92261e-05
-2.90584e-05
-2.88916e-05
-2.87257e-05
-2.85608e-05
-2.83969e-05
-2.8234e-05
-2.80721e-05
-2.79112e-05
-2.77511e-05
-2.75921e-05
-2.74339e-05
-2.72766e-05
-2.71202e-05
-2.69647e-05
-2.68101e-05
-2.66563e-05
-2.65034e-05
-2.63514e-05
-2.62003e-05
-2.605e-05
-2.59006e-05
-2.5752e-05
-2.56043e-05
-2.54574e-05
-2.53114e-05
-2.51663e-05
-2.50219e-05
-2.48785e-05
-2.47358e-05
-2.4594e-05
-2.4453e-05
-2.43128e-05
-2.41734e-05
-2.40348e-05
-2.3897e-05
-2.37601e-05
-2.36238e-05
-2.34884e-05
-2.33538e-05
-2.32199e-05
-2.30868e-05
-2.29544e-05
-2.28229e-05
-2.2692e-05
-2.25619e-05
-2.24326e-05
-2.2304e-05
-2.21761e-05
-2.2049e-05
-2.19226e-05
-2.17969e-05
-2.16719e-05
-2.15477e-05
-2.14241e-05
-2.13013e-05
-2.11791e-05
-2.10577e-05
-2.0937e-05
-2.08169e-05
-2.06976e-05
-2.05789e-05
-2.04609e-05
-2.03436e-05
-2.02269e-05
-2.0111e-05
-1.99957e-05
-1.9881e-05
-1.9767e-05
-1.96537e-05
-1.9541e-05
-1.94289e-05
-1.93175e-05
-1.92068e-05
-1.90967e-05
-1.89872e-05
-1.88783e-05
-1.877e-05
-1.86624e-05
-1.85554e-05
-1.8449e-05
-1.83432e-05
-1.82381e-05
-1.81335e-05
-1.80295e-05
-1.79261e-05
-1.78234e-05
-1.77212e-05
-1.76195e-05
-1.75185e-05
-1.74181e-05
-1.73182e-05
-1.72189e-05
-1.71202e-05
-1.7022e-05
-1.69244e-05
-1.68274e-05
-1.67309e-05
-1.6635e-05
-1.65396e-05
-1.64447e-05
-1.63504e-05
-1.62567e-05
-1.61635e-05
-1.60708e-05
-1.59787e-05
-1.5887e-05
-1.57959e-05
-1.57054e-05
-1.56153e-05
-1.55258e-05
-1.54368e-05
-1.53483e-05
-1.52603e-05
-1.51728e-05
-1.50858e-05
-1.49992e-05
-1.49132e-05
-1.48277e-05
-1.47426e-05
-1.4658e-05
-1.4574e-05
-1.44905e-05
-1.44075e-05
-1.43249e-05
-1.42428e-05
-1.41611e-05
-1.40799e-05
-1.39992e-05
-1.39189e-05
-1.38391e-05
-1.37598e-05
-1.36809e-05
-1.36025e-05
-1.35246e-05
-1.3447e-05
-1.337e-05
-1.32933e-05
-1.32171e-05
-1.31414e-05
-1.3066e-05
-1.29911e-05
-1.29166e-05
-1.28426e-05
-1.27689e-05
-1.26957e-05
-1.26229e-05
-1.25505e-05
-1.24785e-05
-1.2407e-05
-1.23358e-05
-1.22651e-05
-1.21948e-05
-1.21248e-05
-1.20553e-05
-1.19862e-05
-1.1917e-05
-1.18489e-05
-1.1781e-05
-1.17135e-05
-1.16465e-05
-1.15798e-05
-1.15135e-05
-1.14475e-05
-1.1382e-05
-1.13168e-05
-1.12519e-05
-1.11875e-05
-1.11234e-05
-1.10597e-05
-1.09963e-05
-1.09334e-05
-1.08707e-05
-1.08084e-05
-1.07465e-05
-1.06849e-05
-1.06237e-05
-1.05628e-05
-1.05022e-05
-1.0442e-05
-1.03821e-05
-1.03225e-05
-1.02633e-05
-1.02044e-05
-1.01459e-05
-1.00877e-05
-1.00298e-05
-9.97224e-06
