3.48559
2.42546
1.99725
1.72017
1.40518
1.10296
0.853634
0.665177
0.529361
0.433083
0.364192
0.313477
0.274697
0.243879
-0.235614
-0.230613
-0.225795
-0.22116
-0.216706
-0.212427
-0.208317
-0.204369
-0.200578
-0.196935
-0.193434
-0.190067
-0.18683
-0.183715
-0.180715
-0.177827
-0.175044
-0.172361
-0.169773
-0.167276
-0.164865
-0.162537
-0.160287
-0.158112
-0.156008
-0.153973
-0.152002
-0.150093
-0.148244
-0.146452
-0.144713
-0.143028
-0.141395
-0.139811
-0.138272
-0.136777
-0.135324
-0.133911
-0.132537
-0.1312
-0.129899
-0.128632
-0.127398
-0.126196
-0.125025
-0.123885
-0.122774
-0.121691
-0.120634
-0.119602
-0.118596
-0.117613
-0.116653
-0.115715
-0.1148
-0.113905
-0.113031
-0.112181
-0.11135
-0.110536
-0.109741
-0.108962
-0.108199
-0.107453
-0.106722
-0.106006
-0.105304
-0.104617
-0.103943
-0.103283
-0.102635
-0.102
-0.101377
-0.100766
-0.100167
-0.0995782
-0.0990007
-0.0984336
-0.0978769
-0.09733
-0.0967928
-0.0962659
-0.0957484
-0.0952397
-0.0947408
-0.0942504
-0.0937682
-0.0932938
-0.0928271
-0.0923686
-0.0919179
-0.0914744
-0.0910378
-0.0906079
-0.0901846
-0.0897688
-0.08936
-0.0889577
-0.0885611
-0.0881704
-0.0877852
-0.0874054
-0.087031
-0.0866617
-0.0862975
-0.0859392
-0.0855857
-0.0852368
-0.0848934
-0.0845545
-0.0842199
-0.0838896
-0.0835638
-0.0832426
-0.0829256
-0.0826132
-0.0823044
-0.0819992
-0.0816975
-0.0813992
-0.0811043
-0.0808136
-0.0805261
-0.0802418
-0.0799615
-0.0796841
-0.0794096
-0.0791382
-0.0788703
-0.078605
-0.0783422
-0.078083
-0.0778263
-0.077573
-0.0773285
-0.0770917
-0.0768635
-0.0766439
-0.0764319
-0.0762279
-0.0760318
-0.0758422
-0.0756592
-0.0754834
-0.0753132
-0.0751493
-0.0749911
-0.0748384
-0.0746915
-0.0745499
-0.0744126
-0.074279
-0.0741456
-0.074012
-0.0738788
-0.0737453
-0.0736115
-0.0734774
-0.073343
-0.0732086
-0.0730744
-0.0729399
-0.0728058
-0.0726715
-0.072537
-0.0724027
-0.0722685
-0.0721339
-0.0719998
-0.0718656
-0.0717319
-0.071598
-0.0714638
-0.0713295
-0.0711957
-0.0710616
-0.0709281
-0.0707945
-0.0706609
-0.0705277
-0.0703943
-0.0702614
-0.0701286
-0.0699962
-0.0698636
-0.0697311
-0.0695989
-0.0694669
-0.0693352
-0.0692036
-0.0690723
-0.0689414
-0.0688106
-0.0686802
-0.0685499
-0.06842
-0.0682901
-0.068161
-0.0680319
-0.0679032
-0.0677751
-0.067647
-0.0675194
-0.0673922
-0.0672653
-0.0671391
-0.0670131
-0.0668876
-0.0667627
-0.0666382
-0.0665141
-0.0663905
-0.0662677
-0.0661454
-0.0660237
-0.0659025
-0.065782
-0.0656623
-0.0655432
-0.0654249
-0.0653075
-0.0652337
-0.0651879
-0.0651411
-0.0650933
-0.0650446
-0.0649948
-0.0649441
-0.0648924
-0.0648397
-0.0647861
-0.0647315
-0.0646761
-0.0646197
-0.0645623
-0.0645041
-0.0644449
-0.0643849
-0.0643239
-0.0642621
-0.0641993
-0.0641357
-0.0640713
-0.0640059
-0.0639397
-0.0638727
-0.0638048
-0.0637361
-0.0636665
-0.0635961
-0.0635248
-0.0634528
-0.0633799
-0.0633062
-0.0632317
-0.0631564
-0.0630803
-0.0630034
-0.0629258
-0.0628473
-0.0627681
-0.062688
-0.0626072
-0.0625257
-0.0624434
-0.0623603
-0.0622764
-0.0621919
-0.0621065
-0.0620204
-0.0619336
-0.0618461
-0.0617578
-0.0616688
-0.061579
-0.0614886
-0.0613974
-0.0613055
-0.0612129
-0.0611196
-0.0610256
-0.0609309
-0.0608355
-0.0607394
-0.0606426
-0.0605451
-0.060447
-0.0603482
-0.0602487
-0.0601485
-0.0600476
-0.0599461
-0.0598439
-0.0597411
-0.0596376
-0.0595335
-0.0594287
-0.0593232
-0.0592171
-0.0591104
-0.0590031
-0.0588951
-0.0587864
-0.0586772
-0.0585673
-0.0584568
-0.0583457
-0.058234
-0.0581217
-0.0580087
-0.0578952
-0.057781
-0.0576663
-0.057551
-0.057435
-0.0573185
-0.0572014
-0.0570838
-0.0569655
-0.0568467
-0.0567273
-0.0566073
-0.0564868
-0.0563657
-0.0562441
-0.0561219
-0.0559991
-0.0558758
-0.055752
-0.0556276
-0.0555027
-0.0553772
-0.0552513
-0.0551248
-0.0549977
-0.0548702
-0.0547422
-0.0546136
-0.0544845
-0.0543549
-0.0542249
-0.0540943
-0.0539633
-0.0538317
-0.0536997
-0.0535672
-0.0534342
-0.0533007
-0.0531668
-0.0530324
-0.0528975
-0.0527622
-0.0526265
-0.0524903
-0.0523536
-0.0522165
-0.052079
-0.051941
-0.0518026
-0.0516638
-0.0515246
-0.0513849
-0.0512449
-0.0511044
-0.0509635
-0.0508223
-0.0506806
-0.0505386
-0.0503961
-0.0502533
-0.0501101
-0.0499666
-0.0498226
-0.0496783
-0.0495337
-0.0493887
-0.0492433
-0.0490976
-0.0489516
-0.0488052
-0.0486585
-0.0485115
-0.0483642
-0.0482165
-0.0480686
-0.0479203
-0.0477717
-0.0476228
-0.0474737
-0.0473242
-0.0471745
-0.0470245
-0.0468742
-0.0467237
-0.0465729
-0.0464218
-0.0462705
-0.0461189
-0.0459671
-0.0458151
-0.0456628
-0.0455103
-0.0453576
-0.0452047
-0.0450515
-0.0448982
-0.0447446
-0.0445909
-0.0444369
-0.0442828
-0.0441285
-0.043974
-0.0438194
-0.0436646
-0.0435096
-0.0433545
-0.0431992
-0.0430438
-0.0428882
-0.0427326
-0.0425768
-0.0424208
-0.0422648
-0.0421086
-0.0419524
-0.041796
-0.0416395
-0.041483
-0.0413264
-0.0411697
-0.0410129
-0.040856
-0.0406991
-0.0405421
-0.0403851
-0.040228
-0.0400709
-0.0399138
-0.0397566
-0.0395994
-0.0394422
-0.039285
-0.0391277
-0.0389705
-0.0388132
-0.038656
-0.0384987
-0.0383415
-0.0381844
-0.0380272
-0.0378701
-0.037713
-0.0375559
-0.0373989
-0.037242
-0.0370851
-0.0369283
-0.0367716
-0.0366149
-0.0364583
-0.0363018
-0.0361454
-0.0359891
-0.0358329
-0.0356768
-0.0355208
-0.0353649
-0.0352091
-0.0350535
-0.034898
-0.0347427
-0.0345875
-0.0344324
-0.0342775
-0.0341227
-0.0339681
-0.0338137
-0.0336595
-0.0335055
-0.0333516
-0.0331979
-0.0330443
-0.032891
-0.032738
-0.0325851
-0.0324324
-0.03228
-0.0321277
-0.0319756
-0.0318237
-0.0316721
-0.0315207
-0.0313695
-0.0312186
-0.0310679
-0.0309175
-0.0307676
-0.030618
-0.0304686
-0.0303196
-0.0301706
-0.0300219
-0.0298734
-0.0297252
-0.0295772
-0.0294296
-0.0292822
-0.0291352
-0.0289884
-0.0288419
-0.0286957
-0.0285499
-0.0284044
-0.0282593
-0.0281145
-0.02797
-0.0278258
-0.0276819
-0.0275384
-0.0273952
-0.0272525
-0.0271102
-0.0269681
-0.0268264
-0.0266851
-0.026544
-0.0264034
-0.0262632
-0.0261234
-0.0259841
-0.025845
-0.0257063
-0.0255679
-0.0254299
-0.0252922
-0.0251549
-0.025018
-0.0248815
-0.0247454
-0.0246097
-0.0244744
-0.0243397
-0.0242056
-0.0240721
-0.0239391
-0.0238065
-0.023674
-0.0235419
-0.02341
-0.0232785
-0.0231474
-0.0230167
-0.0228864
-0.0227566
-0.0226272
-0.0224982
-0.0223697
-0.0222416
-0.022114
-0.0219868
-0.02186
-0.0217337
-0.0216078
-0.0214824
-0.0213575
-0.021233
-0.0211089
-0.0209854
-0.0208622
-0.0207396
-0.0206174
-0.0204956
-0.0203744
-0.0202535
-0.0201332
-0.0200133
-0.0198939
-0.019775
-0.0196565
-0.0195385
-0.019421
-0.019304
-0.0191874
-0.0190713
-0.0189557
-0.0188405
-0.0187259
-0.0186117
-0.018498
-0.0183848
-0.018272
-0.0181597
-0.0180479
-0.0179366
-0.0178258
-0.0177155
-0.0176056
-0.0174963
-0.0173874
-0.017279
-0.0171711
-0.0170636
-0.0169567
-0.0168502
-0.0167442
-0.0166387
-0.0165337
-0.0164292
-0.0163251
-0.0162215
-0.0161185
-0.0160159
-0.0159137
-0.0158121
-0.015711
-0.0156103
-0.0155101
-0.0154104
-0.0153112
-0.0152125
-0.0151142
-0.0150165
-0.0149192
-0.0148224
-0.0147261
-0.0146302
-0.0145349
-0.01444
-0.0143456
-0.0142516
-0.0141582
-0.0140652
-0.0139727
-0.0138807
-0.0137891
-0.013698
-0.0136074
-0.0135173
-0.0134277
-0.0133385
-0.0132497
-0.0131615
-0.0130737
-0.0129864
-0.0128995
-0.0128132
-0.0127272
-0.0126418
-0.0125568
-0.0124722
-0.0123882
-0.0123046
-0.0122214
-0.0121387
-0.0120565
-0.0119747
-0.0118933
-0.0118124
-0.011732
-0.011652
-0.0115725
-0.0114934
-0.0114164
-0.0113399
-0.0112638
-0.0111882
-0.0111129
-0.0110382
-0.0109638
-0.0108899
-0.0108164
-0.0107433
-0.0106706
-0.0105984
-0.0105266
-0.0104551
-0.0103842
-0.0103136
-0.0102434
-0.0101737
-0.0101043
-0.0100354
-0.00996681
-0.00989869
-0.00983099
-0.00976369
-0.00969679
-0.00963038
-0.00956464
-0.00949929
-0.00943432
-0.00936974
-0.00930556
-0.00924175
-0.00917833
-0.0091153
-0.00905264
-0.00899036
-0.00892846
-0.00886695
-0.00880584
-0.00874511
-0.00868474
-0.00862473
-0.00856508
-0.00850579
-0.00844686
-0.00838829
-0.00833008
-0.00827223
-0.00821474
-0.00815761
-0.00810084
-0.00804441
-0.00798834
-0.00793263
-0.00787726
-0.00782223
-0.00776756
-0.00771323
-0.00765924
-0.0076056
-0.00755249
-0.00749983
-0.00744749
-0.00739549
-0.00734382
-0.00729248
-0.00724146
-0.00719077
-0.0071404
-0.00709036
-0.00704064
-0.00699123
-0.00694215
-0.00689338
-0.00684492
-0.00679678
-0.00674894
-0.00670142
-0.0066542
-0.0066073
-0.00656069
-0.00651439
-0.00646839
-0.00642269
-0.00637729
-0.00633219
-0.00628738
-0.00624287
-0.00619865
-0.00615472
-0.00611108
-0.00606775
-0.00602491
-0.00598235
-0.00594007
-0.00589807
-0.00585635
-0.00581491
-0.00577373
-0.00573284
-0.00569221
-0.00565185
-0.00561177
-0.00557195
-0.00553239
-0.0054931
-0.00545407
-0.0054153
-0.00537679
-0.00533854
-0.00530054
-0.00526281
-0.00522532
-0.00518809
-0.00515111
-0.00511437
-0.00507789
-0.00504165
-0.00500566
-0.00496991
-0.0049344
-0.00489914
-0.00486411
-0.00482932
-0.00479477
-0.00476045
-0.00472637
-0.00469252
-0.00465895
-0.00462572
-0.00459271
-0.00455993
-0.00452738
-0.00449504
-0.00446293
-0.00443103
-0.00439936
-0.0043679
-0.00433666
-0.00430563
-0.00427482
-0.00424421
-0.00421382
-0.00418364
-0.00415366
-0.00412389
-0.00409433
-0.00406497
-0.00403582
-0.00400686
-0.00397811
-0.00394955
-0.0039212
-0.00389304
-0.00386508
-0.00383731
-0.00380973
-0.00378234
-0.00375515
-0.00372815
-0.00370133
-0.0036747
-0.00364826
-0.003622
-0.00359592
-0.00357003
-0.00354432
-0.00351879
-0.0034935
-0.00346843
-0.00344353
-0.00341881
-0.00339426
-0.00336988
-0.00334568
-0.00332164
-0.00329777
-0.00327407
-0.00325054
-0.00322717
-0.00320396
-0.00318092
-0.00315804
-0.00313533
-0.00311277
-0.00309037
-0.00306813
-0.00304604
-0.00302412
-0.00300234
-0.00298072
-0.00295926
-0.00293794
-0.00291678
-0.00289577
-0.0028749
-0.00285418
-0.00283361
-0.00281324
-0.00279304
-0.00277298
-0.00275306
-0.00273328
-0.00271364
-0.00269414
-0.00267478
-0.00265556
-0.00263647
-0.00261752
-0.0025987
-0.00258002
-0.00256147
-0.00254305
-0.00252476
-0.0025066
-0.00248857
-0.00247067
-0.0024529
-0.00243526
-0.00241774
-0.00240034
-0.00238307
-0.00236592
-0.0023489
-0.00233199
-0.00231521
-0.00229855
-0.002282
-0.00226558
-0.00224927
-0.00223308
-0.002217
-0.0022011
-0.0021853
-0.00216962
-0.00215405
-0.0021386
-0.00212325
-0.00210801
-0.00209289
-0.00207787
-0.00206295
-0.00204815
-0.00203345
-0.00201885
-0.00200436
-0.00198998
-0.00197569
-0.00196151
-0.00194743
-0.00193346
-0.00191958
-0.0019058
-0.00189212
-0.00187854
-0.00186506
-0.00185167
-0.00183838
-0.00182519
-0.00181209
-0.00179908
-0.00178617
-0.00177335
-0.00176062
-0.00174799
-0.00173544
-0.00172301
-0.00171068
-0.00169844
-0.00168629
-0.00167423
-0.00166225
-0.00165036
-0.00163855
-0.00162683
-0.00161519
-0.00160364
-0.00159217
-0.00158078
-0.00156948
-0.00155825
-0.00154711
-0.00153604
-0.00152506
-0.00151416
-0.00150333
-0.00149258
-0.00148191
-0.00147132
-0.0014608
-0.00145036
-0.00143999
-0.0014297
-0.00141948
-0.00140934
-0.00139927
-0.00138927
-0.00137934
-0.00136949
-0.0013597
-0.00134999
-0.00134037
-0.00133083
-0.00132135
-0.00131193
-0.00130259
-0.00129331
-0.00128411
-0.00127496
-0.00126589
-0.00125687
-0.00124793
-0.00123904
-0.00123023
-0.00122147
-0.00121278
-0.00120415
-0.00119558
-0.00118708
-0.00117863
-0.00117025
-0.00116193
-0.00115367
-0.00114546
-0.00113732
-0.00112923
-0.00112121
-0.00111324
-0.00110532
-0.00109747
-0.00108967
-0.00108193
-0.00107424
-0.00106661
-0.00105904
-0.00105152
-0.00104405
-0.00103664
-0.00102929
-0.001022
-0.00101476
-0.00100758
-0.00100044
-0.000993363
-0.000986333
-0.000979353
-0.000972424
-0.000965544
-0.000958713
-0.000951932
-0.0009452
-0.000938516
-0.00093188
-0.000925292
-0.000918751
-0.000912264
-0.000905831
-0.000899445
-0.000893104
-0.000886809
-0.000880559
-0.000874354
-0.000868194
-0.000862078
-0.000856006
-0.000849977
-0.000843992
-0.00083805
-0.00083215
-0.000826293
-0.000820477
-0.000814704
-0.000808972
-0.000803281
-0.00079763
-0.000792021
-0.000786452
-0.000780924
-0.000775435
-0.000769994
-0.000764593
-0.000759232
-0.000753909
-0.000748624
-0.000743377
-0.000738168
-0.000732995
-0.00072786
-0.000722762
-0.0007177
-0.000712674
-0.000707684
-0.00070273
-0.000697811
-0.000692927
-0.000688079
-0.000683265
-0.000678485
-0.00067374
-0.000669029
-0.000664353
-0.000659718
-0.000655115
-0.000650546
-0.00064601
-0.000641505
-0.000637033
-0.000632593
-0.000628184
-0.000623807
-0.000619461
-0.000615146
-0.000610862
-0.000606609
-0.000602386
-0.000598193
-0.00059403
-0.000589897
-0.000585793
-0.00058172
-0.000577682
-0.000573672
-0.000569691
-0.000565738
-0.000561813
-0.000557916
-0.000554047
-0.000550205
-0.00054639
-0.000542603
-0.000538843
-0.000535109
-0.000531402
-0.000527721
-0.000524066
-0.000520443
-0.000516846
-0.000513275
-0.000509729
-0.000506208
-0.000502712
-0.000499241
-0.000495794
-0.000492372
-0.000488975
-0.000485601
-0.000482251
-0.000478927
-0.000475629
-0.000472356
-0.000469105
-0.000465877
-0.000462672
-0.00045949
-0.00045633
-0.000453192
-0.000450077
-0.000446985
-0.000443918
-0.000441009
-0.000438155
-0.000435321
-0.000432507
-0.000429712
-0.000426935
-0.000424176
-0.000421437
-0.000418718
-0.000416016
-0.000413332
-0.000410664
-0.000408016
-0.000405386
-0.000402775
-0.00040018
-0.000397603
-0.000395042
-0.0003925
-0.000389974
-0.000387464
-0.000384973
-0.000382495
-0.000380035
-0.000377594
-0.000375168
-0.000372757
-0.000370362
-0.000367984
-0.000365622
-0.000363274
-0.000360942
-0.000358626
-0.000356326
-0.000354041
-0.000351771
-0.000349516
-0.000347276
-0.000345051
-0.000342841
-0.000340645
-0.000338464
-0.000336297
-0.000334145
-0.000332006
-0.000329882
-0.000327771
-0.000325675
-0.000323593
-0.000321525
-0.00031947
-0.000317428
-0.0003154
-0.000313385
-0.000311383
-0.000309394
-0.000307419
-0.000305457
-0.000303508
-0.000301572
-0.000299649
-0.000297738
-0.000295839
-0.000293953
-0.000292078
-0.000290216
-0.000288367
-0.00028653
-0.000284705
-0.000282892
-0.000281091
-0.000279302
-0.000277524
-0.000275758
-0.000274003
-0.00027226
-0.000270528
-0.000268807
-0.000267097
-0.000265399
-0.000263713
-0.000262037
-0.000260373
-0.000258719
-0.000257075
-0.000255443
-0.000253821
-0.00025221
-0.000250609
-0.000249018
-0.000247438
-0.000245867
-0.000244307
-0.000242758
-0.000241219
-0.00023969
-0.000238171
-0.000236662
-0.000235162
-0.000233673
-0.000232192
-0.000230722
-0.000229261
-0.000227809
-0.000226367
-0.000224934
-0.00022351
-0.000222096
-0.000220691
-0.000219295
-0.000217908
-0.00021653
-0.000215162
-0.000213802
-0.000212451
-0.000211108
-0.000209775
-0.000208449
-0.000207133
-0.000205825
-0.000204525
-0.000203234
-0.000201951
-0.000200676
-0.00019941
-0.000198151
-0.000196901
-0.000195659
-0.000194425
-0.0001932
-0.000191982
-0.000190772
-0.000189569
-0.000188375
-0.000187188
-0.00018601
-0.000184837
-0.000183673
-0.000182516
-0.000181367
-0.000180226
-0.000179092
-0.000177965
-0.000176845
-0.000175733
-0.000174627
-0.00017353
-0.000172439
-0.000171354
-0.000170277
-0.000169206
-0.000168143
-0.000167087
-0.000166037
-0.000164995
-0.000163959
-0.00016293
-0.000161907
-0.000160891
-0.000159882
-0.000158878
-0.000157881
-0.000156891
-0.000155907
-0.000154931
-0.000153958
-0.000152994
-0.000152035
-0.000151082
-0.000150135
-0.000149194
-0.000148258
-0.000147329
-0.000146406
-0.00014549
-0.000144578
-0.000143673
-0.000142774
-0.000141881
-0.000140994
-0.000140111
-0.000139235
-0.000138365
-0.0001375
-0.00013664
-0.000135786
-0.000134937
-0.000134094
-0.000133256
-0.000132423
-0.000131596
-0.000130774
-0.000129957
-0.000129146
-0.00012834
-0.000127538
-0.000126742
-0.000125951
-0.000125165
-0.000124384
-0.000123608
-0.000122837
-0.000122071
-0.000121309
-0.000120553
-0.000119802
-0.000119055
-0.000118313
-0.000117576
-0.000116843
-0.000116116
-0.000115392
-0.000114674
-0.00011396
-0.000113251
-0.000112546
-0.000111846
-0.00011115
-0.000110458
-0.000109771
-0.000109088
-0.00010841
-0.000107736
-0.000107066
-0.0001064
-0.000105739
-0.000105081
-0.000104428
-0.000103779
-0.000103135
-0.000102494
-0.000101857
-0.000101225
-0.000100596
-9.9972e-05
-9.93514e-05
-9.87349e-05
-9.81221e-05
-9.75132e-05
-9.69081e-05
-9.6307e-05
-9.57096e-05
-9.5116e-05
-9.45262e-05
-9.39401e-05
-9.33577e-05
-9.27789e-05
-9.2204e-05
-9.16329e-05
-9.10653e-05
-9.05013e-05
-8.99409e-05
-8.9384e-05
-8.88306e-05
-8.82807e-05
-8.77343e-05
-8.71913e-05
-8.66518e-05
-8.61156e-05
-8.55829e-05
-8.50535e-05
-8.45275e-05
-8.40048e-05
-8.34855e-05
-8.29693e-05
-8.24563e-05
-8.19458e-05
-8.14393e-05
-8.09356e-05
-8.0436e-05
-7.99388e-05
-7.94456e-05
-7.89546e-05
-7.84676e-05
-7.79827e-05
-7.75017e-05
-7.7023e-05
-7.65481e-05
-7.60753e-05
-7.56063e-05
-7.51395e-05
-7.46753e-05
-7.42143e-05
-7.37564e-05
-7.33016e-05
-7.28497e-05
-7.24007e-05
-7.19545e-05
-7.15111e-05
-7.10705e-05
-7.06327e-05
-7.01976e-05
-6.97652e-05
-6.93355e-05
-6.89086e-05
-6.84843e-05
-6.80627e-05
-6.76438e-05
-6.72276e-05
-6.6814e-05
-6.64029e-05
-6.59944e-05
-6.55886e-05
-6.51852e-05
-6.47844e-05
-6.43861e-05
-6.39902e-05
-6.35969e-05
-6.32028e-05
-6.2815e-05
-6.24302e-05
-6.20477e-05
-6.16671e-05
-6.12884e-05
-6.09119e-05
-6.05376e-05
-6.01656e-05
-5.97959e-05
-5.94287e-05
-5.90638e-05
-5.87012e-05
-5.83409e-05
-5.79829e-05
-5.76272e-05
-5.72737e-05
-5.69225e-05
-5.65735e-05
-5.62267e-05
-5.58821e-05
-5.55396e-05
-5.51993e-05
-5.48612e-05
-5.45251e-05
-5.4191e-05
-5.38591e-05
-5.35292e-05
-5.32014e-05
-5.28757e-05
-5.2552e-05
-5.22303e-05
-5.19106e-05
-5.15929e-05
-5.12771e-05
-5.09633e-05
-5.06515e-05
-5.03416e-05
-5.00337e-05
-4.97276e-05
-4.94235e-05
-4.91213e-05
-4.88209e-05
-4.85225e-05
-4.82259e-05
-4.79311e-05
-4.76382e-05
-4.73471e-05
-4.70578e-05
-4.67703e-05
-4.64847e-05
-4.62008e-05
-4.59184e-05
-4.56381e-05
-4.53596e-05
-4.50828e-05
-4.48078e-05
-4.45344e-05
-4.42627e-05
-4.39926e-05
-4.37243e-05
-4.34576e-05
-4.31925e-05
-4.29291e-05
-4.26673e-05
-4.24072e-05
-4.21487e-05
-4.18918e-05
-4.16365e-05
-4.13828e-05
-4.11306e-05
-4.088e-05
-4.06309e-05
-4.03834e-05
-4.01375e-05
-3.98931e-05
-3.96502e-05
-3.94087e-05
-3.91688e-05
-3.89304e-05
-3.86935e-05
-3.8458e-05
-3.8224e-05
-3.79915e-05
-3.77603e-05
-3.75306e-05
-3.73024e-05
-3.70755e-05
-3.68501e-05
-3.6626e-05
-3.64033e-05
-3.61819e-05
-3.5962e-05
-3.57435e-05
-3.55264e-05
-3.53106e-05
-3.5096e-05
-3.48828e-05
-3.46709e-05
-3.44603e-05
-3.42511e-05
-3.40431e-05
-3.38365e-05
-3.36311e-05
-3.3427e-05
-3.32241e-05
-3.30225e-05
-3.28222e-05
-3.26231e-05
-3.24252e-05
-3.22284e-05
-3.2033e-05
-3.18387e-05
-3.16457e-05
-3.14538e-05
-3.12632e-05
-3.10737e-05
-3.08853e-05
-3.06983e-05
-3.05123e-05
-3.03274e-05
-3.01437e-05
-2.9961e-05
-2.97795e-05
-2.95992e-05
-2.94199e-05
-2.92416e-05
-2.90647e-05
-2.88889e-05
-2.87141e-05
-2.85403e-05
-2.83676e-05
-2.81963e-05
-2.80248e-05
-2.78553e-05
-2.76874e-05
-2.75191e-05
-2.73529e-05
-2.71884e-05
-2.70231e-05
-2.68606e-05
-2.66974e-05
-2.65369e-05
-2.63758e-05
-2.62174e-05
-2.60582e-05
-2.59018e-05
-2.57446e-05
-2.55901e-05
-2.54348e-05
-2.52822e-05
-2.51288e-05
-2.49781e-05
-2.48265e-05
-2.46776e-05
-2.45279e-05
-2.43809e-05
-2.4233e-05
-2.40877e-05
-2.39416e-05
-2.37982e-05
-2.36538e-05
-2.35121e-05
-2.33695e-05
-2.32284e-05
-2.30874e-05
-2.29468e-05
-2.281e-05
-2.26732e-05
-2.25364e-05
-2.24021e-05
-2.22674e-05
-2.21323e-05
-2.20001e-05
-2.18674e-05
-2.17354e-05
-2.16033e-05
-2.14743e-05
-2.1345e-05
-2.12162e-05
-2.10883e-05
-2.09611e-05
-2.08348e-05
-2.07094e-05
-2.05847e-05
-2.04609e-05
-2.03379e-05
-2.02157e-05
-2.00942e-05
-1.99735e-05
-1.98535e-05
-1.97343e-05
-1.96158e-05
-1.9498e-05
-1.93809e-05
-1.92645e-05
-1.91488e-05
-1.90339e-05
-1.89196e-05
-1.8806e-05
-1.86932e-05
-1.8581e-05
-1.84695e-05
-1.83586e-05
-1.82484e-05
-1.81389e-05
-1.80301e-05
-1.79219e-05
-1.78144e-05
-1.77075e-05
-1.76013e-05
-1.74957e-05
-1.73908e-05
-1.72865e-05
-1.71829e-05
-1.70798e-05
-1.69774e-05
-1.68757e-05
-1.67745e-05
-1.6674e-05
-1.6574e-05
-1.64747e-05
-1.6376e-05
-1.62779e-05
-1.61803e-05
-1.60834e-05
-1.5987e-05
-1.58911e-05
-1.57958e-05
-1.57012e-05
-1.56073e-05
-1.55139e-05
-1.5421e-05
-1.53287e-05
-1.5237e-05
-1.51458e-05
-1.50552e-05
-1.49651e-05
-1.48756e-05
-1.47866e-05
-1.46981e-05
-1.46102e-05
-1.45228e-05
-1.44359e-05
-1.43495e-05
-1.42637e-05
-1.41784e-05
-1.40936e-05
-1.40094e-05
-1.39256e-05
-1.38424e-05
-1.37596e-05
-1.36774e-05
-1.35956e-05
-1.35144e-05
-1.34336e-05
-1.33533e-05
-1.32735e-05
-1.31942e-05
-1.31154e-05
-1.30371e-05
-1.29592e-05
-1.28819e-05
-1.28049e-05
-1.27285e-05
-1.26525e-05
-1.25769e-05
-1.25019e-05
-1.24272e-05
-1.2353e-05
-1.22793e-05
-1.2206e-05
-1.21332e-05
-1.20608e-05
-1.19888e-05
-1.19173e-05
-1.18462e-05
-1.17756e-05
-1.17053e-05
-1.16355e-05
-1.15661e-05
-1.14972e-05
-1.14286e-05
-1.13605e-05
-1.12928e-05
-1.12254e-05
-1.11585e-05
-1.1092e-05
-1.10259e-05
-1.09602e-05
-1.08949e-05
-1.083e-05
-1.07655e-05
-1.07014e-05
-1.06376e-05
-1.05743e-05
-1.05113e-05
-1.04487e-05
-1.03865e-05
-1.03247e-05
-1.02632e-05
-1.02021e-05
-1.01414e-05
-1.0081e-05
-1.0021e-05
-9.96134e-06
-9.90206e-06
-9.84314e-06
-9.78458e-06
-9.72636e-06
-9.66849e-06
-9.61097e-06
-9.55379e-06
-9.49695e-06
-9.44046e-06
-9.38431e-06
-9.3285e-06
-9.27304e-06
-9.21795e-06
-9.1632e-06
-9.10873e-06
-9.05454e-06
-9.00068e-06
-8.94715e-06
-8.89397e-06
-8.84112e-06
-8.7886e-06
-8.7364e-06
-8.68451e-06
-8.63293e-06
-8.58165e-06
-8.53069e-06
-8.48002e-06
-8.42966e-06
-8.3796e-06
-8.32985e-06
-8.28092e-06
-8.23106e-06
-8.18119e-06
-8.13218e-06
-8.08406e-06
-8.03656e-06
-7.98943e-06
-7.94253e-06
-7.89579e-06
-7.84921e-06
-7.8028e-06
-7.7566e-06
-7.71062e-06
-7.66488e-06
-7.61938e-06
-7.57414e-06
-7.52916e-06
-7.48444e-06
-7.43999e-06
-7.3958e-06
-7.35187e-06
-7.30821e-06
-7.26482e-06
-7.22169e-06
-7.17882e-06
-7.13622e-06
-7.09388e-06
-7.0518e-06
-7.00997e-06
-6.96841e-06
-6.92709e-06
-6.88603e-06
-6.84522e-06
-6.80465e-06
-6.76434e-06
-6.72426e-06
-6.68443e-06
-6.64484e-06
-6.60548e-06
-6.56635e-06
-6.52745e-06
-6.48879e-06
-6.45038e-06
-6.41221e-06
-6.37427e-06
-6.33655e-06
-6.29906e-06
-6.26179e-06
-6.22474e-06
-6.1879e-06
-6.15128e-06
-6.11488e-06
-6.0787e-06
-6.04274e-06
-6.00699e-06
-5.97145e-06
-5.93613e-06
-5.90103e-06
-5.86613e-06
-5.83144e-06
-5.79696e-06
-5.76269e-06
-5.72863e-06
-5.69477e-06
-5.66111e-06
-5.62765e-06
-5.5944e-06
-5.56134e-06
-5.52848e-06
-5.49581e-06
-5.46334e-06
-5.43107e-06
-5.39898e-06
-5.36709e-06
-5.33539e-06
-5.30388e-06
-5.27256e-06
-5.24142e-06
-5.21047e-06
-5.1797e-06
-5.14912e-06
-5.11872e-06
-5.0885e-06
-5.05847e-06
-5.02861e-06
-4.99893e-06
-4.96942e-06
-4.9401e-06
-4.91094e-06
-4.88196e-06
-4.85316e-06
-4.82452e-06
-4.79606e-06
-4.76777e-06
-4.73964e-06
-4.71168e-06
-4.68389e-06
-4.65627e-06
-4.6288e-06
-4.60151e-06
-4.57437e-06
-4.5474e-06
-4.52059e-06
-4.49393e-06
-4.46744e-06
-4.4411e-06
-4.41492e-06
-4.3889e-06
-4.36303e-06
-4.33732e-06
-4.31175e-06
-4.28634e-06
-4.26109e-06
-4.23598e-06
-4.21102e-06
-4.18621e-06
-4.16155e-06
-4.13703e-06
-4.11266e-06
-4.08844e-06
-4.06436e-06
-4.04042e-06
-4.01662e-06
-3.9946e-06
-3.97094e-06
-3.94669e-06
-3.92258e-06
-3.89895e-06
-3.87584e-06
-3.85315e-06
-3.83074e-06
-3.80853e-06
-3.78643e-06
-3.76442e-06
-3.7425e-06
-3.72065e-06
-3.69888e-06
-3.6772e-06
-3.65561e-06
-3.63412e-06
-3.61273e-06
-3.59146e-06
-3.5703e-06
-3.54925e-06
-3.52832e-06
-3.50751e-06
-3.48682e-06
-3.46625e-06
-3.44581e-06
-3.42549e-06
-3.40529e-06
-3.38522e-06
-3.36527e-06
-3.34544e-06
-3.32573e-06
-3.30614e-06
-3.28667e-06
-3.26732e-06
-3.24809e-06
-3.22897e-06
-3.20997e-06
-3.19108e-06
-3.17231e-06
-3.15365e-06
-3.1351e-06
-3.11667e-06
-3.09834e-06
-3.08013e-06
-3.06202e-06
-3.04403e-06
-3.02614e-06
-3.00835e-06
-2.99068e-06
-2.97311e-06
-2.95564e-06
-2.93828e-06
-2.92102e-06
-2.90386e-06
-2.88681e-06
-2.86986e-06
-2.853e-06
-2.83625e-06
-2.8196e-06
-2.80304e-06
-2.78659e-06
-2.77023e-06
-2.75397e-06
-2.73781e-06
-2.72174e-06
-2.70576e-06
-2.68989e-06
-2.6741e-06
-2.65841e-06
-2.64281e-06
-2.62731e-06
-2.61189e-06
-2.59657e-06
-2.58134e-06
-2.5662e-06
-2.55114e-06
-2.53618e-06
-2.52131e-06
-2.50652e-06
-2.49182e-06
-2.47721e-06
-2.46269e-06
-2.44825e-06
-2.43389e-06
-2.41962e-06
-2.40544e-06
-2.39134e-06
-2.37732e-06
-2.36339e-06
-2.34954e-06
-2.33577e-06
-2.32208e-06
-2.30847e-06
-2.29494e-06
-2.2815e-06
-2.26813e-06
-2.25484e-06
-2.24163e-06
-2.2285e-06
-2.21544e-06
-2.20247e-06
-2.18956e-06
-2.17674e-06
-2.16399e-06
-2.15132e-06
-2.13872e-06
-2.1262e-06
-2.11374e-06
-2.10137e-06
-2.08906e-06
-2.07683e-06
-2.06467e-06
-2.05259e-06
-2.04057e-06
-2.02863e-06
-2.01675e-06
-2.00495e-06
-1.99449e-06
-1.98357e-06
-1.97199e-06
-1.95982e-06
-1.94749e-06
-1.93533e-06
-1.92348e-06
-1.91193e-06
-1.90063e-06
-1.88953e-06
-1.87857e-06
-1.8677e-06
-1.85691e-06
-1.84618e-06
-1.83551e-06
-1.82488e-06
-1.81431e-06
-1.80378e-06
-1.79331e-06
-1.78289e-06
-1.77252e-06
-1.7622e-06
-1.75193e-06
-1.74172e-06
-1.73157e-06
-1.72147e-06
-1.71142e-06
-1.70143e-06
-1.69149e-06
-1.68161e-06
-1.67178e-06
-1.66201e-06
-1.6523e-06
-1.64264e-06
-1.63304e-06
-1.62349e-06
-1.614e-06
-1.60457e-06
-1.59519e-06
-1.58586e-06
-1.57659e-06
-1.56738e-06
-1.55821e-06
-1.5491e-06
-1.54005e-06
-1.53106e-06
-1.52212e-06
-1.51324e-06
-1.50441e-06
-1.49562e-06
-1.48689e-06
-1.4782e-06
-1.46956e-06
-1.46098e-06
-1.45244e-06
-1.44395e-06
-1.43551e-06
-1.42717e-06
-1.41895e-06
-1.41079e-06
-1.40267e-06
-1.3946e-06
-1.38657e-06
-1.37859e-06
-1.37066e-06
-1.36277e-06
-1.35494e-06
-1.34714e-06
-1.3394e-06
-1.33169e-06
-1.32404e-06
-1.31643e-06
-1.30886e-06
