375.618
1.70433
1.74317
1.74717
3.8691
4.05631
4.09549
4.03141
3.965
3.9209
3.86952
3.79886
3.73931
3.68534
3.62506
3.6151
3.62074
3.55761
3.50965
3.55664
3.49887
3.50371
3.53006
3.51571
3.49968
3.4538
3.50118
3.50422
3.44747
3.51471
3.44226
3.50646
3.50631
3.44278
3.51251
3.52083
3.52671
3.51483
3.5065
3.51996
3.49648
3.49549
3.49644
3.56359
3.491
3.57304
3.51565
3.55879
3.55646
3.56215
3.57922
3.57314
3.56416
3.61224
3.57621
3.61894
3.62046
3.61913
3.61875
3.63148
3.61722
3.6727
3.62452
3.67641
3.67789
3.67713
3.68144
3.67081
3.74069
3.68907
3.7491
3.73194
3.7463
3.7511
3.74195
3.78727
3.75438
3.81035
3.78561
3.80423
3.79884
3.85
3.79177
3.87779
3.86416
3.86113
3.86023
3.92917
3.85521
3.90798
3.9208
3.93016
3.97908
3.91587
3.98642
3.98121
3.978
3.9714
4.04241
4.04014
4.03399
4.0325
4.04388
4.0868
4.03399
4.0907
4.11104
4.09283
4.1517
4.15226
4.15315
4.14285
4.14646
4.20564
4.15274
4.22634
4.22353
4.27095
4.22656
4.27215
4.27334
4.29522
4.33044
4.26945
4.33051
4.3394
4.39985
4.34225
4.38272
4.41624
4.38845
4.45442
4.40759
4.44078
4.43865
4.51686
4.44528
4.50752
4.51895
4.50816
4.56775
4.59894
4.56717
4.56657
4.62998
4.5679
4.62325
4.62862
4.68065
4.61862
4.68208
4.68482
4.74695
4.69775
4.75637
4.76677
4.74026
4.80452
4.83242
4.80276
4.8053
4.87549
4.8647
4.8886
4.87401
4.93492
4.85696
4.92331
4.99209
4.92131
4.97259
4.98036
4.96832
5.05401
4.81572
5.05624
5.03697
5.05075
5.10117
5.09459
5.10435
5.09575
5.16013
5.17979
5.14793
5.18092
5.21872
5.23232
5.20712
5.2138
5.28162
5.2142
5.29486
5.32547
5.29487
5.32446
5.3383
5.31978
5.38692
5.32377
5.39294
5.40224
5.46026
5.45014
5.46352
5.44603
5.4503
5.53544
5.52545
5.50621
5.51514
5.58126
5.56821
5.5758
5.57978
5.63872
5.65691
5.64202
5.64295
5.63516
5.67913
5.6886
5.69616
5.69181
5.75881
5.7415
5.74926
5.75315
5.79864
5.75341
5.80484
5.82018
5.87101
5.8051
5.88697
5.86196
5.8861
5.91682
5.8635
5.93166
5.92679
5.94422
5.99632
5.99516
6.01693
5.98386
6.00442
6.04434
5.99288
6.05636
6.0462
6.05947
6.11848
6.09825
6.11618
6.09462
6.12842
6.09167
6.16096
6.16056
6.16325
6.17344
6.16545
6.24193
6.23837
6.24458
6.22047
6.2326
6.22854
6.28022
6.29954
6.28962
6.29614
6.28724
6.29344
6.34786
6.2778
6.33688
6.35566
6.35464
6.36623
6.39965
6.36599
6.40411
6.41019
6.39727
6.43236
6.42169
6.47326
6.42335
6.47035
6.45739
6.46012
6.47917
6.47443
6.48006
6.52183
6.48655
6.52662
6.51875
6.52211
6.55996
6.55088
6.5197
6.5454
6.58054
6.51386
6.58099
6.5489
6.59495
6.59943
6.57546
6.6021
6.58489
6.57432
6.58934
6.66149
6.60079
6.64047
6.60119
6.65466
6.6435
6.59097
6.65177
6.66285
6.65467
6.64185
6.64809
6.65508
6.64874
6.64674
6.6451
6.70983
6.66681
6.65377
6.72981
6.64798
6.7305
6.65267
6.70821
6.65156
6.72058
6.68295
6.70188
6.65781
6.69639
6.70297
6.64703
6.71754
6.65256
6.69919
6.72643
6.64804
6.72057
6.64722
6.7015
6.71033
6.66517
6.71928
6.65009
6.72572
6.65803
6.72543
6.65295
6.72095
6.64098
6.64194
6.70662
6.66891
6.66024
6.65967
6.66876
6.65096
6.64588
6.65804
6.66091
6.66061
6.66143
6.64898
6.60315
6.65259
6.59411
6.66298
6.59753
6.61058
6.645
6.62286
6.59542
6.60384
6.59405
6.60567
6.59631
6.55839
6.5903
6.5372
6.62154
6.53856
6.53172
6.53318
6.5404
6.52851
6.55536
6.49944
6.52842
6.49826
6.47356
6.48308
6.47069
6.48481
6.48154
6.47008
6.44298
6.41599
6.50025
6.41908
6.41441
6.41219
6.36688
6.43309
6.39137
6.37429
6.36698
6.35478
6.38738
6.36578
6.29807
6.35555
6.30745
6.31917
6.32279
6.3118
6.25995
6.2394
6.30755
6.24293
6.25765
6.20882
6.23671
6.20043
6.19144
6.17878
6.18718
6.18943
6.12695
6.14215
6.1255
6.14323
6.11709
6.07266
6.06233
6.08516
6.07553
6.08726
6.00658
6.08377
6.00917
6.00687
5.94906
6.03045
5.96098
5.96655
5.9524
5.97151
5.89031
5.88348
5.88844
5.90686
5.90974
5.85457
5.83265
5.84027
5.82658
5.77897
5.77897
5.76547
5.79563
5.77541
5.731
5.70933
5.73005
5.71289
5.65441
5.65978
5.675
5.66621
5.61517
5.6584
5.6202
5.60139
5.54509
5.61405
5.5495
5.55283
5.49155
5.55711
5.48499
5.5172
5.44331
5.48243
5.4244
5.42282
5.4312
5.39441
5.36982
5.3804
5.35469
5.31412
5.32144
5.29991
5.3072
5.2532
5.24264
5.25385
5.24179
5.20305
5.19319
5.19892
5.19252
5.1318
5.14175
5.12005
5.12071
5.07064
5.08587
5.07256
5.0681
5.022
5.00715
5.03039
5.01639
4.94204
4.9503
4.9419
4.93743
4.91028
4.89593
4.89055
4.85068
4.88423
4.82349
4.85123
4.76461
4.77151
4.77454
4.76405
4.70257
4.7873
4.7174
4.64609
4.73471
4.64912
4.64846
4.65655
4.61033
4.59234
4.59799
4.59023
4.53145
4.53873
4.53167
4.52752
4.49862
4.48347
4.46871
4.43744
4.47063
4.40762
4.4344
4.35249
4.34383
4.35157
4.34389
4.35152
4.30333
4.28811
4.30349
4.2304
4.22316
4.24233
4.23516
4.22845
4.16319
4.17788
4.16626
4.11533
4.11832
4.11326
4.1266
4.05447
4.12557
4.04891
4.00089
4.05477
3.99101
3.99618
3.99066
3.93121
3.99428
3.93321
3.8839
3.93609
3.87429
3.88142
3.87647
3.87237
3.81112
3.82265
3.813
3.75038
3.81606
3.75227
3.75704
3.70049
3.75236
3.70915
3.69951
3.69285
3.63253
3.64633
3.64017
3.63429
3.58635
3.63603
3.57161
3.58251
3.51825
3.57928
3.52397
3.51938
3.4567
3.54852
3.46421
3.45551
3.4646
3.39891
3.45433
3.40533
3.40144
3.33665
3.40701
3.34532
3.34143
3.35071
3.28333
3.3371
3.2882
3.28602
3.27846
3.22876
3.23608
3.21852
3.22785
3.22262
3.16097
3.16895
3.16493
3.16255
3.16575
3.10146
3.09941
3.108
3.10058
3.09943
3.05077
3.04892
3.04126
3.0499
2.98569
3.041
2.99377
2.98575
2.98279
2.93419
2.98395
2.92478
2.93637
2.92479
2.86638
2.93379
2.867
2.86498
2.87643
2.80933
2.86443
2.81705
2.81024
2.80935
2.81647
2.75179
2.74942
2.81686
2.74981
2.69091
2.75937
2.69227
2.74822
2.69957
2.69513
2.63784
2.70038
2.63495
2.63273
2.64165
2.63579
2.63306
2.58386
2.57559
2.63257
2.58669
2.51747
2.57347
2.52507
2.57653
2.51456
2.52617
2.51834
2.45216
2.52132
2.45519
2.45756
2.46871
2.45914
2.45815
2.40835
2.40168
2.45654
2.4082
2.40183
2.34
2.40897
2.33845
2.34167
2.3499
2.34563
2.3417
2.35098
2.28541
2.33707
2.28742
2.27913
2.27644
2.28652
2.22315
2.27671
2.22842
2.2217
2.22292
2.23485
2.22289
2.16119
2.22852
2.16294
2.16123
2.17136
2.16295
2.15996
2.17009
2.10563
2.16059
2.11264
2.10733
2.10328
2.11335
2.04703
2.1046
2.05491
2.10515
2.04524
2.05455
2.04696
2.04431
1.99591
2.04772
1.98618
2.05613
1.98939
1.98661
1.99678
1.98986
1.92871
1.99589
1.9306
1.98849
1.93854
1.93096
1.92881
1.93752
1.93125
1.87125
1.93914
1.87525
1.92855
1.88036
1.75657
1.87083
1.8223
1.87274
1.81251
1.88028
1.8144
1.81143
1.82223
1.81481
1.81187
1.82161
1.81515
1.756
1.82379
1.75771
1.75456
1.76472
1.75593
1.75533
1.76363
1.75635
1.75552
1.70507
1.75631
1.69643
1.70504
1.69897
1.69658
1.7053
1.70002
1.69703
1.70541
1.63967
1.69622
1.64728
1.64054
1.69567
1.64724
1.6408
1.63816
1.64727
1.58289
1.63894
1.64702
1.58233
1.63844
1.58913
1.58257
1.58131
1.58984
1.58295
1.57943
1.58848
1.58227
1.52073
1.58902
1.52426
1.46324
1.53048
1.52431
1.52194
1.53082
1.52334
1.52149
1.53095
1.46615
1.52122
1.4746
1.52408
1.46295
1.53086
1.47132
1.46366
1.47234
1.46675
1.46363
1.47211
1.46547
1.46335
1.41455
1.46563
1.46303
1.41492
1.40748
1.46345
1.41467
1.40779
1.40595
1.4146
1.41432
1.4055
1.4089
1.40238
1.40105
1.40911
1.40287
1.34125
1.40912
1.34422
1.34266
1.40934
1.34447
1.3419
1.35147
1.34516
1.34176
1.35114
1.34368
1.34215
1.3519
1.34571
1.34139
1.35125
1.34445
1.34227
1.29349
1.28632
1.34156
1.29293
1.28662
1.2839
1.34539
1.28045
1.27867
1.29269
1.28072
1.27854
1.29266
1.28639
1.28458
1.29286
1.28663
1.28451
1.2883
1.28077
1.27804
1.28712
1.28116
1.21991
1.28766
1.22288
1.22027
1.22893
1.22271
1.2201
1.22996
1.22307
1.22013
1.22925
1.22337
1.22025
1.22926
1.22253
1.2219
1.22945
1.22334
1.21934
1.23192
1.22262
1.22032
1.22913
1.22287
1.21993
1.22924
1.22276
1.22031
1.22924
1.22235
1.16178
1.17072
1.16438
1.16144
1.17031
1.16442
1.16151
1.17151
1.16488
1.16168
1.17092
1.16462
1.16241
1.1705
1.16628
1.16258
1.17515
1.1641
1.16136
1.1711
1.1645
1.16143
1.17083
1.16446
1.16209
1.17056
1.1644
1.16229
1.17117
1.16378
1.16152
1.17066
1.16431
1.16167
1.17095
1.16454
1.16283
1.17057
1.16507
1.16228
1.17122
1.16481
1.16197
1.17051
1.16406
1.10403
1.11346
1.10624
1.1031
1.11311
1.10621
1.10348
1.11284
1.10654
1.10329
1.11247
1.10628
1.10384
1.1128
1.10624
1.10409
1.11286
1.10662
1.1041
1.11286
1.10634
1.10515
1.11323
1.10702
1.10351
1.11254
1.101
1.09879
1.10756
1.10169
1.09815
1.10768
1.10089
1.09814
1.1077
1.10125
1.10008
1.10764
1.10158
1.09829
1.10705
1.10182
1.09831
1.10783
1.10118
1.09828
1.10774
1.10114
1.09823
1.10988
1.10152
1.09894
1.10743
1.1012
1.09796
1.10715
1.10091
1.09826
1.10848
1.10115
1.09835
1.10804
1.10065
1.04037
1.04903
1.04272
1.03977
1.04929
1.0447
1.04054
1.04937
1.04296
1.03998
1.05005
1.04272
1.04021
1.04924
1.04414
1.04406
1.04894
1.0425
1.04018
1.04942
1.04341
1.04005
1.04916
1.04289
1.04065
1.04977
1.04293
1.04013
1.04946
1.04302
1.04015
1.04919
1.04282
1.04023
1.0501
1.04373
1.03997
1.04945
1.04316
1.04078
1.04942
1.0425
1.04138
1.04944
1.0429
1.04008
1.04926
1.04252
1.0402
1.04953
1.0441
1.03976
1.04889
1.04272
1.03961
1.0491
1.04302
1.04022
1.0495
1.04285
1.03467
1.04375
1.03734
1.03504
1.0446
1.03795
1.03457
1.04354
1.03797
1.03484
1.0438
1.03909
1.0294
1.04401
1.03748
1.03471
1.0436
1.03224
1.02964
1.0386
1.03272
1.02955
1.03835
1.03208
1.02917
1.03855
0.973933
1.03014
0.980453
0.973742
0.97672
0.980528
0.973676
0.971111
0.985902
0.97976
0.971115
0.980236
0.974085
0.971293
0.980264
0.975902
0.97116
0.980471
0.973666
0.971334
0.980771
0.973589
0.971902
0.981357
0.974456
0.971338
0.97971
0.974825
0.971326
0.980303
0.973778
0.971124
0.980305
0.973937
0.971333
0.980458
0.973567
0.971941
0.980471
0.97482
0.971192
0.980091
0.974047
0.970772
0.980045
0.974453
0.972449
0.985509
0.973728
0.971422
0.98047
0.974061
0.971297
0.980509
0.974763
0.971182
0.980095
0.974579
0.971066
0.980203
0.973786
0.9711
0.980591
0.975136
0.971521
0.980393
0.973715
0.971152
0.980782
0.974707
0.970811
0.980157
0.973833
0.971794
0.980812
0.97424
0.971396
0.982602
0.974247
0.971719
0.980452
0.973758
0.971436
0.982116
0.974552
0.971507
0.980094
0.974249
0.972425
0.981045
0.974114
0.971504
0.980224
0.974048
0.971513
0.980383
0.974005
0.971284
0.980225
0.974779
0.972414
0.980155
0.974497
0.971142
0.981037
0.974073
0.971317
0.981927
0.973751
0.971359
0.98068
0.974262
0.913361
0.980754
0.916499
0.971055
0.922176
0.915927
0.912805
0.923166
0.915795
0.913218
0.922379
0.916058
0.913265
0.917893
0.910746
0.908197
0.911948
0.905532
0.902411
0.911146
0.905514
0.902551
0.911595
0.90503
0.904354
0.911534
0.90553
0.907873
0.917918
0.910753
0.907617
0.911688
0.911003
0.902589
0.911027
0.905042
0.902474
0.9118
0.905165
0.902284
0.91211
0.905299
0.902168
0.911598
0.904499
0.902155
0.911258
0.905323
0.902637
0.911421
0.905127
0.902016
0.911792
0.905432
0.90217
0.911481
0.905124
0.902917
0.911037
0.904956
0.902284
0.914078
0.90838
0.902724
0.910726
0.905422
0.9023
0.911584
0.905763
0.902437
0.911694
0.905097
0.90231
0.912159
0.905561
0.902074
0.911679
0.905476
0.90263
0.911569
0.904937
0.902517
0.911546
0.905019
0.902593
0.911988
0.905154
0.902563
0.911395
0.90517
0.902583
0.911162
0.905316
0.90212
0.911207
0.905236
0.902076
0.911902
0.905197
0.902355
0.911527
0.905023
0.902706
0.911346
0.904998
0.902607
0.911728
0.907682
0.902665
0.910954
0.90519
0.902416
0.911931
0.905446
0.902331
0.911693
0.905109
0.902402
0.911306
0.905372
0.902372
0.911265
0.905401
0.902739
0.911316
0.905248
0.90245
0.913992
0.905565
0.904428
0.911294
0.905075
0.903044
0.911609
0.847068
0.902307
0.853251
0.905606
0.843855
0.911414
0.847706
0.902175
0.853224
0.905285
0.844297
0.911444
0.847253
0.902793
0.852821
0.847151
0.844661
0.85375
0.847594
0.844359
0.852782
0.847439
0.843822
0.853449
0.847052
0.844065
0.853123
0.847655
0.847069
0.853172
0.847467
0.844515
0.853577
0.847555
0.844182
0.847465
0.842008
0.838768
0.84782
0.841484
0.838352
0.848661
0.836077
0.833823
0.842696
0.8363
0.833429
0.843007
0.836958
0.833719
0.842056
0.836381
0.833882
0.8428
0.836597
0.833599
0.842437
0.836212
0.833756
0.843064
0.836289
0.833523
0.842647
0.837675
0.833451
0.842924
0.841194
0.833395
0.842642
0.835911
0.833322
0.843053
0.836303
0.833782
0.842553
0.836226
0.833949
0.843148
0.836554
0.833933
0.842379
0.836382
0.833728
0.842752
0.836263
0.833452
0.842368
0.836231
0.834093
0.843041
0.836349
0.833901
0.842422
0.83659
0.833772
0.843369
0.836279
0.83374
0.842559
0.836949
0.833155
0.84325
0.836368
0.83361
0.842761
0.836008
0.833659
0.843637
0.836515
0.834289
0.842231
0.836655
0.833987
0.842829
0.836171
0.83323
0.842878
0.835869
0.833685
0.842867
0.836265
0.833788
0.842583
0.836714
0.835234
0.842344
0.836507
0.833687
0.842517
0.8363
0.833423
0.843718
0.836176
0.834411
0.842752
0.837697
0.833725
0.842561
0.836636
0.834212
0.842618
0.836057
0.833638
0.842517
0.83641
0.834013
0.842284
0.836184
0.833667
0.842843
0.835906
0.833769
0.842544
0.836622
0.833425
0.842467
0.836513
0.833812
0.84233
0.836456
0.833668
0.843627
0.836221
0.834241
0.842553
0.83632
0.833898
0.843625
0.836504
0.833767
0.842045
0.837657
0.833661
0.84267
0.777958
0.833648
0.842866
0.778383
0.833747
0.837697
0.772669
0.828145
0.778711
0.831161
0.769722
0.83692
0.772618
0.828306
0.778774
0.830962
0.769665
0.837209
0.77266
0.828399
0.778614
0.830723
0.770225
0.83697
0.773115
0.828319
0.778896
0.831017
0.770065
0.837502
0.773206
0.828517
0.773678
0.767324
0.825763
0.773628
0.770186
0.823697
0.773395
0.767953
0.822668
0.773557
0.767521
0.766242
0.831754
0.767261
0.764792
0.773516
0.767423
0.765788
0.773461
0.767179
0.765012
0.773689
0.767526
0.76465
0.773924
0.767502
0.76462
0.77415
0.767439
0.764519
0.773988
0.767176
0.764811
0.773219
0.767124
0.764731
0.774576
0.768822
0.764868
0.773007
0.767214
0.76618
0.773476
0.767639
0.764531
0.773532
0.766922
0.764562
0.773319
0.76736
0.764902
0.773535
0.767536
0.7647
0.772859
0.767028
0.765639
0.774007
0.767372
0.764861
0.773485
0.767213
0.764982
0.773406
0.767402
0.764754
0.773394
0.768338
0.765057
0.773391
0.767571
0.765176
0.773387
0.767117
0.764236
0.773737
0.767201
0.764845
0.773285
0.767614
0.765103
0.773632
0.767639
0.765115
0.773226
0.767265
0.764625
0.773681
0.767292
0.76457
0.773709
0.767364
0.765136
0.773361
0.767394
0.764554
0.773966
0.767905
0.764716
0.773342
0.767513
0.764585
0.77503
0.767449
0.76543
0.773693
0.767147
0.764714
0.773482
0.767296
0.765005
0.773575
0.767538
0.764872
0.773421
0.767421
0.764668
0.773534
0.767624
0.767254
0.773898
0.767507
0.764823
0.773517
0.768425
0.765849
0.774023
0.768484
0.766224
0.774078
0.768158
0.765812
0.774422
0.768091
0.765851
0.775188
0.768212
0.765797
0.774363
0.767987
0.760443
0.76891
0.763268
0.760309
0.768835
0.763155
0.760296
0.769194
0.763632
0.760407
0.768736
0.762802
0.759973
0.768761
0.763267
0.76036
0.769172
0.763144
0.760827
0.769445
0.763554
0.76208
0.769015
0.762559
0.759989
0.768972
0.762561
0.760798
0.768724
0.763116
0.76044
0.768829
0.757518
0.755086
0.763561
0.757254
0.754779
0.7637
0.75769
0.754848
0.76371
0.757418
0.755052
0.763434
0.757654
0.75494
0.763273
0.757907
0.754424
0.763417
0.757375
0.754984
0.763677
0.757407
0.755922
0.763561
0.756979
0.755352
0.763998
0.757374
0.755161
0.763309
0.757692
0.754774
0.768372
0.757467
0.755115
0.763585
0.757501
0.754989
0.763569
0.757339
0.755121
0.763792
0.757847
0.753802
0.762741
0.757081
0.753877
0.762599
0.756722
0.75407
0.762498
0.756401
0.753942
0.762464
0.756572
0.755168
0.762958
0.756409
0.754338
0.762464
0.756984
0.753952
0.762585
0.756242
0.753992
0.765526
0.756509
0.753799
0.762827
0.756514
0.754574
0.762842
0.756164
0.754732
0.762457
0.75699
0.754103
0.761773
0.756791
0.753873
0.762235
0.756673
0.754138
0.762583
0.756332
0.754421
0.762677
0.756394
0.754849
0.763111
0.75686
0.754006
0.762515
0.756532
0.75367
0.762987
0.75674
0.753739
0.762402
0.756518
0.754063
0.762961
0.756483
0.754115
0.762327
0.759763
0.753948
0.762504
0.757201
0.753944
0.762553
0.756514
0.753642
0.762711
0.756646
0.754198
0.762484
0.756556
0.753848
0.762868
0.756736
0.75532
0.762616
0.751206
0.743357
0.75233
0.745658
0.742967
0.752115
0.745754
0.743562
0.752299
0.745508
0.743036
0.752665
0.746182
0.743383
0.751553
0.745826
0.743608
0.751611
0.745659
0.743031
0.751907
0.745718
0.74467
0.753287
0.750617
0.743533
0.751708
0.745719
0.743283
0.751262
0.746222
0.743471
0.752148
0.746122
0.743399
0.751977
0.74544
0.743253
0.75192
0.745886
0.743358
0.752293
0.746201
0.743426
0.752211
0.746102
0.74418
0.752257
0.745839
0.743335
0.751812
0.745863
0.743899
0.751713
0.745446
0.743476
0.7518
0.745968
0.743495
0.751565
0.745908
0.743145
0.753616
0.746146
0.743183
0.752059
0.745863
0.743592
0.751778
0.746003
0.743262
0.752049
0.746728
0.743678
0.75139
0.74591
0.74349
0.751792
0.746336
0.743196
0.751756
0.7455
0.743443
0.751633
0.746098
0.743695
0.751721
0.745966
0.743557
0.751391
0.745821
0.743161
0.75208
0.745866
0.74305
0.752135
0.745427
0.743215
0.751997
0.745887
0.743018
0.75178
0.74646
0.744583
0.751689
0.745977
0.743082
0.751661
0.745745
0.743481
0.752096
0.746582
0.743475
0.751932
0.745812
0.743224
0.752047
0.74629
0.737997
0.746489
0.740172
0.737993
0.746579
0.740503
0.738123
0.746841
0.740232
0.73934
0.746697
0.740395
0.738209
0.746273
0.740817
0.738177
0.746103
0.740946
0.73752
0.746614
0.740204
0.738044
0.746706
0.740162
0.738007
0.74768
0.740506
0.738348
0.746716
0.740789
0.737805
0.746278
0.740651
0.738034
0.746585
0.740448
0.738017
0.746676
0.740307
0.737763
0.746602
0.735444
0.732678
0.740838
0.734877
0.732644
0.740591
0.734909
0.733009
0.741151
0.734812
0.732691
0.741018
0.734636
0.732939
0.741402
0.73558
0.732877
0.741785
0.735351
0.73287
0.740787
0.735003
0.73297
0.741458
0.736515
0.733083
0.743457
0.735318
0.732981
0.740967
0.735055
0.732863
