0.728177
0.699105
0.690206
0.693482
0.679448
0.686337
0.680242
0.67156
0.668629
0.683397
0.672293
0.67178
0.671036
0.676261
0.671251
0.66191
0.667249
0.663754
0.670672
0.660298
0.659115
0.66679
0.68228
0.668566
0.65971
0.656158
0.660654
0.662679
0.666289
0.663897
0.65874
0.665974
0.666926
0.658116
0.671423
0.679859
0.666933
0.672241
0.669456
0.662525
0.65874
0.653407
0.660203
0.657506
0.651304
0.675159
0.678732
0.662721
0.662893
0.668296
0.672493
0.667475
0.666167
0.658445
0.660351
0.664919
0.665901
0.666623
0.664507
0.664089
0.665559
0.662204
0.671208
0.663896
0.665979
0.663198
0.66744
0.658675
0.672138
0.661292
0.666089
0.660324
0.673745
0.665739
0.667091
0.65797
0.668358
0.678624
0.657885
0.669998
0.666332
0.662901
0.66069
0.673611
0.66316
0.669184
0.672157
0.666384
0.664472
0.660886
0.670463
0.666764
0.670674
0.666053
0.674193
0.67563
0.671189
0.665531
0.666966
0.66411
0.665642
0.658648
0.660955
0.661424
0.665562
0.666822
0.670176
0.664936
0.667358
0.666551
0.668468
0.659413
0.664046
0.659446
0.669309
0.671146
0.666107
0.663923
0.664906
0.666408
0.668514
0.675015
0.666092
0.665588
0.664361
0.670595
0.667871
0.669272
0.660447
0.675777
0.663205
0.670893
0.66554
0.65819
0.659509
0.674129
0.660081
0.667611
0.664107
0.660009
0.666476
0.681242
0.663676
0.66828
0.667526
0.656705
0.663857
0.666143
0.656988
0.659476
0.659018
0.666627
0.665134
0.659561
0.670301
0.667188
0.658371
0.662715
0.679448
0.665302
0.661931
0.672316
0.661672
0.675512
0.669372
0.659511
0.661071
0.665059
0.664496
0.667374
0.657427
0.667253
0.652482
0.666896
0.665712
0.660697
0.664486
0.666217
0.657098
0.65884
0.661823
0.662667
0.656745
0.673941
0.657518
0.667076
0.665835
0.666187
0.655902
0.657951
0.66968
0.660016
0.665194
0.657134
0.665321
0.654444
0.656545
0.651093
0.657976
0.652548
0.664247
0.662231
0.660504
0.655893
0.660342
0.660789
0.663527
0.669698
0.670316
0.657609
0.66905
0.670882
0.661885
0.668298
0.664757
0.67111
0.667534
0.670719
0.663837
0.671264
0.656944
0.66703
0.658917
0.657995
0.659543
0.660865
0.667819
0.66047
0.656543
0.662485
0.663268
0.65954
0.659898
0.661308
0.661035
0.658785
0.669753
0.658268
0.659835
0.668352
0.662668
0.672272
0.65772
0.6698
0.674293
0.654141
0.668756
0.65659
0.671384
0.671612
0.656504
0.668869
0.663717
0.657592
0.656616
0.652333
0.671085
0.652799
0.66318
0.654231
0.656319
0.666913
0.660943
0.67118
0.664441
0.663671
0.662849
0.65956
0.669263
0.655141
0.671518
0.657074
0.659221
0.662576
0.661701
0.665276
0.65721
0.660042
0.660742
0.660894
0.663257
0.659553
0.663407
0.660749
0.661961
0.659139
0.674402
0.670873
0.654585
0.668098
0.665261
0.65493
0.656717
0.663272
0.659921
0.663163
0.65883
0.667863
0.662417
0.657206
0.660059
0.675654
0.666155
0.660231
0.666223
0.66194
0.652616
0.65499
0.668725
0.666963
0.666075
0.658123
0.662951
0.662845
0.656082
0.651546
0.667852
0.66234
0.662014
0.663252
0.66875
0.664691
0.662302
0.653485
0.663923
0.658819
0.661516
0.662812
0.666013
0.659722
0.662091
0.661862
0.664497
0.667628
0.661513
0.660509
0.662858
0.669922
0.662861
0.662225
0.664038
0.668919
0.663706
0.658011
0.65652
0.653228
0.66001
0.655777
0.65907
0.6539
0.654961
0.660904
0.658891
0.66739
0.657441
0.659358
0.661
0.667053
0.658021
0.662575
0.660872
0.664153
0.664466
0.660046
0.668413
0.655795
0.655543
0.657338
0.665771
0.663163
0.659956
0.663904
0.664163
0.6548
0.661872
0.656681
0.657934
0.658398
0.661241
0.662143
0.660955
0.662745
0.659878
0.654906
0.661696
0.655963
0.673104
0.659976
0.670732
0.659183
0.668295
0.655691
0.665028
0.657164
0.667763
0.677313
0.661238
0.661133
0.657426
0.672045
0.654311
0.659134
0.661529
0.658884
0.665207
0.658694
0.66298
0.656715
0.661652
0.656219
0.654229
0.662975
0.658015
0.669416
0.661303
0.656756
0.652873
0.66501
0.674974
0.680011
0.664829
0.653805
0.659131
0.666799
0.657727
0.655186
0.659504
0.657242
0.669249
0.665436
0.665372
0.663177
0.659826
0.665508
0.656472
0.658997
0.666991
0.653879
0.663641
0.665555
0.655359
0.666889
0.653832
0.653505
0.662625
0.659646
0.665501
0.654811
0.662079
0.652262
0.666937
0.658713
0.664525
0.657106
0.660156
0.664027
0.658279
0.662644
0.670675
0.663993
0.660542
0.661366
0.66546
0.661264
0.646237
0.656724
0.656189
0.666414
0.662584
0.65291
0.657702
0.649854
0.658889
0.662994
0.651566
0.656575
0.664585
0.654953
0.653408
0.661198
0.656864
0.659688
0.661712
0.666608
0.656351
0.660799
0.663027
0.667116
0.663266
0.661575
0.669165
0.665464
0.659558
0.657318
0.657908
0.655925
0.684616
0.680861
0.662547
0.659768
0.65507
0.654725
0.676804
0.667092
0.657433
0.649775
0.665217
0.663488
0.656089
0.660708
0.667408
0.656734
0.65979
0.654786
0.660668
0.655062
0.65361
0.658187
0.659946
0.658662
0.651904
0.652088
0.65757
0.660002
0.65145
0.654243
0.654084
0.652192
0.664652
0.66539
0.651008
0.654268
0.648588
0.646128
0.661563
0.648721
0.645765
0.655398
0.648953
0.645824
0.659941
0.649338
0.646131
0.655017
0.648999
0.645872
0.65604
0.648926
0.645955
0.656176
0.648673
0.646213
0.65411
0.654871
0.646012
0.654254
0.649488
0.646062
0.654464
0.649229
0.646246
0.657375
0.648922
0.646061
0.655712
0.649176
0.646407
0.660558
0.649323
0.645417
0.654345
0.649113
0.646674
0.654937
0.652518
0.648872
0.648837
0.644017
0.651124
0.654985
0.649816
0.641201
0.654188
0.645005
0.64598
0.654119
0.652084
0.646074
0.648943
0.648911
0.640358
0.654147
0.64933
0.645877
0.648889
0.64379
0.642923
0.648605
0.644635
0.640858
0.648339
0.648679
0.643285
0.649037
0.644526
0.641662
0.654392
0.644674
0.641457
0.649424
0.643624
0.641102
0.64839
0.644103
0.64585
0.648988
0.643649
0.640764
0.654323
0.649355
0.640619
0.648638
0.643662
0.640459
0.64888
0.643866
0.641087
0.648738
0.64503
0.640322
0.659933
0.648747
0.640125
0.648576
0.644096
0.640448
0.648606
0.643395
0.64031
0.649665
0.644326
0.640802
0.649266
0.643732
0.640358
0.648684
0.646276
0.640506
0.64863
0.648637
0.640808
0.648271
0.644057
0.640959
0.648866
0.643719
0.642454
0.648268
0.6434
0.640144
0.649393
0.643
0.639895
0.650274
0.647993
0.640698
0.649891
0.64335
0.641043
0.65118
0.643763
0.64073
0.648958
0.642112
0.640134
0.652653
0.642254
0.639492
0.649333
0.641995
0.640106
0.649521
0.642253
0.639888
0.649649
0.642499
0.639313
0.648861
0.642441
0.639529
0.649111
0.641727
0.639581
0.649551
0.642126
0.639417
0.648879
0.641803
0.639521
0.649227
0.642539
0.639299
0.649036
0.6428
0.639701
0.649353
0.642291
0.63907
0.649228
0.642101
0.639796
0.648755
0.641975
0.63897
0.65
0.642506
0.633801
0.643884
0.637079
0.6391
0.649212
0.641874
0.639261
0.648514
0.642532
0.638987
0.648606
0.641823
0.639027
0.648788
0.636892
0.639077
0.647867
0.641928
0.63948
0.648821
0.642243
0.633986
0.643557
0.636521
0.633737
0.643383
0.637074
0.633799
0.643144
0.63654
0.633489
0.64367
0.6376
0.633893
0.642883
0.636282
0.633742
0.643635
0.636662
0.63333
0.643349
0.637022
0.633874
0.643828
0.636587
0.633955
0.644258
0.636321
0.634703
0.643715
0.63673
0.633751
0.643711
0.636777
0.633965
0.643508
0.636472
0.633834
0.643769
0.636881
0.633528
0.643411
0.636851
0.63414
0.64313
0.636543
0.634444
0.643916
0.636782
0.634019
0.643261
0.636793
0.634487
0.644981
0.636821
0.633775
0.644061
0.63671
0.634295
0.643979
0.636995
0.634005
0.64368
0.636755
0.633569
0.643765
0.636497
0.634117
0.643615
0.637168
0.634081
0.645496
0.637366
0.634389
0.643862
0.636565
0.634634
0.643502
0.636891
0.63461
0.643577
0.636639
0.634417
0.643324
0.63708
0.634147
0.643337
0.637019
0.63456
0.643559
0.636624
0.633886
0.643557
0.637055
0.633935
0.643592
0.637267
0.63444
0.643885
0.63726
0.63429
0.64317
0.636976
0.634036
0.643638
0.637336
0.634296
0.643797
0.63745
0.634003
0.643385
0.636903
0.634185
0.643552
0.637145
0.634098
0.642954
0.637385
0.634485
0.643339
0.636691
0.633759
0.643764
0.637352
0.634102
0.643569
0.636909
0.634197
0.643748
0.640788
0.6345
0.643584
0.637513
0.634347
0.643136
0.636772
0.633819
0.643604
0.636954
0.633793
0.643329
0.636916
0.63444
0.643578
0.637262
0.634987
0.643823
0.641162
0.634454
0.638124
0.631479
0.629502
0.63848
0.632355
0.62859
0.638177
0.631671
0.629443
0.638623
0.631798
0.628966
0.638519
0.63223
0.628933
0.638233
0.631474
0.628974
0.639322
0.632072
0.628788
0.638484
0.631762
0.629204
0.63869
0.631779
0.628884
0.638191
0.632145
0.629205
0.63282
0.626174
0.623686
0.638272
0.626403
0.623264
0.638286
0.631896
0.630193
0.63847
0.631931
0.629627
0.633895
0.626136
0.623441
0.632676
0.626874
0.623421
0.633151
0.626629
0.623852
0.632722
0.626352
0.623671
0.633615
0.62657
0.623615
0.632983
0.626903
0.6234
0.632763
0.626419
0.625511
0.633124
0.626849
0.623288
0.63328
0.626206
0.623925
0.632813
0.626513
0.62353
0.632572
0.626501
0.623512
0.632617
0.626189
0.623395
0.632857
0.626182
0.623401
0.632427
0.626271
0.623608
0.632913
0.626517
0.623382
0.632865
0.626515
0.623908
0.632727
0.627007
0.623815
0.633146
0.626045
0.623244
0.63312
0.626159
0.62315
0.632925
0.626269
0.623742
0.632523
0.626172
0.623807
0.632595
0.625871
0.623344
0.632787
0.62616
0.623347
0.6329
0.626311
0.624661
0.63268
0.626933
0.624015
0.632927
0.626641
0.623626
0.632622
0.626114
0.623422
0.633279
0.626374
0.623288
0.633225
0.626337
0.623642
0.633236
0.626609
0.623109
0.632759
0.626404
0.623737
0.632873
0.626441
0.623612
0.633161
0.626562
0.62423
0.633091
0.626396
0.62505
0.633402
0.626855
0.623554
0.632641
0.620924
0.618802
0.627746
0.621654
0.617992
0.627812
0.621248
0.618342
0.627937
0.621011
0.620172
0.627697
0.621631
0.618092
0.627343
0.62136
0.618206
0.627938
0.621224
0.618001
0.627936
0.621304
0.618207
0.627474
0.621142
0.618878
0.627701
0.621371
0.617983
0.627302
0.620975
0.618034
0.628273
0.620935
0.61812
0.628049
0.621002
0.618581
0.627514
0.620801
0.61796
0.627656
0.622969
0.61856
0.627465
0.620967
0.618207
0.628539
0.62116
0.618161
0.627614
0.620927
0.618851
0.627393
0.620871
0.618356
0.62764
0.621216
0.617915
0.627559
0.621209
0.618753
0.627924
0.621245
0.618122
0.627821
0.621286
0.61837
0.627573
0.620984
0.61844
0.628294
0.621923
0.617897
0.627773
0.621317
0.61859
0.627703
0.621009
0.619291
0.627892
0.620824
0.618288
0.627603
0.62077
0.618406
0.627966
0.622246
0.617939
0.627384
0.620817
0.618001
0.627427
0.621482
0.618403
0.627911
0.621153
0.612877
0.622244
0.615589
0.612984
0.622144
0.616244
0.612885
0.621935
0.61598
0.612906
0.622228
0.617313
0.60728
0.62237
0.615839
0.613131
0.622072
0.610414
0.607887
0.6168
0.610848
0.607593
0.616673
0.610319
0.607464
0.616977
0.61046
0.608167
0.617003
0.610357
0.613207
0.617141
0.610109
0.607514
0.622286
0.616174
0.607397
0.616796
0.610445
0.607627
0.616864
0.612626
0.607474
0.617045
0.610171
0.607687
0.617301
0.610162
0.60825
0.617344
0.61076
0.607607
0.616333
0.610654
0.607703
0.616962
0.610506
0.607278
0.616665
0.610321
0.607821
0.616911
0.610022
0.608447
0.617046
0.611065
0.607403
0.616627
0.610402
0.607237
0.616617
0.610899
0.607497
0.622043
0.610266
0.607788
0.616948
0.610494
0.607883
0.61691
0.611056
0.60749
0.616638
0.611019
0.607377
0.616883
0.610239
0.607408
0.616967
0.610849
0.607897
0.616942
0.610233
0.607689
0.616986
0.611128
0.606838
0.616695
0.610368
0.607996
0.617223
0.611005
0.60756
0.617562
0.610631
0.608173
0.617034
0.61022
0.607789
0.618642
0.610883
0.607723
0.616782
0.610756
0.608494
0.61745
0.610462
0.6077
0.616784
0.610647
0.607894
0.617053
0.610502
0.607788
0.616857
0.6109
0.607902
0.616797
0.610793
0.607415
0.617133
0.610593
0.607616
0.61855
0.610273
0.607719
0.617048
0.610725
0.608047
0.617212
0.610977
0.607386
0.616749
0.61061
0.607306
0.618005
0.610525
0.607783
0.617208
0.61071
0.607908
0.612584
0.60518
0.60281
0.606632
0.600226
0.596836
0.605903
0.600101
0.596995
0.606351
0.59981
0.598726
0.606251
0.600042
0.602349
0.612168
0.60536
0.602326
0.606436
0.605671
0.597055
0.605831
0.599611
0.596989
0.606352
0.599802
0.596951
0.606205
0.599799
0.596808
0.60638
0.599127
0.596748
0.605991
0.599843
0.597025
0.606141
0.599686
0.596583
0.606039
0.600051
0.596829
0.60617
0.599681
0.597379
0.605612
0.599453
0.596944
0.608845
0.602838
0.596858
0.605622
0.600014
0.596806
0.606393
0.60033
0.596885
0.606534
0.599797
0.596939
0.60672
0.599749
0.596882
0.606616
0.60015
0.597041
0.606187
0.599612
0.596924
0.606376
0.599621
0.597038
0.606568
0.600073
0.597139
0.606338
0.599824
0.596909
0.605947
0.599978
0.596616
0.606119
0.599762
0.59657
0.606616
0.599665
0.596656
0.606215
0.599699
0.597309
0.606256
0.599681
0.59696
0.606371
0.601819
0.597029
0.605915
0.599879
0.596974
0.606774
0.600126
0.59677
0.606414
0.599807
0.597082
0.606097
0.599897
0.596949
0.606052
0.600088
0.597234
0.606062
0.59989
0.596996
0.608681
0.600196
0.598782
0.606244
0.599784
0.597519
0.606311
0.599684
0.596644
0.606195
0.600103
0.596521
0.606164
0.6005
0.596567
0.606234
0.6
0.597082
0.606187
0.600038
0.597136
0.605932
0.599926
0.597447
0.606604
0.600423
0.597012
0.605757
0.600165
0.596614
0.606534
0.599882
0.596696
0.60613
0.60006
0.598738
0.606234
0.599923
0.59731
0.606489
0.600451
0.596775
0.600406
0.594493
0.591415
0.600797
0.594184
0.591039
0.600958
0.588986
0.586466
0.595591
0.588964
0.586258
0.59592
0.589719
0.586316
0.595168
0.589106
0.586552
0.595733
0.589576
0.586266
0.595538
0.589134
0.586404
0.595814
0.588827
0.58623
0.595384
0.59049
0.586089
0.595915
0.592845
0.586128
0.595714
0.58879
0.585919
0.59603
0.589022
0.586551
0.595469
0.589004
0.586727
0.59583
0.589457
0.586553
0.595414
0.589199
0.586406
0.595802
0.589099
0.586183
0.595481
0.589147
0.586792
0.595976
0.589172
0.586782
0.595236
0.589323
0.586478
0.595882
0.589052
0.586445
0.595445
0.589812
0.585901
0.596103
0.589296
0.586504
0.595776
0.588843
0.586488
0.59647
0.589227
0.58695
0.595212
0.589347
0.586663
0.59564
0.588957
0.586012
0.595851
0.588782
0.586422
0.595817
0.58901
0.586453
0.595457
0.589355
0.587895
0.595306
0.589226
0.586366
0.595599
0.589065
0.586145
0.596381
0.589054
0.586944
0.595682
0.590414
0.586489
0.59542
0.589379
0.586885
0.595432
0.589138
0.586384
0.595736
0.589097
0.586559
0.595284
0.589102
0.586512
0.595374
0.588769
0.586431
0.595458
0.589304
0.586207
0.59523
0.589339
0.586522
0.595211
0.58928
0.586327
0.596578
0.588947
0.586941
0.595296
0.58925
0.586678
0.596041
0.589225
0.586268
0.595097
0.590446
0.586394
0.595694
0.589014
0.586291
0.595743
0.589413
0.586491
0.590557
0.583761
0.580854
0.589863
0.584045
0.580789
0.589505
0.583778
0.580979
0.589906
0.583792
0.580637
0.590158
0.58355
0.580993
0.589836
0.583483
0.581177
0.58995
0.584255
0.58104
0.590133
0.583738
0.580974
0.590448
0.584079
0.581149
0.584933
0.578336
0.578438
0.584767
0.581003
0.576204
0.584535
0.578848
0.575302
0.584697
0.578544
0.577152
0.584694
0.578343
0.575585
0.584767
0.578391
0.576555
0.584475
0.578211
0.576102
0.584769
0.578649
0.575476
0.585128
0.578438
0.575535
0.585381
0.578308
0.575505
0.585126
0.578076
0.575809
0.58436
0.578089
0.575559
0.585716
0.579722
0.575783
0.584184
0.578305
0.577155
0.584821
0.578675
0.575418
0.584872
0.578046
0.575541
0.584374
0.578447
0.575817
0.584663
0.578565
0.575595
0.584168
0.577997
0.576529
0.584724
0.578373
0.575764
0.584661
0.578213
0.575847
0.584641
0.578444
0.575562
0.584628
0.579346
0.575942
0.584541
0.578507
0.576141
0.584702
0.578354
0.57531
0.584922
0.578326
0.575834
0.584437
0.578581
0.576091
0.58479
0.578602
0.575718
0.584454
0.578214
0.575719
0.584878
0.578194
0.575518
0.584909
0.578358
0.576111
0.584636
0.578477
0.575551
0.58468
0.578929
0.575734
0.584538
0.578427
0.575535
0.586253
0.578531
0.576152
0.584949
0.578232
0.575879
0.584726
0.578132
0.575949
0.584649
0.578682
0.575688
0.584491
0.578514
0.575522
0.584805
0.578587
0.577831
0.585146
0.578469
0.575632
0.584732
0.579232
0.576631
0.585154
0.579424
0.576887
0.585064
0.578958
0.576442
0.585462
0.578891
0.576625
0.585811
0.57901
0.576565
0.585267
0.578755
0.57121
0.579891
0.57413
0.571013
0.579793
0.573895
0.571009
0.580152
0.574542
0.571192
0.579712
0.573611
0.570765
0.579829
0.57413
0.571027
0.579962
0.57391
0.5717
0.579991
0.574385
0.5715
0.579945
0.573392
0.570717
0.579977
0.573471
0.571563
0.579664
0.573563
0.571284
0.579787
0.568295
0.565745
0.574246
0.568181
0.565546
0.574758
0.568343
0.565522
0.574553
0.568087
0.565797
0.57433
0.56861
0.565715
0.574188
0.568779
0.565157
0.574393
0.568209
0.565751
0.574725
0.56829
0.566618
0.574683
0.567927
0.566068
0.574587
0.568164
0.565933
0.574355
0.568567
0.565509
0.579423
0.568261
0.565834
0.574478
0.568456
0.565689
0.574529
0.568104
0.565848
0.574778
0.567905
0.564793
0.573811
0.567991
0.564898
0.57385
0.567587
0.565003
0.573657
0.567472
0.564884
0.573699
0.567495
0.566045
0.574079
0.567287
0.565236
0.573713
0.567989
0.564896
0.573709
0.567269
0.564944
0.576706
0.567432
0.564822
0.574036
0.567569
0.565508
0.573922
0.567269
0.565586
0.573544
0.568091
0.565059
0.573163
0.567719
0.564963
0.573512
0.567796
0.564994
0.573787
0.567494
0.565529
0.573881
0.567426
0.565632
0.574233
0.56773
0.565023
0.5737
0.567518
0.56471
0.573924
0.567606
0.564661
0.573621
0.567439
0.565007
0.574185
0.567518
0.565051
0.573522
0.570693
0.564839
0.573638
0.568162
0.564955
0.573809
0.567595
0.564558
0.573898
0.567704
0.565223
0.573571
0.567657
0.564829
0.573995
0.567726
0.565606
0.573707
0.562149
0.554278
0.563367
0.556772
0.553971
0.563436
0.556804
0.554451
0.563258
0.556591
0.554157
0.563749
0.557119
0.554386
0.56264
0.556718
0.554514
0.562751
0.55674
0.553995
0.56299
0.556783
0.55548
0.564403
0.560641
0.554475
0.562782
0.55693
0.554227
0.562555
0.55716
0.554343
0.563335
0.557054
0.554283
0.563217
0.556573
0.554235
0.562999
0.556811
0.554403
0.563464
0.557279
0.554388
0.563462
0.557092
0.555043
0.563325
0.556795
0.554131
0.562911
0.556741
0.554744
0.562877
0.556504
0.554498
0.562982
0.556946
0.554376
0.562599
0.556872
0.554082
0.564818
0.55683
0.554003
0.563285
0.556821
0.554558
0.56286
0.556757
0.554088
0.56309
0.557508
0.554503
0.562544
0.556994
0.55428
0.563065
0.5572
0.553912
0.56316
0.556608
0.554344
0.562842
0.557106
0.554686
0.56305
0.556956
0.554541
0.562637
0.556765
0.554153
0.563333
0.556802
0.553903
0.563262
0.556527
0.554239
0.563133
0.556515
0.554027
0.562788
0.557514
0.555233
0.562828
0.556874
0.553979
0.562941
0.556731
0.55437
0.563239
0.557284
0.55431
0.563028
0.556901
0.554165
0.563075
0.557396
0.548862
0.557546
0.55118
0.549005
0.557765
0.551522
0.548946
0.558041
0.551259
0.549559
0.557816
0.551278
0.549171
0.557468
0.55176
0.549266
0.557302
0.552067
0.548537
0.557776
0.551149
0.549034
0.557837
0.551161
0.549036
0.558353
0.551431
0.549279
0.557924
0.551747
0.548708
0.557372
0.551597
0.549089
0.557873
0.55147
0.54897
0.557755
0.551341
0.548848
0.5577
0.546383
0.543382
0.55199
0.54582
0.543554
0.551773
0.545935
0.544
0.552177
0.545802
0.543515
0.552295
0.545643
0.543981
0.552514
0.546605
0.543743
0.552594
0.546247
0.543757
0.551964
0.545985
0.543906
0.552643
0.547556
0.543945
0.55429
0.546324
0.543893
0.552201
0.546052
0.543922
