4.58777
3.13238
2.31919
1.56244
1.00581
0.61476
-0.529429
-0.519005
-0.509185
-0.499918
-0.491144
-0.482827
-0.474925
-0.467404
-0.460234
-0.453388
-0.446841
-0.440572
-0.434563
-0.428796
-0.423255
-0.41793
-0.412805
-0.407866
-0.403092
-0.398462
-0.39396
-0.389577
-0.385306
-0.38114
-0.377076
-0.373109
-0.369237
-0.365456
-0.361763
-0.358154
-0.354628
-0.351181
-0.34781
-0.344514
-0.341289
-0.338133
-0.335045
-0.332022
-0.329062
-0.326167
-0.323432
-0.320739
-0.318089
-0.315481
-0.312915
-0.310396
-0.307917
-0.305473
-0.303068
-0.300705
-0.298384
-0.296102
-0.293859
-0.291654
-0.289485
-0.287352
-0.285255
-0.283195
-0.28117
-0.279179
-0.277221
-0.275295
-0.273401
-0.271538
-0.269705
-0.267902
-0.266128
-0.264383
-0.262665
-0.260975
-0.259311
-0.257674
-0.256061
-0.254474
-0.252911
-0.251372
-0.249857
-0.248364
-0.246893
-0.245445
-0.244018
-0.242612
-0.241226
-0.23986
-0.238514
-0.237188
-0.23588
-0.234591
-0.233319
-0.232066
-0.23083
-0.229611
-0.228408
-0.227222
-0.226052
-0.224897
-0.223758
-0.222634
-0.221525
-0.220431
-0.21935
-0.218284
-0.217231
-0.216192
-0.215166
-0.214153
-0.213152
-0.212164
-0.21144
-0.210224
-0.209272
-0.208332
-0.207403
-0.206485
-0.205578
-0.204682
-0.203796
-0.202921
-0.202056
-0.201202
-0.200357
-0.199521
-0.198695
-0.198233
-0.197071
-0.196273
-0.195483
-0.194703
-0.19393
-0.193166
-0.19241
-0.191662
-0.190922
-0.19019
-0.189465
-0.188748
-0.188038
-0.187478
-0.18664
-0.185952
-0.18527
-0.184596
-0.183929
-0.183268
-0.182613
-0.181965
-0.181323
-0.180688
-0.180059
-0.179436
-0.178819
-0.178207
-0.178383
-0.177002
-0.176408
-0.17582
-0.175237
-0.17466
-0.174088
-0.173521
-0.172959
-0.172403
-0.171851
-0.171305
-0.170764
-0.170227
-0.169695
-0.169168
-0.16945
-0.168128
-0.167615
-0.167106
-0.166602
-0.166102
-0.165606
-0.165115
-0.164627
-0.164144
-0.163665
-0.163191
-0.16272
-0.162253
-0.16179
-0.161331
-0.16176
-0.160424
-0.159976
-0.159531
-0.159091
-0.158654
-0.15822
-0.15779
-0.157364
-0.156941
-0.156521
-0.156104
-0.155691
-0.155281
-0.154875
-0.154471
-0.154071
-0.154754
-0.153279
-0.152888
-0.1525
-0.152115
-0.151733
-0.151353
-0.150977
-0.150603
-0.150232
-0.149864
-0.149499
-0.149136
-0.148777
-0.148419
-0.148065
-0.147713
-0.148596
-0.147016
-0.146672
-0.14633
-0.14599
-0.145653
-0.145319
-0.144987
-0.144657
-0.144329
-0.144004
-0.143681
-0.143361
-0.143042
-0.142726
-0.142412
-0.1421
-0.141791
-0.142752
-0.141178
-0.140874
-0.140573
-0.140274
-0.139977
-0.139682
-0.139388
-0.139097
-0.138808
-0.138521
-0.138235
-0.137952
-0.13767
-0.13739
-0.137112
-0.136836
-0.136562
-0.136289
-0.136019
-0.137468
-0.135482
-0.135217
-0.134953
-0.134691
-0.134431
-0.134172
-0.133915
-0.133659
-0.133405
-0.133153
-0.132902
-0.132653
-0.132406
-0.13216
-0.131915
-0.131672
-0.131431
-0.131191
-0.130952
-0.130715
-0.132388
-0.130245
-0.130013
-0.129781
-0.129551
-0.129323
-0.129096
-0.12887
-0.128646
-0.128423
-0.128201
-0.12798
-0.127761
-0.127544
-0.127327
-0.127112
-0.126898
-0.126685
-0.126474
-0.126263
-0.126054
-0.125846
-0.12564
-0.127729
-0.12523
-0.125027
-0.124825
-0.124624
-0.124425
-0.124227
-0.124029
-0.123833
-0.123638
-0.123444
-0.123251
-0.123059
-0.122869
-0.122679
-0.12249
-0.122303
-0.122116
-0.121931
-0.121746
-0.121563
-0.12138
-0.121199
-0.121019
-0.120839
-0.122425
-0.120483
-0.120307
-0.120131
-0.119957
-0.119783
-0.11961
-0.119438
-0.119268
-0.119098
-0.118929
-0.11876
-0.118593
-0.118427
-0.118261
-0.118097
-0.117933
-0.11777
-0.117608
-0.117447
-0.117287
-0.117127
-0.116968
-0.116811
-0.116654
-0.116497
-0.118145
-0.116187
-0.116034
-0.115881
-0.115728
-0.115577
-0.115426
-0.115277
-0.115127
-0.114979
-0.114831
-0.114685
-0.114538
-0.114393
-0.114248
-0.114104
-0.113961
-0.113819
-0.113677
-0.113536
-0.113396
-0.113256
-0.113117
-0.112979
-0.112841
-0.112704
-0.113496
-0.112432
-0.112297
-0.112163
-0.112029
-0.111897
-0.111764
-0.111633
-0.111502
-0.111371
-0.111241
-0.111112
-0.110984
-0.110856
-0.110729
-0.110602
-0.110476
-0.110351
-0.110226
-0.110101
-0.109978
-0.109855
-0.109732
-0.10961
-0.109489
-0.110934
-0.109248
-0.109128
-0.109009
-0.108891
-0.108773
-0.108655
-0.108539
-0.108422
-0.108307
-0.108191
-0.108077
-0.107962
-0.107849
-0.107736
-0.107623
-0.107511
-0.107399
-0.107288
-0.107178
-0.107068
-0.106958
-0.106849
-0.106741
-0.106632
-0.106525
-0.106418
-0.106311
-0.106205
-0.106099
-0.105994
-0.10589
-0.105785
-0.105682
-0.105578
-0.106658
-0.105373
-0.105271
-0.10517
-0.105069
-0.104968
-0.104868
-0.104768
-0.104669
-0.10457
-0.104472
-0.104374
-0.104276
-0.104179
-0.104082
-0.103986
-0.10389
-0.103795
-0.1037
-0.103605
-0.103511
-0.103417
-0.103324
-0.103231
-0.103139
-0.103046
-0.102955
-0.102863
-0.102772
-0.102682
-0.102591
-0.102502
-0.102412
-0.102323
-0.102234
-0.102146
-0.102058
-0.103965
-0.102011
-0.101797
-0.10171
-0.101624
-0.101538
-0.101453
-0.101368
-0.101283
-0.101199
-0.101115
-0.101031
-0.100948
-0.100865
-0.100783
-0.100701
-0.100619
-0.100537
-0.100456
-0.100375
-0.100294
-0.100214
-0.100134
-0.100055
-0.0999756
-0.0998967
-0.0998182
-0.0997399
-0.099662
-0.0995844
-0.0995071
-0.0994301
-0.0993534
-0.099277
-0.0992009
-0.0991252
-0.0990498
-0.0989746
-0.0988998
-0.0988253
-0.098751
-0.0994067
-0.0986035
-0.0985301
-0.0984571
-0.0983843
-0.0983118
-0.0982396
-0.0981677
-0.0980961
-0.0980248
-0.0979538
-0.097883
-0.0978125
-0.0977423
-0.0976724
-0.0976028
-0.0975334
-0.0974643
-0.0973955
-0.0973269
-0.0972586
-0.0971906
-0.0971228
-0.0970553
-0.0969881
-0.0969212
-0.0968545
-0.096788
-0.0967218
-0.0966559
-0.0965902
-0.0965248
-0.0964596
-0.0963947
-0.09633
-0.0962656
-0.0962014
-0.0961375
-0.0960738
-0.0960104
-0.0959472
-0.0962448
-0.0958216
-0.0957591
-0.0956969
-0.0956349
-0.0955731
-0.0955116
-0.0954503
-0.0953893
-0.0953285
-0.0952679
-0.0952075
-0.0951474
-0.0950875
-0.0950278
-0.0949683
-0.0949091
-0.0948501
-0.0947913
-0.0947328
-0.0946745
-0.0946163
-0.0945584
-0.0945007
-0.0944432
-0.094386
-0.0943289
-0.0942721
-0.0942155
-0.0941591
-0.0941029
-0.0940469
-0.0939911
-0.0939355
-0.0938801
-0.0938249
-0.09377
-0.0937152
-0.0936607
-0.0936063
-0.0935521
-0.0934982
-0.0934444
-0.0933908
-0.0933375
-0.0932843
-0.0932313
-0.0931785
-0.0931259
-0.0930735
-0.0930213
-0.0929693
-0.0929175
-0.0928658
-0.0928144
-0.0927631
-0.092712
-0.0926611
-0.0926104
-0.0925599
-0.0925095
-0.0924594
-0.0924094
-0.0923596
-0.0923099
-0.0922605
-0.0922112
-0.0921621
-0.0921132
-0.0920645
-0.0920159
-0.0919675
-0.0919193
-0.0918712
-0.0918233
-0.0917756
-0.0917281
-0.0916807
-0.0916335
-0.0915865
-0.0915396
-0.0914929
-0.0914464
-0.0914
-0.0913538
-0.0913078
-0.0912619
-0.0912162
-0.0911706
-0.0911252
-0.09108
-0.0910349
-0.09099
-0.0909452
-0.0909006
-0.0908561
-0.0908118
-0.0907677
-0.0907237
-0.0906799
-0.0906362
-0.0905927
-0.0905493
-0.0905061
-0.090463
-0.0904201
-0.0903773
-0.0903347
-0.0902922
-0.0902498
-0.0902077
-0.0901656
-0.0901237
-0.090082
-0.0900404
-0.0899989
-0.0899576
-0.0928464
-0.0956086
-0.100128
-0.09823
-0.0943517
-0.0940837
-0.0930031
-0.0917469
-0.0908241
-0.0904686
-0.0904331
-0.0905127
-0.0903418
-0.090137
-0.0899654
-0.0898115
-0.0896205
-0.0893693
-0.0891988
-0.0891602
-0.0891218
-0.0890834
-0.0890452
-0.0890072
-0.0889692
-0.0889314
-0.0888937
-0.0888562
-0.0888187
-0.0887814
-0.0887442
-0.0887072
-0.0886703
-0.0886335
-0.0885968
-0.0885602
-0.0885238
-0.0884875
-0.0884513
-0.0884152
-0.0883792
-0.0883434
-0.0883077
-0.0882721
-0.0882366
-0.0882013
-0.088166
-0.0881309
-0.0880959
-0.088061
-0.0880262
-0.0879916
-0.087957
-0.0879226
-0.0878883
-0.0878541
-0.08782
-0.087786
-0.0877521
-0.0877184
-0.0876847
-0.0876512
-0.0876178
-0.0875845
-0.0875513
-0.0875182
-0.0874852
-0.0874523
-0.0874195
-0.0873869
-0.0873543
-0.0873219
-0.0872895
-0.0872573
-0.0872252
-0.0871931
-0.0871612
-0.0871294
-0.0870977
-0.0870661
-0.0870345
-0.0870031
-0.0869718
-0.0869406
-0.0869095
-0.0868785
-0.0868476
-0.0868168
-0.0867861
-0.0867555
-0.086725
-0.0866946
-0.0866643
-0.0866341
-0.086604
-0.086574
-0.0865441
-0.0865142
-0.0864845
-0.0864549
-0.0864253
-0.0863959
-0.0863666
-0.0863373
-0.0863081
-0.0862791
-0.0862501
-0.0862212
-0.0861924
-0.0861637
-0.0861351
-0.0861066
-0.0860782
-0.0860499
-0.0860216
-0.0859935
-0.0859654
-0.0859375
-0.0859096
-0.0858818
-0.0858541
-0.0858264
-0.0857989
-0.0857715
-0.0857441
-0.0857168
-0.0856897
-0.0856626
-0.0856356
-0.0856086
-0.0855818
-0.085555
-0.0855283
-0.0855018
-0.0854753
-0.0854488
-0.0854225
-0.0853962
-0.0853701
-0.085344
-0.085318
-0.085292
-0.0852662
-0.0852404
-0.0852147
-0.0851891
-0.0851636
-0.0851382
-0.0851128
-0.0850875
-0.0850623
-0.0850372
-0.0850121
-0.0849871
-0.0849623
-0.0849374
-0.0849127
-0.084888
-0.0848634
-0.0848389
-0.0848145
-0.0847901
-0.0847659
-0.0847417
-0.0847175
-0.0846935
-0.0846695
-0.0846456
-0.0846217
-0.084598
-0.0845743
-0.0845507
-0.0845271
-0.0845037
-0.0844803
-0.0844569
-0.0844337
-0.0844105
-0.0843874
-0.0843644
-0.0843414
-0.0843185
-0.0842957
-0.0842729
-0.0842502
-0.0842276
-0.0842051
-0.0841826
-0.0841602
-0.0841378
-0.0841156
-0.0840934
-0.0840712
-0.0840491
-0.0840271
-0.0840052
-0.0839833
-0.0839615
-0.0839398
-0.0839181
-0.0838965
-0.083875
-0.0838535
-0.0838321
-0.0838108
-0.0837895
-0.0837683
-0.0837471
-0.083726
-0.083705
-0.0836841
-0.0836632
-0.0836424
-0.0836216
-0.0836009
-0.0835802
-0.0835597
-0.0835391
-0.0835187
-0.0834983
-0.083478
-0.0834577
-0.0834375
-0.0834319
-0.0833973
-0.0833772
-0.0833573
-0.0833432
-0.0833496
-0.083323
-0.083278
-0.0832589
-0.0832417
-0.0832192
-0.0831997
-0.0831881
-0.0831609
-0.0831416
-0.0831223
-0.0831031
-0.0830964
-0.0830649
-0.0830458
-0.0830269
-0.0830079
-0.0829891
-0.0829703
-0.0829515
-0.0829328
-0.0829142
-0.0828956
-0.0828771
-0.0828586
-0.0828402
-0.0828219
-0.0828036
-0.082801
-0.082779
-0.082765
-0.0827309
-0.0827128
-0.0826949
-0.0826769
-0.082659
-0.0826412
-0.0826235
-0.0826057
-0.0825881
-0.0825705
-0.0825529
-0.0825354
-0.0825179
-0.0825005
-0.0824832
-0.0824659
-0.0824486
-0.0824314
-0.0824143
-0.0823972
-0.0823801
-0.0823631
-0.0823527
-0.0823293
-0.0823124
-0.0822956
-0.0822852
-0.0822872
-0.0823078
-0.0822526
-0.0822521
-0.0822368
-0.0822418
-0.0821847
-0.0821765
-0.0821523
-0.0821904
-0.0821273
-0.0821058
-0.0820858
-0.0820581
-0.0820527
-0.0820463
-0.082036
-0.0819856
-0.0819698
-0.081954
-0.0819382
-0.0819225
-0.0819069
-0.0818913
-0.0818757
-0.0818602
-0.0818447
-0.0818293
-0.0818139
-0.0817985
-0.0817832
-0.081768
-0.0817528
-0.0817376
-0.0817225
-0.0817074
-0.0816924
-0.0816774
-0.0816624
-0.0816475
-0.0816327
-0.0816343
-0.0816031
-0.0815883
-0.0815737
-0.081559
-0.0815444
-0.0815298
-0.0815153
-0.0815008
-0.0814864
-0.081472
-0.0814577
-0.0814433
-0.0814291
-0.0814148
-0.0814007
-0.0813865
-0.0813724
-0.0813583
-0.0813443
-0.0813303
-0.0813164
-0.0813025
-0.0812886
-0.0812748
-0.081261
-0.0812472
-0.0812335
-0.0812199
-0.0812062
-0.0811927
-0.0811791
-0.0811656
-0.0811521
-0.0811387
-0.0811253
-0.0811119
-0.0810986
-0.0810853
-0.0810721
-0.0810589
-0.0810457
-0.0810326
-0.0810195
-0.0810064
-0.0809934
-0.0809804
-0.0809675
-0.0809546
-0.0809417
-0.0809289
-0.0809161
-0.0809065
-0.0808906
-0.0808878
-0.0808653
-0.0808527
-0.0808401
-0.0808275
-0.080815
-0.0808025
-0.0807901
-0.0807777
-0.0807653
-0.080753
-0.0807407
-0.0807285
-0.0807162
-0.080704
-0.0806919
-0.0806797
-0.0806677
-0.0806556
-0.0806436
-0.0806316
-0.0806197
-0.0806077
-0.0805958
-0.080584
-0.0805722
-0.0805604
-0.0805486
-0.0805369
-0.0805252
-0.0805136
-0.080502
-0.0804904
-0.0804788
-0.0804673
-0.0804558
-0.0804443
-0.0804329
-0.0804215
-0.0804102
-0.0803988
-0.0803875
-0.0803763
-0.080365
-0.0803538
-0.0803427
-0.0803367
-0.0803204
-0.0803094
-0.0802983
-0.0802873
-0.0802763
-0.0802654
-0.0802544
-0.0802435
-0.0802327
-0.0802219
-0.0802111
-0.0802003
-0.0801896
-0.0801788
-0.0801682
-0.0801575
-0.0801469
-0.0801363
-0.0801257
-0.0801152
-0.0801047
-0.0800942
-0.0801156
-0.0800778
-0.080063
-0.0800526
-0.0800423
-0.080032
-0.0800217
-0.0800115
-0.0800013
-0.0799911
-0.079981
-0.0799708
-0.0799607
-0.0799507
-0.0799406
-0.0799348
-0.0799206
-0.0799107
-0.0799007
-0.0798908
-0.079881
-0.0798711
-0.0798613
-0.0798515
-0.0798417
-0.079832
-0.0798223
-0.0798126
-0.0798029
-0.0797933
-0.0797837
-0.0797855
-0.0797695
-0.079755
-0.0797681
-0.0797423
-0.0797266
-0.0797172
-0.0797078
-0.0796984
-0.0796891
-0.0796798
-0.0796705
-0.0797149
-0.079652
-0.0796428
-0.0796336
-0.0796244
-0.079628
-0.079615
-0.0795979
-0.0795908
-0.079579
-0.079571
-0.0795736
-0.079552
-0.0795431
-0.0795342
-0.0795253
-0.0795164
-0.0795076
-0.0795077
-0.0794974
-0.0794812
-0.0794904
-0.0794737
-0.0794719
-0.0794464
-0.0794627
-0.0794291
-0.0794584
-0.0794388
-0.0794438
-0.0794299
-0.0794619
-0.079493
-0.0795139
-0.0795036
-0.0795487
-0.0795389
-0.0794876
-0.07946
-0.0794296
-0.0793996
-0.0793883
-0.0793955
-0.0793803
-0.0793729
-0.0793612
-0.0792934
-0.0792534
-0.0792453
-0.0792544
-0.0792653
-0.0792977
-0.0792673
-0.0792692
-0.0792705
-0.0793093
-0.0793396
-0.079301
-0.0792734
-0.0792806
-0.0792775
-0.0793122
-0.0793181
-0.0793046
-0.0793078
-0.0792899
-0.079283
-0.079193
-0.0791671
-0.0791606
-0.079195
-0.0791924
-0.0791905
-0.07923
-0.0792139
-0.0791912
-0.0791781
-0.0791924
-0.0792074
-0.0791589
-0.0791526
-0.0791055
-0.0790778
-0.0791007
-0.0791227
-0.0791198
-0.0790643
-0.0790564
-0.0790639
-0.0790417
-0.0790139
-0.0789526
-0.078944
-0.0789598
-0.0789575
-0.0789861
-0.078986
-0.078978
-0.0790233
-0.0790458
-0.0790046
-0.0789618
-0.0789821
-0.0789922
-0.0789997
-0.0789576
-0.0789601
-0.0789507
-0.0789031
-0.078893
-0.0788942
-0.0789062
-0.0788728
-0.0788426
-0.078831
-0.0788368
-0.0788679
-0.0788606
-0.0788657
-0.0789038
-0.0788991
-0.0788602
-0.078839
-0.0787937
-0.0787707
-0.0787765
-0.0787862
-0.0787864
-0.0787484
-0.0787578
-0.0786794
-0.0786432
-0.0786623
-0.0786995
-0.0787013
-0.0787271
-0.0787428
-0.0786671
-0.0787335
-0.0787996
-0.0787145
-0.0786609
-0.0786655
-0.0786924
-0.0786247
-0.0786144
-0.0786304
-0.078659
-0.0786493
-0.0786622
-0.0786796
-0.0787079
-0.0787185
-0.0787032
-0.0786559
-0.078675
-0.0786952
-0.0786829
-0.0786658
-0.0786597
-0.0786732
-0.0786442
-0.0786464
-0.0786177
-0.0786515
-0.0786216
-0.0786278
-0.078584
-0.0785789
-0.0786318
-0.0786163
-0.0785959
-0.0785456
-0.0785034
-0.0785121
-0.0785524
-0.0785197
-0.078457
-0.0783956
-0.0784322
-0.0784158
-0.0784009
-0.0783725
-0.078382
-0.0783871
-0.0783447
-0.0783408
-0.0783671
-0.0783599
-0.0783442
-0.0783625
-0.0783239
-0.0782844
-0.0783117
-0.0782841
-0.078263
-0.0782576
-0.0782522
-0.0782468
-0.0782414
-0.078236
-0.0782306
-0.0782547
-0.0782402
-0.0782146
-0.0782093
-0.078204
-0.0782122
-0.0781935
-0.0782315
-0.0782263
-0.0781846
-0.0781726
-0.0781674
-0.0781622
-0.078157
-0.0781519
-0.0781467
-0.0781433
-0.0781938
-0.0781678
-0.0781811
-0.0781811
-0.0781362
-0.0781472
-0.0781846
-0.0781669
-0.0781986
-0.0781551
-0.0781316
-0.0781871
-0.0781842
-0.0781875
-0.0782135
-0.0781966
-0.0782326
-0.0782401
-0.0782422
-0.0781882
-0.0781742
-0.0781341
-0.078114
-0.0781234
-0.078134
-0.0781413
-0.0781114
-0.0781097
-0.0780475
-0.077994
-0.0779943
-0.0780357
-0.0780438
-0.0780762
-0.0780909
-0.0780626
-0.0780469
-0.0781282
-0.0781004
-0.0780701
-0.0781049
-0.0781154
-0.0780937
-0.0781354
-0.0781504
-0.0781439
-0.0781178
-0.0780812
-0.0780705
-0.0780472
-0.0780285
-0.0780356
-0.0780369
-0.078047
-0.0780415
-0.0780295
-0.077998
-0.0779834
-0.0779816
-0.077995
-0.0780068
-0.0779759
-0.0779618
-0.0779482
-0.0779265
-0.0779431
-0.0778853
-0.0778401
-0.077861
-0.0778911
-0.0778978
-0.0778734
-0.0778753
-0.0778682
-0.0778339
-0.077864
-0.0778148
-0.0777809
-0.0777768
-0.0777726
-0.0777685
-0.0777644
-0.0777603
-0.0777562
-0.0778004
-0.0778052
-0.0777666
-0.0777989
-0.0777917
-0.0777318
-0.0777278
-0.0777237
-0.0777526
-0.0777723
-0.0777773
-0.0777507
-0.0777038
-0.0776999
-0.0776959
-0.077692
-0.0776881
-0.0776842
-0.0776803
-0.0777124
-0.077711
-0.0777384
-0.0776678
-0.0776609
-0.0776571
-0.0776532
-0.0776494
-0.0776456
-0.0776418
-0.077638
-0.0776342
-0.0776305
-0.0776267
-0.077623
-0.0776192
-0.0776318
-0.0776626
-0.0776495
-0.0776203
-0.0776279
-0.0776384
-0.0776193
-0.0776163
-0.0776216
-0.0775894
-0.0775787
-0.0776244
-0.0776421
-0.0775774
-0.077625
-0.0776332
-0.0775582
-0.0775625
-0.077609
-0.0776117
-0.0776089
-0.0775763
-0.0775557
-0.0775464
-0.0775949
-0.0775657
-0.0775236
-0.0775342
-0.0775583
-0.0775696
-0.077508
-0.0775046
-0.0775012
-0.0774977
-0.0774943
-0.0774909
-0.0774875
-0.0774842
-0.0775209
-0.0775682
-0.0775728
-0.0774899
-0.0774674
-0.077464
-0.0774607
-0.0774574
-0.0774541
-0.0774508
-0.0774475
-0.0774442
-0.077441
-0.0774377
-0.0774344
-0.0774312
-0.077428
-0.0774247
-0.0774215
-0.077429
-0.0774151
-0.0774119
-0.0774087
-0.0774055
-0.0774024
-0.0773992
-0.0773961
-0.0773929
-0.0773898
-0.0773867
-0.0773835
-0.0773804
-0.0773773
-0.0773742
-0.0773711
-0.0773681
-0.077365
-0.0773619
-0.0773788
-0.0773558
-0.0773528
-0.0773497
-0.0773467
-0.0773437
-0.0773407
-0.0773377
-0.0773379
-0.0773662
-0.0773531
-0.0773273
-0.0773228
-0.0773199
-0.0773169
-0.077314
-0.0773111
-0.0773664
-0.0773956
-0.0773628
-0.0773466
-0.0773688
-0.0773746
-0.0773922
-0.0773992
-0.0773705
-0.0772822
-0.0773294
-0.0773301
-0.0773074
-0.0772829
-0.0772702
-0.077319
-0.0772682
-0.0772596
-0.0772568
-0.077254
-0.0772513
-0.0772485
-0.0772457
-0.077243
-0.0772402
-0.0772375
-0.0772348
-0.077232
-0.0772293
-0.0772266
-0.0772239
-0.0772212
-0.0772185
-0.0772158
-0.0772132
-0.0772105
-0.0772078
-0.0772052
-0.0772026
-0.0771999
-0.0771973
-0.0771946
-0.0772116
-0.0772159
-0.0772587
-0.0772806
-0.0772261
-0.0772278
-0.0772233
-0.0772309
-0.0771713
-0.0772066
-0.0772342
-0.0771983
-0.0771611
-0.0772282
-0.0772102
-0.0772268
-0.0772004
-0.0771877
-0.0771998
-0.0772345
-0.0772534
-0.0772464
-0.0772816
-0.077251
-0.0772912
-0.0772595
-0.0772404
-0.0772038
-0.0772166
-0.0772113
-0.0772593
-0.0772722
-0.077294
-0.0773146
-0.0772765
-0.0773491
-0.0773377
-0.0773467
-0.0772746
-0.0772484
-0.0772569
-0.0773116
-0.077267
-0.0772295
-0.0772053
-0.0772133
-0.0772395
-0.0772477
-0.0772767
-0.0772677
-0.077297
-0.0773336
-0.0773137
-0.0773053
-0.0772449
-0.0772442
-0.077296
-0.0772758
-0.0772509
-0.077236
-0.0772893
-0.0772603
-0.0772393
-0.0772887
-0.0773203
-0.0773018
-0.0772463
-0.0772173
-0.0771738
-0.0772226
-0.0772219
-0.0771932
-0.0771508
-0.0771212
-0.0771164
-0.0771282
-0.0771353
-0.0771169
-0.0771111
-0.0770822
-0.0770868
-0.0771239
-0.0770666
-0.0770526
-0.0770141
-0.0769926
-0.0769905
-0.0769884
-0.0770302
-0.0770583
-0.077044
-0.0770318
-0.0770158
-0.0770397
-0.0770428
-0.0770467
-0.0770716
-0.0770917
-0.0770542
-0.0770175
-0.0770345
-0.0770363
-0.0770692
-0.0770762
-0.077084
-0.0770467
-0.0769747
-0.0770367
-0.0771012
-0.0770519
-0.0770365
-0.0770688
-0.0770758
-0.0770766
-0.0770917
-0.0771389
-0.0771501
-0.0771957
-0.0772008
-0.0771782
-0.0771287
-0.0771013
-0.0771401
-0.077136
-0.0771202
-0.0770923
-0.0770531
-0.077079
-0.0771117
-0.0771038
-0.0771232
-0.0771483
-0.0771516
-0.0771195
-0.0771046
-0.0771619
-0.077156
-0.0771354
-0.0770781
-0.0770511
-0.0770697
-0.0771169
-0.0770811
-0.0770311
-0.0770434
-0.0770816
-0.0770681
-0.077066
-0.0771109
-0.0770793
-0.0770514
-0.077024
-0.0770497
-0.0770738
-0.0770653
-0.0770868
-0.077114
-0.0771319
-0.0770607
-0.0770095
-0.07704
-0.0770763
-0.0770714
-0.0770689
-0.0771238
-0.0771237
-0.0771015
-0.0770626
-0.077008
-0.0769926
-0.0769868
-0.077018
-0.0770241
-0.0770149
-0.0769693
-0.0769345
-0.0769623
-0.0769765
-0.07698
-0.0769824
-0.0769199
-0.0769034
-0.0768682
-0.0769397
-0.0769678
-0.0769743
-0.0770098
-0.0769644
-0.0769862
-0.0770541
-0.0769806
-0.076955
-0.0769467
-0.0769416
-0.0769552
-0.0769778
-0.0769777
-0.0769826
-0.0770362
-0.0770599
-0.0770039
-0.0770029
-0.0769913
-0.0769651
-0.0769903
-0.07701
-0.076987
-0.0770052
-0.0769916
-0.0769725
-0.0769447
-0.0769272
-0.0769487
-0.0769558
-0.07693
-0.0769128
-0.0769095
-0.0768979
-0.0769169
-0.0769403
-0.0769538
-0.0769453
-0.0769876
-0.0770049
-0.0769667
-0.0769901
-0.0769754
-0.0769535
-0.0769183
-0.0769155
-0.0768891
-0.0768678
-0.076851
-0.0768496
-0.0768415
-0.0768721
-0.0768314
-0.0768082
-0.0768055
-0.0768049
-0.0767951
-0.0768109
-0.0768442
-0.0768463
-0.0768098
-0.076753
-0.0767519
-0.0767973
-0.0768212
-0.0768134
-0.0768287
-0.0768184
-0.076796
-0.0767527
-0.0767674
-0.0767559
-0.0767762
-0.076779
-0.0767289
-0.0767951
-0.0767773
-0.0768065
-0.0768056
-0.076809
-0.0768247
-0.0768727
-0.076843
-0.0768423
-0.0769143
-0.076927
-0.0768871
-0.0768677
-0.0768763
-0.0769296
-0.07691
-0.0768932
-0.0769521
-0.0769698
-0.076946
-0.0768787
-0.0768428
-0.0768129
-0.0768273
-0.076866
-0.0768678
-0.0768402
-0.0768199
-0.0768152
-0.076792
-0.0767891
-0.0767883
-0.0767918
-0.0767652
-0.0767264
-0.0767459
-0.076776
-0.076792
-0.0767793
-0.0768276
-0.0768215
-0.0768672
-0.0768769
-0.0768095
-0.0768688
-0.0768498
-0.0768726
-0.0769024
-0.0768818
-0.0768551
-0.076934
-0.0769677
-0.0769451
-0.076868
-0.0768208
-0.0767996
-0.0767922
-0.0768413
-0.0768525
-0.0768265
-0.0767938
-0.0767608
-0.0767314
-0.0767471
-0.0767832
-0.076786
-0.0767793
-0.0767161
-0.0766989
-0.0766781
-0.0767421
-0.076758
-0.07682
-0.0767887
-0.0767582
-0.0767743
-0.076839
-0.0767529
-0.0767471
-0.0767265
-0.0767958
-0.0767948
-0.0767758
-0.076785
-0.076793
-0.076851
-0.0768815
-0.0768268
-0.0767913
-0.0767813
-0.0768046
-0.0767995
-0.0768402
-0.0768538
-0.0768281
-0.0768039
-0.0768576
-0.0768842
-0.0768375
-0.0767728
-0.0767077
-0.0767542
-0.0767506
-0.0767486
-0.0767445
-0.0767422
-0.0767237
-0.0766705
-0.0766562
-0.0766722
-0.0767038
-0.0767076
-0.0766817
-0.0766513
-0.0766164
-0.0765686
-0.0765645
-0.076639
-0.0766635
-0.0766704
-0.0766557
-0.0766914
-0.0767118
-0.0766723
-0.0766454
-0.0766568
-0.0766314
-0.0765691
-0.0765528
-0.0765518
-0.0765509
-0.0765499
-0.076549
-0.076548
-0.0765471
-0.0765461
-0.0765452
-0.0765442
-0.0765433
-0.0765424
-0.0765414
-0.0765973
-0.0765726
-0.0765519
-0.0765377
-0.0765368
-0.0765359
-0.0765349
-0.076534
-0.0765331
-0.0765593
-0.0766194
-0.0766318
-0.0766228
-0.076594
-0.0765966
-0.0765799
-0.0766002
-0.076571
-0.0766262
-0.0765964
-0.0765719
-0.0766087
-0.0766467
-0.0765572
-0.0766134
-0.0765804
-0.0765445
-0.0765162
-0.0765153
-0.0765145
-0.0765136
-0.0765127
-0.0765119
-0.076511
-0.0765102
-0.0765093
-0.0765085
-0.0765076
-0.0765068
-0.0765059
-0.0765051
-0.0765042
-0.0765034
-0.0765026
-0.0765017
-0.0765009
-0.0765001
-0.0764992
-0.0764984
-0.0764976
-0.0764968
-0.076496
-0.0764951
-0.0764943
-0.0764935
-0.0764927
-0.0764919
-0.0764911
-0.0764903
-0.0764895
-0.0764887
-0.0764879
-0.0764871
-0.0764863
-0.0764855
-0.0764847
-0.0764839
-0.0764831
-0.0764824
-0.0764816
-0.0764808
-0.07648
-0.0764792
-0.0764785
-0.0764777
-0.0764769
-0.0764762
-0.0764754
-0.0764873
-0.0765531
-0.0765895
-0.0765084
-0.0765232
-0.0765741
-0.0765531
-0.0764957
-0.0765164
-0.0765057
-0.0764671
-0.0764664
-0.0764656
-0.0764649
-0.0764641
-0.0764634
-0.0764627
-0.0764619
-0.0764612
-0.0764605
-0.0764812
-0.0765299
-0.0765171
-0.076519
-0.0764828
-0.0764589
-0.0764554
-0.0764547
-0.076454
-0.0765242
-0.0764981
-0.0764519
-0.0764512
-0.0764505
-0.0764498
-0.0764491
-0.0764484
-0.0764477
-0.0764521
-0.0764472
-0.0764562
-0.0764935
-0.0765245
-0.0765243
-0.0765062
-0.0764931
-0.0764423
-0.0764409
-0.0764402
-0.0764395
-0.0764388
-0.0764382
-0.0764608
-0.0765228
-0.0765287
-0.0764782
-0.0764449
-0.076514
-0.0764955
-0.0765097
-0.0765389
-0.0764889
-0.076526
-0.0764981
-0.0764316
-0.076429
-0.0764283
-0.0764277
-0.076427
-0.0764264
-0.0764257
-0.0764251
-0.0764245
-0.0764238
-0.0764232
-0.0764591
-0.0764863
-0.0765091
-0.0765102
-0.0765374
-0.0765525
-0.0765107
-0.0765234
-0.0765289
-0.0765199
-0.0765679
-0.0765779
-0.0765613
-0.0765111
-0.0764208
-0.076451
-0.076511
-0.076543
-0.0765457
-0.0765272
-0.0765006
-0.0764973
-0.0765064
-0.0764671
-0.0764814
-0.0764804
-0.0764777
-0.076479
-0.0765407
-0.0765233
-0.0765112
-0.0765218
-0.0764849
-0.0765183
-0.0765198
-0.0764848
-0.0764721
-0.0764662
-0.0764927
-0.0764566
-0.0764008
-0.0763981
-0.0763975
-0.0763969
-0.0763964
-0.0763958
-0.0763952
-0.0764001
-0.0763949
-0.0763936
-0.076393
-0.0763925
-0.0763919
-0.0763914
-0.0763908
-0.0764272
-0.0763944
-0.0763892
-0.0764312
-0.0764585
-0.0764366
-0.076475
-0.0764152
-0.0763859
-0.0763854
-0.0764236
-0.0764521
-0.0764653
-0.0764491
-0.0764396
-0.0764655
-0.0764771
-0.0764443
-0.0764491
-0.0764371
-0.0764607
-0.0764734
-0.0764573
-0.0764347
-0.076458
-0.0764229
-0.0764178
-0.0765056
-0.0765065
-0.0765505
-0.0765746
-0.0765248
-0.0765515
-0.0765814
-0.0766325
-0.076552
-0.0765381
-0.076599
-0.0765932
-0.0766343
-0.0766486
-0.0766253
-0.0765733
-0.0765462
-0.0765788
-0.0766306
-0.0766088
-0.0765661
-0.0765512
-0.0765399
-0.0765628
-0.0765577
-0.0765291
-0.0765253
-0.0764943
-0.0765067
-0.0765177
-0.0765553
-0.0765559
-0.0765478
-0.0765993
-0.0766252
-0.0766101
-0.0765616
-0.0765734
-0.076614
-0.0765947
-0.0765536
-0.0765275
-0.0765152
-0.076574
-0.0765487
-0.0765865
-0.0766215
-0.0765973
-0.0765745
-0.0765508
-0.0766269
-0.0766352
-0.0765826
-0.0765517
-0.076505
-0.0765029
-0.0765106
-0.0765442
-0.0765478
-0.0765141
-0.0764837
-0.0764611
-0.0764913
-0.0765054
-0.0765131
-0.0765094
-0.076453
-0.0764342
-0.0763777
-0.0764431
-0.0764871
-0.0765112
-0.0765165
-0.0765183
-0.0765401
-0.0765718
-0.0765253
-0.0765033
-0.0765499
-0.0765378
-0.0765875
-0.0766026
-0.0765912
-0.0765617
-0.0765854
-0.0766428
-0.0766059
-0.0765791
-0.0765247
-0.0765449
-0.0765996
-0.0765916
-0.0765575
-0.0765403
-0.0765096
-0.0765378
-0.0765719
-0.0765435
-0.0765574
-0.0765408
-0.0765186
-0.0765036
-0.0765
-0.076523
-0.0765665
-0.0765652
-0.0765657
-0.0766245
-0.0766241
-0.0765679
-0.0765347
-0.076481
-0.0764803
-0.0764885
-0.0764769
-0.0764311
-0.0763567
-0.0763792
-0.0764484
-0.0764646
-0.0764841
-0.076452
-0.0763976
-0.0764617
-0.0764528
-0.0765466
-0.0765045
-0.0764857
-0.0764507
-0.0764502
-0.0764635
-0.0764774
-0.0764556
-0.0764296
-0.0764239
-0.0764418
-0.0764536
-0.0764565
-0.0764294
-0.0764183
-0.0763704
-0.0763822
-0.0764078
-0.0764135
-0.0764251
-0.0764571
-0.0764578
-0.0763866
-0.076358
-0.0763127
-0.0763123
-0.076312
-0.0763116
-0.0763113
-0.0763109
-0.0763106
-0.0763103
-0.0763099
-0.0763096
-0.0763092
-0.0763089
-0.0763086
-0.0763082
-0.0763079
-0.0763075
-0.0763072
-0.0763069
-0.0763065
-0.0763062
-0.0763059
-0.0763055
-0.0763052
-0.0763049
-0.0763046
-0.0763042
-0.0763218
-0.0763095
-0.0763032
-0.0763029
-0.0763026
-0.0763023
-0.0763444
-0.0763085
-0.0763943
-0.076371
-0.0763932
-0.0764224
-0.0764124
-0.076336
-0.0762994
-0.0762991
-0.0762988
-0.0762985
-0.0762983
-0.0763341
-0.0763918
-0.0763959
-0.0763512
-0.0764175
-0.0763989
-0.0763724
-0.0763418
-0.0763383
-0.0763685
-0.0763418
-0.0763223
-0.0762954
-0.0762939
-0.0762936
-0.0762933
-0.076293
-0.0762927
-0.0762924
-0.076299
-0.0762918
-0.0762915
-0.0762912
-0.0762909
-0.0762906
-0.0762903
-0.07629
-0.0762897
-0.0762894
-0.0763173
-0.0762926
-0.076336
-0.0763268
-0.0763757
-0.0763454
-0.076379
-0.0763991
-0.0763544
-0.0762913
-0.0762863
-0.076286
-0.0762857
-0.0762854
-0.0762851
-0.0762849
-0.0762846
-0.0762843
-0.076284
-0.0762838
-0.0762835
-0.0762832
-0.0762829
-0.0762827
-0.0762824
-0.0762821
-0.0762819
-0.0762816
-0.0762813
-0.076281
-0.0762808
-0.0762805
-0.0762802
-0.07628
-0.0762797
-0.0762794
-0.0762792
-0.0762789
-0.0762787
-0.0762784
-0.0762781
-0.0762779
-0.0762776
-0.0762773
-0.0762771
-0.0762768
-0.0762766
-0.0762763
-0.0762761
-0.0762758
-0.0762755
-0.0762753
-0.076275
-0.0762748
-0.0762745
-0.0762743
-0.076274
-0.0762738
-0.0762735
-0.0762733
-0.076273
-0.0762728
-0.0762725
-0.0762723
-0.076272
-0.0762718
-0.0762716
-0.0762713
-0.0762711
-0.0762889
-0.0762793
-0.0763448
-0.0763499
-0.0763773
-0.0763542
-0.0763886
-0.0763481
-0.0763507
-0.0763689
-0.0763641
-0.076361
-0.076356
-0.0763278
-0.0763479
-0.0763914
-0.0763164
-0.0763808
-0.0763595
-0.076395
-0.0763559
-0.0763576
-0.0763733
-0.0763115
-0.0762983
-0.0763591
-0.0763606
-0.0763726
-0.0763916
-0.0763094
-0.0763715
-0.0763526
-0.0763793
-0.0763587
-0.0763167
-0.0763173
-0.0763042
-0.0762642
-0.076262
-0.0762618
-0.0762616
-0.0762614
-0.0762612
-0.0762609
-0.0762607
-0.0762605
-0.0762603
-0.0762601
-0.0762599
-0.0762596
-0.0762594
-0.0762592
-0.076259
-0.0762588
-0.0762586
-0.0762786
-0.0763337
-0.0763296
-0.0763406
-0.0763211
-0.0762922
-0.0762753
-0.0762786
-0.0763731
-0.0763789
-0.0762973
-0.0763082
-0.0762908
-0.0762564
-0.0762555
-0.0762553
-0.0762551
-0.0762549
-0.0762548
-0.0762547
-0.0762546
-0.0762545
-0.0762543
-0.0762541
-0.0762539
-0.0762537
-0.0762534
-0.0762531
-0.0762528
-0.0762528
-0.0762527
-0.0762526
-0.0762525
-0.0762523
-0.0762664
-0.0762589
-0.0762514
-0.0762509
-0.0762507
-0.0762505
-0.0762503
-0.0762502
-0.07625
-0.0762498
-0.0762636
-0.0762508
-0.0762498
-0.0762497
-0.0762496
-0.0762495
-0.0762494
-0.0762493
-0.0762698
-0.0762536
-0.0763247
-0.0763046
-0.0762695
-0.0762503
-0.0762477
-0.0762472
-0.0762471
-0.0762469
-0.0762468
-0.0762466
-0.0762464
-0.0762461
-0.0762461
-0.076246
-0.076246
-0.076246
-0.0762459
-0.0762459
-0.0762458
-0.0762457
-0.0762456
-0.0762721
-0.0762561
-0.0763011
-0.0763127
-0.0762768
-0.0762478
-0.076244
-0.0762434
-0.0762432
-0.0762565
-0.0762439
-0.0762644
-0.0762916
-0.0763401
-0.0763265
-0.0763389
-0.0762791
-0.076287
-0.0762656
-0.0762414
-0.0762408
-0.0762406
-0.0762403
-0.0762402
-0.0762402
-0.0762401
-0.07624
-0.0762398
-0.0762471
-0.0762617
-0.0763062
-0.07627
-0.076285
-0.0763186
-0.0763495
-0.076315
-0.0763943
-0.0763109
-0.0762929
-0.0763296
-0.0762724
-0.0762797
-0.076276
-0.0762996
-0.076258
-0.0762397
-0.0762378
-0.0762374
-0.0762581
-0.0762483
-0.0762384
-0.0763254
-0.0763227
-0.0763547
-0.0763107
-0.0762914
-0.0762563
-0.0763005
-0.0763274
-0.0763072
-0.0762925
-0.0763329
-0.0763378
-0.0763217
-0.0763251
-0.0762758
-0.076261
-0.076315
-0.0763036
-0.076339
-0.0763177
-0.0762862
-0.0762854
-0.0762698
-0.0762364
-0.0763001
-0.0763121
-0.0762681
-0.0762364
-0.0762439
-0.0762379
-0.0762328
-0.0762326
-0.0762328
-0.0762997
-0.0762658
-0.0762357
-0.0762319
-0.0762317
-0.0762317
-0.0762317
-0.0762316
-0.0762315
-0.0762313
-0.0762311
-0.0762309
-0.0762307
-0.0762307
-0.0762307
-0.0762755
-0.0763029
-0.0763064
-0.0762926
-0.0762605
-0.0762315
-0.0762755
-0.0763138
-0.0763015
-0.0763245
-0.0763392
-0.076336
-0.0763311
-0.076325
-0.0762757
-0.0763016
-0.0763115
-0.0762953
-0.0762688
-0.0762372
-0.0762932
-0.0762788
-0.0762611
-0.07632
-0.0763382
-0.0762928
-0.0762738
-0.0763422
-0.0763652
-0.0763235
-0.0762696
-0.0762597
-0.0762301
-0.0762974
-0.076332
-0.0763082
-0.0762866
-0.076306
-0.0763425
-0.0763249
-0.0762916
-0.0763565
-0.0763666
-0.0763547
-0.0762901
-0.0762636
-0.0763004
-0.0763185
-0.0763413
-0.0762842
-0.0762698
-0.0762717
-0.0762266
-0.0762231
-0.0762228
-0.0762225
-0.0762224
-0.0762224
-0.0762223
-0.0762223
-0.0762222
-0.0762221
-0.076222
-0.076231
-0.0762249
-0.0762217
-0.0762216
-0.0762217
-0.0762218
-0.0762587
-0.0762245
-0.0762224
-0.0762695
-0.0763273
-0.0763424
-0.0763
-0.076306
-0.0763022
-0.0763034
-0.0762683
-0.0762354
-0.0762225
-0.0762209
-0.0762206
-0.0762207
-0.0762818
-0.0763202
-0.0763324
-0.0763654
-0.0763233
-0.0762756
-0.0763246
-0.0763287
-0.0763524
-0.0762847
-0.0762849
-0.0763358
-0.0763019
-0.0763497
-0.0763245
-0.0762492
-0.0762205
-0.0762177
-0.0762175
-0.0762175
-0.0762174
-0.0762174
-0.0762352
-0.0762194
-0.0762182
-0.0762181
-0.0762182
-0.0762635
-0.0763317
-0.0762995
-0.0762327
-0.0762872
-0.0762823
-0.0762217
-0.0762168
-0.0762584
-0.0762982
-0.0763053
-0.0762787
-0.0763004
-0.0763174
-0.0762934
-0.0763387
-0.0762899
-0.0763204
-0.0763372
-0.0762974
-0.0762945
-0.076254
-0.0762723
-0.0762419
-0.0762161
-0.0762142
-0.0762144
-0.0762144
-0.0762498
-0.0762949
-0.0762937
-0.076291
-0.0763258
-0.0762946
-0.0763468
-0.0762929
-0.0763214
-0.0762554
-0.0762151
-0.0762132
-0.0762131
-0.0762128
-0.0762127
-0.0762446
-0.0762915
-0.0763096
-0.0762528
-0.0762125
-0.0762131
-0.0762134
-0.0762134
-0.0762493
-0.07627
-0.0762547
-0.0762122
-0.076211
-0.0762112
-0.0762113
-0.0762114
-0.0762593
-0.0762897
-0.0762755
-0.0762316
-0.0763078
-0.0763595
-0.0763057
-0.0762522
-0.0762435
-0.0763098
-0.0763423
-0.0762505
-0.0762158
-0.0762517
-0.076312
-0.0762927
-0.076293
-0.0763249
-0.0763442
-0.0763201
-0.0762692
-0.0762186
-0.0762564
-0.0762626
-0.0762102
-0.0762091
-0.076209
-0.0762089
-0.0762087
-0.0762503
-0.0763231
-0.0763114
-0.0763219
-0.0762976
-0.076332
-0.076327
-0.0762851
-0.0762154
-0.0762083
-0.0762087
-0.0762088
-0.0762089
-0.0762089
-0.0762089
-0.0762088
-0.0762087
-0.0762086
-0.0762085
-0.0762083
-0.0762081
-0.0762081
-0.0762081
-0.0762082
-0.0762082
-0.0762082
-0.0762448
-0.0762702
-0.0763088
-0.0762873
-0.0763001
-0.0763055
-0.0762459
-0.0762136
-0.0762066
-0.0762444
-0.0763231
-0.0763002
-0.0763267
-0.0762903
-0.076314
-0.0762296
-0.0762074
-0.0762052
-0.0762051
-0.076205
-0.076205
-0.0762049
-0.0762048
-0.0762047
-0.0762046
-0.0762047
-0.0762048
-0.0762048
-0.0762049
-0.076205
-0.076205
-0.076205
-0.076205
-0.0762049
-0.0762049
-0.0762048
-0.0762047
-0.0762046
-0.0762044
-0.0762042
-0.076204
-0.0762038
-0.0762038
-0.0762039
-0.076204
-0.0762041
-0.0762042
-0.0762042
-0.0762042
-0.0762042
-0.0762042
-0.0762042
-0.0762042
-0.0762041
-0.076204
-0.0762039
-0.0762038
-0.0762036
-0.0762036
-0.0762036
-0.0762036
-0.0762035
-0.0762034
-0.0762034
-0.0762033
-0.0762032
-0.0762031
-0.0762029
-0.0762027
-0.0762025
-0.0762091
-0.0762637
-0.0762796
-0.0762322
-0.0762032
-0.0762022
-0.0762022
-0.0762022
-0.0762022
-0.0762022
-0.0762021
-0.076202
-0.0762019
-0.0762017
-0.0762015
-0.0762014
-0.0762015
-0.0762016
-0.0762016
-0.0762016
-0.0762015
-0.0762015
-0.0762013
-0.0762012
-0.076201
-0.0762008
-0.0762082
-0.0762058
-0.0762005
-0.0762003
-0.0762005
-0.0762524
-0.0762414
-0.0762036
-0.0762004
-0.0762
-0.0761997
-0.0761995
-0.0761992
-0.076199
-0.076199
-0.0762199
-0.0762088
-0.0762435
-0.0762709
-0.0762731
-0.0762785
-0.0762074
-0.0762006
-0.0762607
-0.0763178
-0.0762821
-0.0762732
-0.0762988
-0.0762381
-0.0762053
-0.0761992
-0.0761987
-0.0761987
-0.0761986
-0.0761986
-0.0761986
-0.0761986
-0.0761986
-0.0761986
-0.0762143
-0.0762111
-0.0762524
-0.0762634
-0.0762037
-0.0762537
-0.0762811
-0.0763357
-0.0763475
-0.0763068
-0.0762915
-0.0762058
-0.0761992
-0.0761989
-0.0761989
-0.0762225
-0.0762099
-0.0762435
-0.0762028
-0.076197
-0.0761968
-0.076197
-0.0761971
-0.0761972
-0.0761973
-0.0761973
-0.0761974
-0.0761974
-0.0761973
-0.0761973
-0.0761972
-0.076197
-0.0761969
-0.0761969
-0.0761969
-0.0761969
-0.0761969
-0.0761968
-0.0761967
-0.0761967
-0.0761966
-0.0761967
-0.0761968
-0.0761968
-0.0761968
-0.0761968
-0.0761968
-0.076213
-0.0762027
-0.0761969
-0.0761964
-0.0761963
-0.0761961
-0.0761961
-0.076196
-0.076196
-0.076196
-0.0762065
-0.0761978
-0.0761967
-0.0761966
-0.0762053
-0.0762306
-0.0762592
-0.0762017
-0.0761962
-0.0761959
-0.0761962
-0.076239
-0.0762819
-0.076285
-0.0762916
-0.0762162
-0.0762233
-0.0762127
-0.0762845
-0.0762818
-0.0762723
-0.0762245
-0.0762544
-0.0762566
-0.0762748
-0.0762661
-0.0762369
-0.0762932
-0.0763222
-0.0763057
-0.0762654
-0.0762874
-0.0762332
-0.076197
-0.076195
-0.0761947
-0.0761947
-0.0761948
-0.0761948
-0.0761948
-0.0761947
-0.0761946
-0.0761945
-0.0761944
-0.0761942
-0.0761942
-0.0761943
-0.0761944
-0.0761944
-0.0761944
-0.0761944
-0.0761943
-0.0761943
-0.0761943
-0.0762078
-0.0761999
-0.0761944
-0.0761942
-0.0762736
-0.0762995
-0.0762284
-0.0761973
-0.0761936
-0.0761935
-0.0761936
-0.0761937
-0.0761937
-0.0761937
-0.0761936
-0.0761936
-0.076208
-0.076196
-0.0761932
-0.0761931
-0.0762671
-0.0762864
-0.0762215
-0.0762269
-0.0762546
-0.0762832
-0.0762313
-0.076194
-0.076193
-0.0761929
-0.0761929
-0.076193
-0.076193
-0.0761929
-0.0762108
-0.0762609
-0.0762291
-0.0761953
-0.0761926
-0.0761929
-0.0761932
-0.0762974
-0.0762841
-0.0762516
-0.0762015
-0.0761934
-0.0762495
-0.0762834
-0.0762938
-0.0763073
-0.076298
-0.076274
-0.0762386
-0.076201
-0.0762785
-0.0762566
-0.0762922
-0.0762937
-0.0762602
-0.0762377
-0.0763008
-0.0763272
-0.0763274
-0.0762973
-0.0762688
-0.0762865
-0.0762966
-0.0762795
-0.0762343
-0.0762707
-0.0762422
-0.0761944
-0.0761915
-0.0761916
-0.0762314
-0.0762858
-0.0762567
-0.0762011
-0.0761929
-0.0761917
-0.0762167
-0.0762376
-0.0762799
-0.0762636
-0.0763069
-0.076249
-0.076331
-0.0763311
-0.076289
-0.0763061
-0.076274
-0.0762759
-0.0763146
-0.0762835
-0.0762195
-0.0761921
-0.0761898
-0.0761902
-0.0761904
-0.0762347
-0.0761949
-0.0762485
-0.0762345
-0.0761925
-0.0761895
-0.0761892
-0.0761892
-0.0761891
-0.0761891
-0.0761891
-0.076189
-0.076189
-0.0761889
-0.0761889
-0.0761889
-0.076189
-0.076189
-0.076189
-0.0761891
-0.0761891
-0.0761891
-0.076189
-0.0762147
-0.0762
-0.0762947
-0.0762798
-0.0763302
-0.0762771
-0.0763029
-0.0762698
-0.0763088
-0.0762713
-0.076328
-0.0762888
-0.0763174
-0.0762288
-0.0762374
-0.0762125
-0.0761892
-0.0761885
-0.0761889
-0.0761891
-0.0761891
-0.0761892
-0.0761892
-0.0761892
-0.0761891
-0.076189
-0.0761889
-0.0761888
-0.0761887
-0.0761888
-0.0761889
-0.0761889
-0.076189
-0.076189
-0.076189
-0.0761889
-0.0761888
-0.0761887
-0.0761886
-0.0761884
-0.0761904
-0.0761882
-0.0761879
-0.0761878
-0.0761878
-0.0761877
-0.0761877
-0.0761877
-0.0761877
-0.0761877
-0.0761876
-0.0761876
-0.0761876
-0.0761979
-0.0761888
-0.0761882
-0.0761882
-0.0761883
-0.0761883
-0.0761884
-0.0761884
-0.0761884
-0.0761885
-0.0761885
-0.0761884
-0.0761884
-0.0761939
-0.0761936
-0.076189
-0.0761886
-0.0762571
-0.0762186
-0.0761884
-0.0761873
-0.0761877
-0.076188
-0.0761881
-0.0761882
-0.0761882
-0.0762248
-0.0762445
-0.0762806
-0.0762303
-0.0761917
-0.0761885
-0.0761878
-0.0761878
-0.0761878
-0.0761879
-0.0761879
-0.0761879
-0.0761879
-0.0761878
-0.0761877
-0.0761875
-0.0761874
-0.0761872
-0.0761869
-0.0761867
-0.0761866
-0.0761867
-0.0761868
-0.0761869
-0.0762172
-0.0762862
-0.0763024
-0.0763137
-0.0763074
-0.076228
-0.0761889
-0.0761862
-0.0761859
-0.076186
-0.076186
-0.0761861
-0.0761861
-0.0762102
-0.0761921
-0.0762338
-0.0762238
-0.0761889
-0.0761859
-0.0761858
-0.0761861
-0.0761863
-0.0761865
-0.0761866
-0.0761868
-0.0761869
-0.076187
-0.076187
-0.0761871
-0.0761871
-0.076187
-0.076187
-0.0761869
-0.0761867
-0.0761867
-0.0761869
-0.076187
-0.07624
-0.07625
-0.0762215
-0.0761872
-0.0761858
-0.0761862
-0.0761863
-0.0761864
-0.0761864
-0.0762031
-0.0761918
-0.0761865
-0.0761864
-0.0761867
-0.0762557
-0.0762601
-0.0763084
-0.07622
-0.0761865
-0.0761868
-0.0762318
-0.0762584
-0.0763375
-0.0762492
-0.0761883
-0.0761848
-0.0761846
-0.0761846
-0.0761846
-0.0761845
-0.0761845
-0.0761846
-0.0761847
-0.0761849
-0.0761849
-0.076185
-0.0761851
-0.0761851
-0.0761851
-0.0761851
-0.076185
-0.0761849
-0.0761848
-0.0761848
-0.0761847
-0.0761848
-0.0761847
-0.0761847
-0.0761847
-0.0761847
-0.0761849
-0.076185
-0.0761852
-0.0761853
-0.0761853
-0.0761853
-0.0761853
-0.0761853
-0.0761852
-0.0761852
-0.0761853
-0.0761854
-0.0761855
-0.0761855
-0.0761855
-0.0761854
-0.0761854
-0.0761852
-0.0761852
-0.0761851
-0.0761935
-0.0761896
-0.0762045
-0.0762577
-0.0763089
-0.076268
-0.0762986
-0.0762747
-0.076262
-0.0762387
-0.0762142
-0.0761874
-0.0761847
-0.0761865
-0.0761844
-0.0761843
-0.0761843
-0.0761843
-0.0761843
-0.0761843
-0.0761845
-0.0761848
-0.076185
-0.076232
-0.0762521
-0.0762677
-0.07624
-0.0762598
-0.0762545
-0.076228
-0.0762388
-0.0762675
-0.0762897
-0.0762615
-0.0762797
-0.0762902
-0.0762631
-0.0762341
-0.0762548
-0.0762981
-0.0762721
-0.076284
-0.0762897
-0.0762734
-0.076306
-0.0762706
-0.0762238
-0.0762665
-0.076217
-0.076185
-0.0761841
-0.0761842
-0.0761844
-0.0761845
-0.0761846
-0.0761846
-0.0761846
-0.0761846
-0.0762073
-0.0761891
-0.076233
-0.076224
-0.0761853
-0.076183
-0.0761833
-0.0761834
-0.0761835
-0.0762161
-0.0762962
-0.0762694
-0.0763008
-0.0762702
-0.0762436
-0.0762143
-0.0761838
-0.0761835
-0.0761836
-0.0761837
-0.0761838
-0.0762177
-0.0762952
-0.0762756
-0.0762955
-0.0762378
-0.0762348
-0.0762164
-0.076184
-0.0761826
-0.0761828
-0.0761829
-0.076183
-0.0761831
-0.0761832
-0.0761832
-0.0761832
-0.0761832
-0.076192
-0.0761884
-0.0761835
-0.0761833
-0.0761835
-0.0761837
-0.0762399
-0.0762566
-0.0762925
-0.0763052
-0.0762205
-0.0762304
-0.0762669
-0.0762309
-0.0761889
-0.0761833
-0.0761827
-0.0761826
-0.0761825
-0.0761824
-0.0761823
-0.0761822
-0.0761836
-0.076182
-0.0761821
-0.0761823
-0.0761824
-0.0761826
-0.0761827
-0.0761828
-0.076183
-0.0761832
-0.0761833
-0.0762131
-0.076186
-0.076184
-0.0761838
-0.0761838
-0.0762203
-0.0762909
-0.0763058
-0.0762346
-0.0762625
-0.0762431
-0.0761901
-0.0761839
-0.0761838
-0.0761838
-0.0761837
-0.0761837
-0.0761836
-0.0761836
-0.0761835
-0.0761834
-0.0761834
-0.0761835
-0.0761836
-0.0761836
-0.0761836
-0.0761835
-0.0761835
-0.0761834
-0.0761833
-0.0762465
-0.0762784
-0.0762487
-0.0762022
-0.0762531
-0.0763216
-0.0762641
-0.0761992
-0.0761856
-0.0761847
-0.0762466
-0.076297
-0.0762769
-0.0762961
-0.0762566
-0.0763019
-0.0763126
-0.0762695
-0.0763079
-0.076261
-0.0762628
-0.0762865
-0.0762783
-0.0762858
-0.0762878
-0.0762986
-0.0762252
-0.0762315
-0.0762112
-0.0761831
-0.0761814
-0.0761818
-0.0761821
-0.0761823
-0.0761825
-0.0761827
-0.0761828
-0.0761829
-0.0762025
-0.076188
-0.0761837
-0.0761833
-0.0761833
-0.0761834
-0.0762274
-0.0762498
-0.0763147
-0.0762657
-0.0762769
-0.0762858
-0.0762965
-0.076311
-0.0762112
-0.0762256
-0.0763043
-0.0762655
-0.0762267
-0.0761886
-0.0762198
-0.0762931
-0.0763229
-0.0762342
-0.0762472
-0.0762376
-0.0761957
-0.0761887
-0.0762514
-0.0762507
-0.0761866
-0.0761809
-0.0761811
-0.0761812
-0.0761813
-0.0761814
-0.0761815
-0.0761816
-0.0761817
-0.0761817
-0.0761818
-0.0761818
-0.0761818
-0.0761818
-0.0761818
-0.0761817
-0.0761817
-0.0761817
-0.0761817
-0.0761817
-0.0761816
-0.0761816
-0.0761815
-0.0761814
-0.0761814
-0.0761815
-0.0761816
-0.0761816
-0.0761817
-0.0761818
-0.0761818
-0.0761818
-0.0761818
-0.0761818
-0.0761818
-0.0761817
-0.0761989
-0.0761895
-0.0761829
-0.0761821
-0.0761821
-0.0761822
-0.0761823
-0.0761824
-0.0761825
-0.0761825
-0.0761825
-0.0761826
-0.0761826
-0.0761825
-0.0761825
-0.0761825
-0.0761824
-0.0761823
-0.0761822
-0.0761821
-0.0761821
-0.0761822
-0.0761824
-0.0761825
-0.0761826
-0.0761827
-0.0761827
-0.0761828
-0.0761828
-0.0762695
-0.0762925
-0.0762736
-0.0762907
-0.0762375
-0.0761857
-0.0761813
-0.0761813
-0.0761815
-0.0761816
-0.0761816
-0.0761816
-0.0761815
-0.0761814
-0.0761923
-0.0761864
-0.0761821
-0.0761817
-0.0762389
-0.0763021
-0.0762724
-0.0762286
-0.0761849
-0.0761812
-0.07622
-0.0762527
-0.0762597
-0.076288
-0.0762669
-0.0762588
-0.0762887
-0.0762533
-0.0762518
-0.0762746
-0.0763768
-0.0762952
-0.0763517
-0.0763303
-0.0763712
-0.0763274
-0.0763552
-0.0764281
-0.0763637
-0.0764178
-0.0763752
-0.0764852
-0.0763741
-0.0764203
-0.0763515
-0.076402
-0.0763556
-0.0764294
-0.0763682
-0.0764659
-0.0764014
-0.0764605
-0.0763775
-0.076404
-0.0763732
-0.0764181
-0.0763965
-0.0764155
-0.0763919
-0.076404
-0.0763833
-0.0764369
-0.0764085
-0.0764205
-0.0763949
-0.0763852
-0.0764002
-0.0764367
-0.076408
-0.0763441
-0.0762978
-0.07634
-0.0763471
-0.0763555
-0.0763494
-0.0763968
-0.0763596
-0.0764421
-0.0764327
-0.0764089
-0.0764706
-0.0764808
-0.0764507
-0.0764318
-0.076384
-0.0763703
-0.0763739
-0.0764032
-0.0764039
-0.0763843
-0.0763574
-0.0763151
-0.0763525
-0.076374
-0.0763765
-0.0763736
-0.0763156
