-1.86746
-1.67311
-1.49874
-1.36161
-1.25554
-1.17215
-1.10498
-1.04958
-1.00295
-0.963029
-0.928356
-0.897882
-0.870828
-0.846633
-0.830897
-0.815784
-0.801297
-0.787422
-0.77414
-0.761427
-0.749258
-0.737608
-0.726503
-0.715933
-0.705784
-0.696042
-0.686687
-0.6777
-0.669102
-0.660888
-0.652941
-0.645319
-0.637919
-0.630857
-0.623985
-0.617386
-0.611018
-0.604872
-0.598929
-0.593201
-0.587683
-0.582366
-0.577235
-0.572273
-0.567447
-0.562765
-0.558228
-0.553848
-0.549592
-0.545494
-0.541456
-0.53758
-0.533802
-0.530193
-0.52658
-0.523164
-0.519801
-0.516484
-0.513368
-0.510286
-0.50721
-0.50429
-0.5014
-0.498597
-0.495877
-0.493234
-0.490651
-0.488144
-0.485695
-0.483305
-0.484404
-0.479573
-0.476603
-0.47414
-0.471886
-0.469724
-0.46763
-0.465631
-0.463705
-0.461838
-0.460018
-0.458236
-0.456491
-0.454778
-0.453096
-0.455108
-0.450866
-0.448325
-0.446474
-0.444833
-0.443269
-0.441743
-0.440282
-0.438888
-0.437529
-0.436203
-0.434894
-0.433605
-0.432339
-0.434531
-0.430853
-0.428715
-0.427291
-0.426037
-0.424876
-0.423718
-0.422599
-0.421505
-0.420444
-0.419418
-0.418407
-0.417404
-0.416351
-0.415445
-0.418231
-0.414717
-0.412695
-0.411561
-0.410684
-0.409769
-0.408896
-0.408027
-0.407172
-0.406352
-0.405535
-0.404722
-0.403926
-0.403151
-0.40239
-0.405286
-0.402076
-0.400245
-0.399456
-0.398746
-0.398045
-0.397344
-0.396668
-0.395995
-0.395342
-0.3947
-0.394062
-0.393435
-0.392817
-0.395377
-0.392571
-0.391001
-0.390411
-0.389976
-0.389332
-0.388755
-0.388202
-0.387667
-0.38714
-0.386622
-0.386111
-0.385608
-0.385112
-0.384623
-0.387747
-0.384823
-0.38319
-0.382729
-0.382319
-0.381848
-0.3814
-0.380964
-0.380536
-0.380114
-0.379699
-0.37929
-0.378887
-0.37849
-0.378099
-0.377713
-0.380621
-0.37793
-0.376585
-0.37622
-0.375876
-0.375516
-0.375165
-0.37482
-0.37448
-0.374147
-0.373818
-0.373494
-0.373175
-0.37286
-0.37255
-0.372245
-0.374987
-0.372448
-0.371353
-0.371068
-0.370784
-0.370504
-0.370228
-0.369957
-0.369689
-0.369426
-0.369167
-0.368911
-0.36866
-0.368412
-0.368168
-0.367928
-0.367691
-0.370362
-0.36786
-0.366999
-0.366775
-0.366553
-0.366334
-0.366117
-0.365904
-0.365695
-0.365485
-0.365279
-0.365078
-0.364876
-0.364678
-0.364482
-0.364289
-0.364098
-0.366617
-0.364183
-0.36354
-0.363359
-0.36318
-0.363003
-0.362828
-0.362656
-0.362487
-0.362318
-0.362151
-0.361987
-0.361825
-0.361665
-0.361507
-0.361351
-0.361196
-0.361044
-0.363372
-0.36104
-0.360598
-0.360453
-0.360311
-0.360168
-0.360029
-0.35989
-0.359754
-0.359619
-0.359486
-0.359354
-0.359224
-0.359096
-0.358969
-0.358844
-0.35872
-0.358598
-0.358477
-0.358358
-0.360928
-0.358529
-0.358008
-0.357894
-0.357782
-0.357671
-0.357563
-0.357453
-0.357346
-0.357242
-0.357136
-0.357033
-0.356931
-0.35683
-0.35673
-0.356632
-0.356534
-0.356438
-0.356343
-0.35625
-0.356157
-0.358745
-0.356362
-0.355885
-0.355797
-0.355709
-0.355623
-0.355538
-0.355454
-0.35537
-0.355288
-0.355207
-0.355126
-0.355048
-0.354968
-0.354891
-0.354814
-0.354738
-0.354663
-0.354589
-0.354516
-0.354444
-0.354372
-0.354302
-0.357178
-0.354722
-0.354095
-0.354028
-0.353962
-0.353895
-0.35383
-0.353766
-0.353702
-0.353639
-0.353577
-0.353516
-0.353455
-0.353395
-0.353336
-0.353278
-0.35322
-0.353162
-0.353106
-0.35305
-0.352995
-0.35294
-0.352886
-0.352833
-0.35278
-0.354973
-0.35294
-0.352625
-0.352575
-0.352525
-0.352476
-0.352428
-0.352379
-0.352332
-0.352285
-0.352238
-0.352193
-0.352147
-0.352102
-0.352059
-0.352014
-0.351971
-0.351928
-0.351886
-0.351844
-0.351802
-0.351761
-0.351722
-0.351681
-0.351641
-0.351602
-0.353956
-0.351842
-0.351487
-0.35145
-0.351414
-0.351377
-0.351341
-0.351305
-0.35127
-0.351235
-0.3512
-0.351166
-0.351132
-0.351099
-0.351066
-0.351033
-0.351001
-0.350969
-0.350938
-0.350907
-0.350876
-0.350845
-0.350815
-0.350786
-0.350756
-0.350727
-0.352034
-0.35067
-0.350642
-0.350614
-0.350586
-0.35056
-0.350532
-0.350506
-0.350479
-0.350453
-0.350427
-0.350402
-0.350377
-0.350352
-0.350328
-0.350304
-0.350279
-0.350255
-0.350232
-0.350208
-0.350185
-0.350163
-0.35014
-0.350118
-0.350096
-0.352159
-0.350226
-0.350031
-0.35001
-0.34999
-0.34997
-0.349949
-0.349929
-0.349909
-0.349889
-0.349869
-0.34985
-0.349831
-0.349812
-0.349793
-0.349777
-0.349761
-0.349745
-0.349729
-0.349714
-0.349699
-0.349683
-0.349668
-0.349654
-0.34964
-0.349625
-0.34961
-0.349596
-0.349582
-0.349568
-0.349554
-0.34954
-0.349526
-0.349513
-0.3495
-0.351162
-0.349518
-0.349461
-0.349448
-0.349436
-0.349424
-0.349412
-0.349399
-0.349386
-0.349374
-0.349362
-0.349351
-0.349339
-0.349327
-0.349316
-0.349304
-0.349293
-0.349282
-0.349271
-0.34926
-0.349249
-0.349239
-0.349228
-0.349219
-0.349207
-0.349197
-0.349187
-0.349177
-0.349167
-0.349157
-0.349148
-0.349138
-0.349129
-0.349119
-0.349109
-0.3491
-0.349091
-0.351824
-0.349729
-0.349064
-0.349055
-0.349046
-0.349038
-0.349029
-0.34902
-0.349012
-0.349004
-0.348995
-0.348987
-0.348979
-0.348971
-0.348963
-0.348955
-0.348947
-0.34894
-0.348932
-0.348925
-0.348917
-0.34891
-0.348902
-0.348895
-0.348887
-0.34888
-0.348873
-0.348866
-0.348859
-0.348852
-0.348845
-0.348839
-0.348832
-0.348825
-0.348819
-0.348812
-0.348806
-0.348799
-0.348793
-0.348787
-0.34878
-0.349768
-0.348768
-0.348762
-0.348756
-0.34875
-0.348744
-0.348738
-0.348733
-0.348727
-0.348721
-0.348715
-0.34871
-0.348704
-0.348699
-0.348693
-0.348688
-0.348682
-0.348677
-0.348672
-0.348667
-0.348662
-0.348657
-0.348652
-0.348647
-0.348642
-0.348637
-0.348632
-0.348627
-0.348622
-0.348617
-0.348612
-0.348608
-0.348603
-0.348598
-0.348594
-0.348589
-0.348585
-0.34858
-0.348576
-0.348571
-0.348567
-0.349144
-0.348559
-0.348554
-0.34855
-0.348546
-0.348542
-0.348538
-0.348534
-0.34853
-0.348526
-0.348522
-0.348518
-0.348514
-0.34851
-0.348506
-0.348503
-0.348499
-0.348496
-0.348492
-0.348488
-0.348484
-0.34848
-0.348477
-0.348473
-0.34847
-0.348466
-0.348463
-0.348459
-0.348456
-0.348452
-0.348449
-0.348446
-0.348442
-0.348439
-0.348436
-0.348433
-0.348429
-0.348426
-0.348423
-0.34842
-0.348417
-0.348414
-0.348411
-0.348408
-0.348405
-0.348402
-0.348399
-0.348396
-0.348393
-0.34839
-0.348388
-0.348384
-0.348382
-0.348379
-0.348376
-0.348373
-0.34837
-0.348368
-0.348365
-0.348362
-0.34836
-0.348357
-0.348354
-0.348352
-0.348349
-0.348347
-0.348344
-0.348342
-0.348339
-0.348337
-0.348334
-0.348332
-0.348329
-0.348327
-0.348324
-0.348322
-0.34832
-0.348317
-0.348315
-0.348313
-0.34831
-0.348308
-0.348306
-0.348304
-0.348301
-0.348299
-0.348297
-0.348295
-0.348292
-0.34829
-0.348288
-0.348286
-0.348284
-0.348282
-0.34828
-0.348278
-0.348276
-0.348274
-0.348272
-0.34827
-0.348268
-0.348266
-0.348264
-0.348262
-0.34826
-0.348258
-0.348256
-0.348254
-0.348252
-0.34825
-0.348248
-0.348246
-0.348245
-0.348243
-0.348241
-0.348239
-0.348237
-0.351499
-0.354041
-0.359402
-0.355581
-0.35298
-0.353313
-0.352013
-0.351193
-0.350192
-0.349691
-0.349616
-0.349782
-0.349667
-0.349505
-0.349377
-0.349272
-0.349126
-0.348897
-0.348618
-0.348352
-0.348202
-0.3482
-0.348199
-0.348197
-0.348196
-0.348194
-0.348193
-0.348191
-0.34819
-0.348188
-0.348187
-0.348185
-0.348184
-0.348182
-0.348181
-0.348179
-0.348178
-0.348176
-0.348175
-0.348174
-0.348172
-0.348171
-0.348169
-0.348168
-0.348167
-0.348165
-0.348164
-0.348163
-0.348161
-0.34816
-0.348159
-0.348157
-0.348156
-0.348155
-0.348153
-0.348152
-0.348151
-0.34815
-0.348148
-0.348147
-0.348146
-0.348145
-0.348143
-0.348142
-0.348141
-0.34814
-0.348138
-0.348137
-0.348136
-0.348135
-0.348134
-0.348132
-0.348131
-0.34813
-0.348129
-0.348128
-0.348127
-0.348125
-0.348124
-0.348123
-0.348122
-0.348121
-0.34812
-0.348119
-0.348118
-0.348116
-0.348115
-0.348114
-0.348113
-0.348112
-0.348111
-0.34811
-0.348109
-0.348108
-0.348107
-0.348106
-0.348105
-0.348104
-0.348103
-0.348102
-0.348101
-0.3481
-0.348099
-0.348098
-0.348097
-0.348096
-0.348095
-0.348094
-0.348093
-0.348092
-0.348091
-0.34809
-0.348089
-0.348088
-0.348087
-0.348086
-0.348085
-0.348084
-0.348083
-0.348082
-0.348081
-0.34808
-0.348079
-0.348078
-0.348078
-0.348077
-0.348076
-0.348075
-0.348074
-0.348073
-0.348072
-0.348071
-0.34807
-0.34807
-0.348069
-0.348068
-0.348067
-0.348066
-0.348065
-0.348064
-0.348063
-0.348063
-0.348062
-0.348061
-0.34806
-0.348059
-0.348058
-0.348058
-0.348057
-0.348056
-0.348055
-0.348054
-0.348054
-0.348053
-0.348052
-0.348051
-0.34805
-0.34805
-0.348049
-0.348048
-0.348047
-0.348046
-0.348046
-0.348045
-0.348044
-0.348043
-0.348043
-0.348042
-0.348041
-0.34804
-0.34804
-0.348039
-0.348038
-0.348037
-0.348037
-0.348036
-0.348035
-0.348035
-0.348034
-0.348033
-0.348032
-0.348032
-0.348031
-0.34803
-0.34803
-0.348029
-0.348028
-0.348027
-0.348027
-0.348026
-0.348025
-0.348025
-0.348024
-0.348023
-0.348023
-0.348022
-0.348021
-0.348021
-0.34802
-0.348019
-0.348019
-0.348018
-0.348017
-0.348017
-0.348016
-0.348015
-0.348015
-0.348014
-0.348013
-0.348013
-0.348012
-0.348011
-0.348011
-0.34801
-0.34801
-0.348009
-0.348008
-0.348008
-0.348007
-0.348006
-0.348006
-0.348005
-0.348005
-0.348004
-0.348003
-0.348003
-0.348002
-0.348002
-0.348001
-0.348
-0.348
-0.347999
-0.347999
-0.347998
-0.347997
-0.347997
-0.347996
-0.347996
-0.347995
-0.347995
-0.347994
-0.347993
-0.347993
-0.347992
-0.347992
-0.347991
-0.347991
-0.34799
-0.347989
-0.347989
-0.347988
-0.347988
-0.347987
-0.347987
-0.347986
-0.347986
-0.347985
-0.347985
-0.347984
-0.347983
-0.347983
-0.347982
-0.347982
-0.347981
-0.347981
-0.34798
-0.34798
-0.347979
-0.347979
-0.347978
-0.347978
-0.347977
-0.347977
-0.347976
-0.347976
-0.347975
-0.347975
-0.347974
-0.347974
-0.347973
-0.347973
-0.347972
-0.347972
-0.347971
-0.347971
-0.34797
-0.34797
-0.347981
-0.347985
-0.347968
-0.347968
-0.347967
-0.347967
-0.347966
-0.347966
-0.347965
-0.347965
-0.347964
-0.347964
-0.347963
-0.347963
-0.347963
-0.347962
-0.347962
-0.347961
-0.347961
-0.34796
-0.34796
-0.347959
-0.347959
-0.347958
-0.347958
-0.347958
-0.347957
-0.347957
-0.347956
-0.347956
-0.347955
-0.347955
-0.347954
-0.347954
-0.347954
-0.347953
-0.347953
-0.347952
-0.347952
-0.347951
-0.347951
-0.347951
-0.34795
-0.34795
-0.347949
-0.347949
-0.347948
-0.347948
-0.347948
-0.347947
-0.347947
-0.347946
-0.347946
-0.347946
-0.347945
-0.347945
-0.347944
-0.347944
-0.347944
-0.347943
-0.347943
-0.347942
-0.347942
-0.347942
-0.347941
-0.347941
-0.34794
-0.34794
-0.34794
-0.347939
-0.347939
-0.347938
-0.347938
-0.347938
-0.347937
-0.347937
-0.347936
-0.347936
-0.347936
-0.347935
-0.347935
-0.347935
-0.347934
-0.347934
-0.347933
-0.347933
-0.347933
-0.347932
-0.347932
-0.347932
-0.347931
-0.347931
-0.34793
-0.34793
-0.34794
-0.347929
-0.347929
-0.347929
-0.347928
-0.347928
-0.347928
-0.347927
-0.347927
-0.347927
-0.347926
-0.347926
-0.347925
-0.347925
-0.347925
-0.347924
-0.347924
-0.347924
-0.347924
-0.347923
-0.347923
-0.347922
-0.347922
-0.347922
-0.347921
-0.347921
-0.347921
-0.34792
-0.34792
-0.34792
-0.347919
-0.347919
-0.347919
-0.347918
-0.347918
-0.347918
-0.347917
-0.347917
-0.347917
-0.347916
-0.347916
-0.347916
-0.347915
-0.347915
-0.347915
-0.347914
-0.347914
-0.347914
-0.347913
-0.347913
-0.347913
-0.347913
-0.347912
-0.347912
-0.347912
-0.347911
-0.347911
-0.347911
-0.34791
-0.34791
-0.34791
-0.347909
-0.347909
-0.347909
-0.347909
-0.347908
-0.347908
-0.347908
-0.347907
-0.347959
-0.347907
-0.347906
-0.347906
-0.347906
-0.347906
-0.347905
-0.347905
-0.347905
-0.347905
-0.347904
-0.347904
-0.347904
-0.347903
-0.347903
-0.347903
-0.347902
-0.347902
-0.347902
-0.347902
-0.347901
-0.347901
-0.347901
-0.347901
-0.3479
-0.3479
-0.3479
-0.347899
-0.347899
-0.347899
-0.347899
-0.347933
-0.347898
-0.347898
-0.347909
-0.347897
-0.347897
-0.347897
-0.347896
-0.347896
-0.347896
-0.347896
-0.347895
-0.347921
-0.347895
-0.347895
-0.347894
-0.347894
-0.347894
-0.347894
-0.347893
-0.347893
-0.347897
-0.347896
-0.347916
-0.347892
-0.347892
-0.347892
-0.347891
-0.347891
-0.347891
-0.34789
-0.34789
-0.34789
-0.34789
-0.347914
-0.347889
-0.347889
-0.347889
-0.347889
-0.347928
-0.347894
-0.347916
-0.347901
-0.347964
-0.347983
-0.348011
-0.348031
-0.348025
-0.347997
-0.347969
-0.34797
-0.347937
-0.347939
-0.347991
-0.347986
-0.347939
-0.347976
-0.347956
-0.347884
-0.347884
-0.347883
-0.347883
-0.347921
-0.347959
-0.347941
-0.347962
-0.347907
-0.348035
-0.348008
-0.347974
-0.347955
-0.34801
-0.347995
-0.347993
-0.34802
-0.348067
-0.348035
-0.348009
-0.347999
-0.34793
-0.347915
-0.347958
-0.347988
-0.348014
-0.348036
-0.348009
-0.348006
-0.347959
-0.347982
-0.34803
-0.348009
-0.347984
-0.347971
-0.347946
-0.347939
-0.347988
-0.347992
-0.347975
-0.347962
-0.347939
-0.348004
-0.347989
-0.347965
-0.347927
-0.347904
-0.347902
-0.347942
-0.34799
-0.347978
-0.347985
-0.347969
-0.348045
-0.348017
-0.347971
-0.34796
-0.347971
-0.34805
-0.34802
-0.347977
-0.347965
-0.347952
-0.347932
-0.347974
-0.347959
-0.347932
-0.347919
-0.347907
-0.34794
-0.348021
-0.34801
-0.347984
-0.348051
-0.348032
-0.348001
-0.34797
-0.347948
-0.347929
-0.347918
-0.348008
-0.34799
-0.347952
-0.347952
-0.347887
-0.347866
-0.347897
-0.347948
-0.347955
-0.348006
-0.348015
-0.347923
-0.347987
-0.348077
-0.348037
-0.347891
-0.347966
-0.347958
-0.347913
-0.347924
-0.347916
-0.347995
-0.347972
-0.348011
-0.347996
-0.348015
-0.348039
-0.348033
-0.348017
-0.348
-0.348037
-0.348029
-0.34802
-0.348003
-0.348028
-0.348003
-0.348011
-0.347997
-0.34803
-0.348002
-0.348016
-0.34799
-0.347981
-0.348065
-0.348059
-0.348013
-0.347996
-0.347955
-0.347962
-0.348003
-0.347972
-0.347938
-0.34792
-0.347978
-0.347937
-0.347895
-0.347891
-0.347941
-0.347951
-0.347913
-0.347912
-0.34793
-0.347948
-0.34793
-0.347979
-0.347923
-0.347865
-0.347924
-0.347874
-0.347856
-0.347855
-0.347855
-0.347855
-0.347855
-0.347855
-0.347855
-0.347882
-0.347879
-0.347854
-0.347854
-0.347854
-0.347854
-0.347872
-0.347889
-0.347918
-0.34786
-0.347853
-0.347853
-0.347853
-0.347853
-0.347852
-0.347852
-0.34786
-0.347893
-0.347909
-0.347902
-0.347918
-0.347866
-0.347905
-0.34793
-0.347931
-0.347939
-0.347909
-0.347913
-0.347979
-0.347958
-0.34795
-0.347964
-0.34799
-0.348035
-0.34802
-0.348016
-0.347983
-0.347963
-0.347946
-0.347926
-0.347922
-0.348003
-0.347985
-0.347944
-0.347976
-0.347889
-0.347848
-0.347855
-0.347897
-0.347928
-0.347982
-0.347984
-0.347975
-0.347935
-0.348077
-0.348023
-0.347974
-0.34798
-0.348051
-0.348017
-0.348014
-0.348092
-0.348083
-0.348033
-0.347991
-0.34799
-0.347959
-0.347952
-0.347952
-0.348026
-0.347982
-0.347967
-0.347955
-0.347933
-0.347925
-0.347988
-0.347987
-0.34795
-0.347953
-0.347947
-0.347918
-0.347967
-0.347996
-0.347921
-0.347875
-0.347894
-0.347963
-0.347964
-0.347937
-0.347916
-0.347906
-0.347906
-0.347935
-0.347883
-0.347842
-0.347842
-0.347842
-0.347842
-0.347841
-0.347841
-0.347841
-0.347925
-0.347895
-0.347868
-0.347901
-0.347885
-0.347841
-0.34784
-0.34784
-0.347883
-0.347889
-0.34792
-0.347888
-0.34784
-0.34784
-0.34784
-0.347839
-0.347839
-0.347839
-0.347839
-0.347876
-0.347891
-0.347947
-0.347853
-0.347839
-0.347838
-0.347838
-0.347838
-0.347838
-0.347838
-0.347838
-0.347838
-0.347838
-0.347838
-0.347837
-0.347837
-0.347856
-0.347873
-0.347873
-0.347858
-0.347869
-0.347866
-0.347871
-0.34787
-0.347884
-0.347852
-0.347838
-0.347902
-0.347926
-0.34784
-0.3479
-0.347911
-0.347836
-0.347835
-0.347903
-0.347935
-0.347922
-0.347868
-0.347858
-0.347853
-0.347924
-0.347895
-0.347839
-0.347851
-0.347865
-0.347874
-0.347834
-0.347834
-0.347834
-0.347834
-0.347834
-0.347834
-0.347834
-0.347834
-0.3479
-0.34795
-0.347968
-0.347848
-0.347833
-0.347833
-0.347833
-0.347833
-0.347833
-0.347833
-0.347833
-0.347832
-0.347832
-0.347832
-0.347832
-0.347832
-0.347832
-0.347832
-0.347832
-0.34784
-0.347832
-0.347831
-0.347831
-0.347831
-0.347831
-0.347831
-0.347831
-0.347831
-0.347831
-0.347831
-0.347831
-0.347831
-0.347831
-0.34783
-0.34783
-0.34783
-0.34783
-0.34783
-0.347852
-0.34783
-0.34783
-0.34783
-0.34783
-0.34783
-0.347829
-0.347829
-0.34783
-0.347861
-0.347866
-0.347829
-0.347829
-0.347829
-0.347829
-0.347829
-0.347829
-0.347897
-0.34796
-0.347917
-0.34788
-0.347921
-0.347906
-0.347979
-0.347991
-0.347943
-0.347828
-0.347887
-0.347906
-0.347902
-0.347845
-0.347836
-0.347898
-0.347833
-0.347827
-0.347827
-0.347827
-0.347827
-0.347827
-0.347827
-0.347827
-0.347827
-0.347827
-0.347826
-0.347826
-0.347826
-0.347826
-0.347826
-0.347826
-0.347826
-0.347826
-0.347826
-0.347826
-0.347826
-0.347826
-0.347826
-0.347825
-0.347825
-0.347825
-0.347851
-0.347832
-0.347923
-0.347958
-0.347888
-0.347881
-0.347867
-0.347877
-0.347825
-0.347868
-0.347875
-0.347871
-0.347824
-0.347921
-0.34788
-0.347898
-0.347862
-0.347872
-0.347882
-0.347915
-0.347957
-0.347948
-0.347996
-0.347917
-0.347991
-0.347985
-0.347966
-0.347893
-0.34792
-0.347925
-0.347998
-0.348001
-0.348002
-0.348026
-0.348036
-0.348077
-0.348058
-0.348032
-0.348021
-0.347961
-0.347968
-0.347997
-0.347978
-0.34796
-0.347939
-0.347932
-0.347988
-0.348004
-0.348025
-0.348039
-0.348034
-0.348059
-0.348043
-0.348014
-0.347994
-0.347968
-0.348024
-0.347998
-0.347996
-0.347971
-0.348029
-0.347999
-0.348008
-0.348062
-0.348081
-0.348041
-0.348002
-0.347973
-0.347968
-0.348026
-0.348032
-0.34798
-0.34796
-0.347941
-0.347954
-0.347949
-0.347968
-0.347932
-0.347909
-0.347903
-0.347901
-0.34798
-0.34791
-0.347882
-0.347849
-0.34782
-0.34782
-0.347819
-0.34787
-0.347897
-0.34789
-0.347876
-0.34786
-0.347893
-0.347881
-0.347907
-0.347948
-0.34796
-0.347928
-0.347869
-0.347911
-0.347917
-0.347961
-0.347953
-0.347956
-0.347934
-0.34785
-0.347929
-0.347969
-0.347953
-0.347918
-0.347966
-0.347969
-0.34796
-0.347977
-0.348045
-0.348052
-0.348048
-0.348036
-0.348021
-0.347988
-0.347983
-0.348044
-0.348028
-0.347994
-0.347954
-0.347946
-0.347984
-0.348037
-0.348042
-0.348029
-0.348063
-0.348043
-0.348015
-0.34799
-0.348072
-0.348081
-0.348032
-0.348007
-0.347969
-0.347975
-0.348009
-0.347993
-0.347979
-0.347952
-0.347993
-0.347967
-0.34796
-0.348011
-0.347999
-0.347969
-0.347963
-0.348028
-0.348016
-0.348011
-0.348039
-0.348076
-0.348038
-0.347992
-0.347958
-0.348001
-0.348058
-0.348046
-0.34802
-0.348094
-0.348069
-0.348024
-0.348004
-0.347974
-0.347965
-0.347957
-0.348037
-0.348036
-0.347974
-0.347955
-0.347923
-0.347958
-0.348014
-0.348007
-0.347976
-0.347922
-0.347887
-0.347887
-0.347984
-0.348
-0.348035
-0.348048
-0.34796
-0.348054
-0.348027
-0.348005
-0.347937
-0.347951
-0.347975
-0.347978
-0.348004
-0.348047
-0.348026
-0.348031
-0.348078
-0.348057
-0.348019
-0.348001
-0.347983
-0.347988
-0.348082
-0.348049
-0.348003
-0.348005
-0.34798
-0.347968
-0.347947
-0.348001
-0.347974
-0.347955
-0.347937
-0.347928
-0.347983
-0.347975
-0.347973
-0.348041
-0.347987
-0.348035
-0.348095
-0.348057
-0.348022
-0.348022
-0.347999
-0.347984
-0.34795
-0.347963
-0.347946
-0.347935
-0.347944
-0.347956
-0.347985
-0.347944
-0.34791
-0.347894
-0.347904
-0.347888
-0.347907
-0.34797
-0.347967
-0.347903
-0.347863
-0.347847
-0.347913
-0.347923
-0.347942
-0.347966
-0.347954
-0.347898
-0.34787
-0.347891
-0.347874
-0.347898
-0.347907
-0.347841
-0.347909
-0.34789
-0.347923
-0.347929
-0.347946
-0.347984
-0.348034
-0.347977
-0.347972
-0.348028
-0.348053
-0.348013
-0.348009
-0.348002
-0.348054
-0.34804
-0.348022
-0.348113
-0.348117
-0.348057
-0.347995
-0.34797
-0.347953
-0.347939
-0.348047
-0.348039
-0.347988
-0.347974
-0.347959
-0.347957
-0.347949
-0.347944
-0.347996
-0.347955
-0.347893
-0.347905
-0.347949
-0.347984
-0.347989
-0.348019
-0.347996
-0.348004
-0.348049
-0.347993
-0.348013
-0.348001
-0.348038
-0.348088
-0.348057
-0.348043
-0.348117
-0.348132
-0.348077
-0.348006
-0.34798
-0.347962
-0.347951
-0.348052
-0.348049
-0.348006
-0.347977
-0.347936
-0.347917
-0.347938
-0.348019
-0.348004
-0.347969
-0.347913
-0.347879
-0.347881
-0.347974
-0.347986
-0.348057
-0.348007
-0.347977
-0.348006
-0.348014
-0.34797
-0.347915
-0.347956
-0.348033
-0.348024
-0.348023
-0.347991
-0.347974
-0.348094
-0.348061
-0.348008
-0.347976
-0.347958
-0.348017
-0.348042
-0.348015
-0.348032
-0.34804
-0.34805
-0.348049
-0.348047
-0.348026
-0.34796
-0.347945
-0.347991
-0.347999
-0.347949
-0.348015
-0.348002
-0.347973
-0.347923
-0.34789
-0.347945
-0.347974
-0.347979
-0.347952
-0.34792
-0.34787
-0.347814
-0.347807
-0.347914
-0.347942
-0.347925
-0.347924
-0.347979
-0.347988
-0.347946
-0.347925
-0.347928
-0.347889
-0.347831
-0.347807
-0.347807
-0.347807
-0.347807
-0.347807
-0.347807
-0.347807
-0.347807
-0.347807
-0.347807
-0.347807
-0.347807
-0.347807
-0.347872
-0.347843
-0.347816
-0.347807
-0.347807
-0.347807
-0.347807
-0.347807
-0.347807
-0.347838
-0.347919
-0.347948
-0.347941
-0.347898
-0.347901
-0.347861
-0.347877
-0.347867
-0.347922
-0.347898
-0.347855
-0.347914
-0.347951
-0.347855
-0.347892
-0.347881
-0.347839
-0.347806
-0.347806
-0.347806
-0.347806
-0.347806
-0.347806
-0.347806
-0.347806
-0.347806
-0.347806
-0.347806
-0.347806
-0.347806
-0.347806
-0.347806
-0.347806
-0.347806
-0.347806
-0.347806
-0.347806
-0.347806
-0.347806
-0.347805
-0.347805
-0.347805
-0.347805
-0.347805
-0.347805
-0.347805
-0.347805
-0.347805
-0.347805
-0.347805
-0.347805
-0.347805
-0.347805
-0.347805
-0.347805
-0.347805
-0.347805
-0.347805
-0.347805
-0.347805
-0.347805
-0.347805
-0.347805
-0.347805
-0.347805
-0.347805
-0.347805
-0.347805
-0.347821
-0.347904
-0.34792
-0.34786
-0.347862
-0.347893
-0.347903
-0.347839
-0.34785
-0.347837
-0.347805
-0.347805
-0.347805
-0.347805
-0.347805
-0.347805
-0.347804
-0.347804
-0.347804
-0.347804
-0.347828
-0.34787
-0.347875
-0.347869
-0.347837
-0.347804
-0.347804
-0.347804
-0.347804
-0.347882
-0.34786
-0.347804
-0.347804
-0.347804
-0.347804
-0.347804
-0.347804
-0.347804
-0.347809
-0.347804
-0.347815
-0.347847
-0.347889
-0.347902
-0.347893
-0.347883
-0.347807
-0.347804
-0.347804
-0.347804
-0.347804
-0.347804
-0.347827
-0.347871
-0.347909
-0.34785
-0.347816
-0.34789
-0.347889
-0.347876
-0.347913
-0.347881
-0.347897
-0.347894
-0.347807
-0.347804
-0.347804
-0.347803
-0.347803
-0.347803
-0.347803
-0.347803
-0.347803
-0.347803
-0.347803
-0.347841
-0.347865
-0.347909
-0.347899
-0.347951
-0.347922
-0.347889
-0.347937
-0.347911
-0.347895
-0.347982
-0.347976
-0.347965
-0.347919
-0.347811
-0.347858
-0.347923
-0.34796
-0.347949
-0.347941
-0.347911
-0.347884
-0.347924
-0.347864
-0.347879
-0.347906
-0.347876
-0.347882
-0.347959
-0.34795
-0.347926
-0.347938
-0.347872
-0.347946
-0.34794
-0.347899
-0.347892
-0.34788
-0.34791
-0.347885
-0.347804
-0.347803
-0.347803
-0.347803
-0.347803
-0.347803
-0.347803
-0.347807
-0.347804
-0.347803
-0.347803
-0.347802
-0.347802
-0.347802
-0.347802
-0.347841
-0.347809
-0.347802
-0.347854
-0.347864
-0.347868
-0.347905
-0.347832
-0.347802
-0.347802
-0.347848
-0.347865
-0.347854
-0.347874
-0.347859
-0.347878
-0.347901
-0.347867
-0.347875
-0.347869
-0.347907
-0.347918
-0.347898
-0.347872
-0.347896
-0.347839
-0.34784
-0.347939
-0.347975
-0.348004
-0.348025
-0.347993
-0.347969
-0.347969
-0.348058
-0.34801
-0.347991
-0.348067
-0.348041
-0.348043
-0.348068
-0.348053
-0.348013
-0.347971
-0.347975
-0.348082
-0.348062
-0.348005
-0.347977
-0.347963
-0.347951
-0.347988
-0.347971
-0.347951
-0.347926
-0.347922
-0.347949
-0.348017
-0.348026
-0.348003
-0.348046
-0.348051
-0.348027
-0.347997
-0.347971
-0.34803
-0.347996
-0.347986
-0.347948
-0.34795
-0.348009
-0.348017
-0.348046
-0.348068
-0.348051
-0.347995
-0.347978
-0.348081
-0.348071
-0.348032
-0.347991
-0.347961
-0.347945
-0.347941
-0.348032
-0.348023
-0.347972
-0.347941
-0.347913
-0.34794
-0.348009
-0.348004
-0.347975
-0.347927
-0.347881
-0.347846
-0.347947
-0.347976
-0.347987
-0.348016
-0.347976
-0.348011
-0.348029
-0.347962
-0.347954
-0.348032
-0.348019
-0.348025
-0.348056
-0.348044
-0.348019
-0.348026
-0.348098
-0.348055
-0.348023
-0.348001
-0.347988
-0.348079
-0.348078
-0.34802
-0.347997
-0.347977
-0.347972
-0.348068
-0.348034
-0.347988
-0.347988
-0.347963
-0.347948
-0.347935
-0.347976
-0.348084
-0.348064
-0.348014
-0.348121
-0.348101
-0.348048
-0.348002
-0.347977
-0.347984
-0.347968
-0.347991
-0.347916
-0.347842
-0.347872
-0.347928
-0.347982
-0.347989
-0.347931
-0.347869
-0.347979
-0.347919
-0.347981
-0.347975
-0.347985
-0.347957
-0.34793
-0.347972
-0.347956
-0.347935
-0.347914
-0.347909
-0.347932
-0.347973
-0.347988
-0.347961
-0.347919
-0.347865
-0.347867
-0.347895
-0.347921
-0.347942
-0.347975
-0.347967
-0.347898
-0.34784
-0.347801
-0.3478
-0.3478
-0.3478
-0.3478
-0.3478
-0.3478
-0.3478
-0.3478
-0.3478
-0.3478
-0.3478
-0.3478
-0.3478
-0.3478
-0.3478
-0.3478
-0.3478
-0.3478
-0.3478
-0.3478
-0.3478
-0.3478
-0.3478
-0.3478
-0.3478
-0.347819
-0.347809
-0.3478
-0.3478
-0.3478
-0.3478
-0.347846
-0.347809
-0.347911
-0.347861
-0.347925
-0.347932
-0.347916
-0.347843
-0.3478
-0.3478
-0.3478
-0.3478
-0.3478
-0.347844
-0.347918
-0.347908
-0.347877
-0.34796
-0.347929
-0.347896
-0.347851
-0.347866
-0.347873
-0.34787
-0.347833
-0.347801
-0.3478
-0.3478
-0.3478
-0.3478
-0.3478
-0.3478
-0.347809
-0.347801
-0.3478
-0.3478
-0.3478
-0.3478
-0.3478
-0.3478
-0.3478
-0.3478
-0.347837
-0.347809
-0.347854
-0.347847
-0.347899
-0.347893
-0.347912
-0.347911
-0.347891
-0.347808
-0.3478
-0.347799
-0.347799
-0.347799
-0.347799
-0.347799
-0.347799
-0.347799
-0.347799
-0.347799
-0.347799
-0.347799
-0.347799
-0.347799
-0.347799
-0.347799
-0.347799
-0.347799
-0.347799
-0.347799
-0.347799
-0.347799
-0.347799
-0.347799
-0.347799
-0.347799
-0.347799
-0.347799
-0.347799
-0.347799
-0.347799
-0.347799
-0.347799
-0.347799
-0.347799
-0.347799
-0.347799
-0.347799
-0.347799
-0.347799
-0.347799
-0.347799
-0.347799
-0.347799
-0.347799
-0.347799
-0.347799
-0.347799
-0.347799
-0.347799
-0.347799
-0.347799
-0.3478
-0.3478
-0.3478
-0.3478
-0.3478
-0.347799
-0.347799
-0.34782
-0.347814
-0.347892
-0.347853
-0.347916
-0.347891
-0.347902
-0.347917
-0.347916
-0.347942
-0.347931
-0.347918
-0.347898
-0.347865
-0.347869
-0.347939
-0.347857
-0.347936
-0.347891
-0.347908
-0.347924
-0.34792
-0.347923
-0.347858
-0.347839
-0.347904
-0.347912
-0.347908
-0.347964
-0.347851
-0.347889
-0.347911
-0.347959
-0.347899
-0.347867
-0.347869
-0.347846
-0.347802
-0.347799
-0.347799
-0.347799
-0.347799
-0.347799
-0.347799
-0.347799
-0.347799
-0.347799
-0.347799
-0.347799
-0.347799
-0.347799
-0.347799
-0.347799
-0.347799
-0.347799
-0.347818
-0.347865
-0.347878
-0.347893
-0.347874
-0.347845
-0.34782
-0.347825
-0.347917
-0.347947
-0.347846
-0.347848
-0.34783
-0.347799
-0.347799
-0.347799
-0.347799
-0.347799
-0.347799
-0.347799
-0.347799
-0.347799
-0.347799
-0.347799
-0.347799
-0.347799
-0.347799
-0.347799
-0.347799
-0.347799
-0.347799
-0.347799
-0.347799
-0.347799
-0.347815
-0.347809
-0.3478
-0.347799
-0.347799
-0.347798
-0.347798
-0.347798
-0.347798
-0.347798
-0.347816
-0.3478
-0.347799
-0.347799
-0.347799
-0.347799
-0.347799
-0.347799
-0.347821
-0.347808
-0.347882
-0.347877
-0.347816
-0.3478
-0.347798
-0.347798
-0.347799
-0.347799
-0.347799
-0.347799
-0.347799
-0.347799
-0.347799
-0.3478
-0.3478
-0.3478
-0.3478
-0.3478
-0.3478
-0.347799
-0.347799
-0.34783
-0.347814
-0.347865
-0.347869
-0.347826
-0.347802
-0.347799
-0.347799
-0.347798
-0.347813
-0.3478
-0.347821
-0.347855
-0.3479
-0.347905
-0.347924
-0.347843
-0.347844
-0.347822
-0.347799
-0.347799
-0.347799
-0.347799
-0.347798
-0.347798
-0.347798
-0.347798
-0.347798
-0.347806
-0.347821
-0.34788
-0.347827
-0.347851
-0.347883
-0.347954
-0.347906
-0.348017
-0.347887
-0.34786
-0.347896
-0.347839
-0.347854
-0.347842
-0.347856
-0.347825
-0.347802
-0.3478
-0.347799
-0.347822
-0.347814
-0.3478
-0.347918
-0.347909
-0.347938
-0.347878
-0.347868
-0.347823
-0.347861
-0.347902
-0.347895
-0.347876
-0.347901
-0.347912
-0.34791
-0.347895
-0.347843
-0.34783
-0.347888
-0.347888
-0.347922
-0.347887
-0.347862
-0.347875
-0.347838
-0.347802
-0.347868
-0.34789
-0.34784
-0.347802
-0.347811
-0.347806
-0.3478
-0.3478
-0.347799
-0.347871
-0.347839
-0.347803
-0.3478
-0.347799
-0.347799
-0.347799
-0.347799
-0.3478
-0.3478
-0.3478
-0.3478
-0.3478
-0.3478
-0.3478
-0.347851
-0.347881
-0.347881
-0.347876
-0.347829
-0.347801
-0.347854
-0.347874
-0.347901
-0.3479
-0.347926
-0.347899
-0.347935
-0.347901
-0.347856
-0.347878
-0.347894
-0.347884
-0.347855
-0.34781
-0.347873
-0.347853
-0.347836
-0.347908
-0.347916
-0.347883
-0.347858
-0.347958
-0.347972
-0.347919
-0.347858
-0.347836
-0.347803
-0.347909
-0.347943
-0.347901
-0.347872
-0.347877
-0.347951
-0.34791
-0.347891
-0.347948
-0.348006
-0.34795
-0.347879
-0.347841
-0.347905
-0.3479
-0.347934
-0.347857
-0.34785
-0.347851
-0.347804
-0.347799
-0.347799
-0.347799
-0.347799
-0.347799
-0.347799
-0.347799
-0.347798
-0.347798
-0.347798
-0.347808
-0.347803
-0.347799
-0.347798
-0.347798
-0.347798
-0.347839
-0.347804
-0.347801
-0.347853
-0.347924
-0.347968
-0.347884
-0.3479
-0.347899
-0.34789
-0.347866
-0.347815
-0.347801
-0.3478
-0.3478
-0.347801
-0.347874
-0.347896
-0.347945
-0.347932
-0.347921
-0.347863
-0.347915
-0.347906
-0.347933
-0.347876
-0.34786
-0.347942
-0.347907
-0.347961
-0.347917
-0.347831
-0.347801
-0.347798
-0.347798
-0.347798
-0.347798
-0.347798
-0.347819
-0.347801
-0.3478
-0.3478
-0.3478
-0.347851
-0.347963
-0.347896
-0.347818
-0.347883
-0.347884
-0.347804
-0.347799
-0.347845
-0.347896
-0.347905
-0.347875
-0.347896
-0.347918
-0.347901
-0.347907
-0.347906
-0.347902
-0.347949
-0.347872
-0.347908
-0.347834
-0.347866
-0.34783
-0.347801
-0.3478
-0.3478
-0.3478
-0.347839
-0.347883
-0.347878
-0.34789
-0.347935
-0.347905
-0.347983
-0.347895
-0.347926
-0.347844
-0.347799
-0.347799
-0.347799
-0.347799
-0.347799
-0.347839
-0.347877
-0.34791
-0.347842
-0.3478
-0.3478
-0.3478
-0.3478
-0.347844
-0.347864
-0.347839
-0.3478
-0.347799
-0.347799
-0.347799
-0.347799
-0.347858
-0.347875
-0.347867
-0.347825
-0.347895
-0.348
-0.34789
-0.347855
-0.347838
-0.34791
-0.347973
-0.347832
-0.347803
-0.347844
-0.34791
-0.347878
-0.347903
-0.347934
-0.347959
-0.347933
-0.347858
-0.34781
-0.347852
-0.347857
-0.347799
-0.347799
-0.347799
-0.3478
-0.3478
-0.34785
-0.347951
-0.347917
-0.347902
-0.347904
-0.347932
-0.347937
-0.347893
-0.347808
-0.3478
-0.347799
-0.347799
-0.347799
-0.347799
-0.3478
-0.3478
-0.3478
-0.3478
-0.3478
-0.347801
-0.347801
-0.347801
-0.347801
-0.347801
-0.347801
-0.3478
-0.347845
-0.347867
-0.347902
-0.347888
-0.347889
-0.347941
-0.347849
-0.347808
-0.3478
-0.347844
-0.347945
-0.347912
-0.347906
-0.347917
-0.347914
-0.347824
-0.3478
-0.347798
-0.347798
-0.347798
-0.347798
-0.347798
-0.347798
-0.347799
-0.347799
-0.347799
-0.347799
-0.347799
-0.347799
-0.347799
-0.347799
-0.347799
-0.347799
-0.347799
-0.347799
-0.347799
-0.347799
-0.347799
-0.347799
-0.347799
-0.347799
-0.347799
-0.347799
-0.347799
-0.347799
-0.347799
-0.347799
-0.347799
-0.347799
-0.3478
-0.3478
-0.3478
-0.3478
-0.3478
-0.3478
-0.3478
-0.3478
-0.3478
-0.347801
-0.347801
-0.347801
-0.3478
-0.3478
-0.3478
-0.3478
-0.3478
-0.3478
-0.3478
-0.3478
-0.3478
-0.34781
-0.347851
-0.347886
-0.347827
-0.347801
-0.347799
-0.347799
-0.347799
-0.347799
-0.347799
-0.3478
-0.3478
-0.3478
-0.3478
-0.3478
-0.3478
-0.3478
-0.3478
-0.3478
-0.3478
-0.3478
-0.3478
-0.3478
-0.3478
-0.3478
-0.3478
-0.347808
-0.347806
-0.3478
-0.3478
-0.347799
-0.347837
-0.347849
-0.347803
-0.347799
-0.3478
-0.3478
-0.347799
-0.347799
-0.347799
-0.347799
-0.347818
-0.347805
-0.347844
-0.347896
-0.347849
-0.347892
-0.347806
-0.3478
-0.347871
-0.347929
-0.347895
-0.34789
-0.347904
-0.347852
-0.347808
-0.3478
-0.3478
-0.347799
-0.347799
-0.347799
-0.347799
-0.347799
-0.347799
-0.347799
-0.347819
-0.347812
-0.347843
-0.34788
-0.34781
-0.347857
-0.347923
-0.347925
-0.347999
-0.347954
-0.347874
-0.347805
-0.3478
-0.3478
-0.3478
-0.34783
-0.347815
-0.347863
-0.347804
-0.347799
-0.347798
-0.347798
-0.347798
-0.347798
-0.347798
-0.347798
-0.347799
-0.347799
-0.347799
-0.347799
-0.347799
-0.347799
-0.347799
-0.347799
-0.347799
-0.347799
-0.347799
-0.347799
-0.347799
-0.3478
-0.3478
-0.3478
-0.3478
-0.3478
-0.3478
-0.347799
-0.347799
-0.347819
-0.347807
-0.3478
-0.3478
-0.3478
-0.3478
-0.3478
-0.3478
-0.3478
-0.3478
-0.347811
-0.347801
-0.3478
-0.3478
-0.347808
-0.347842
-0.347865
-0.347804
-0.3478
-0.3478
-0.3478
-0.347841
-0.347893
-0.347915
-0.347876
-0.347829
-0.347831
-0.34782
-0.347924
-0.347879
-0.347882
-0.347831
-0.347889
-0.347868
-0.347886
-0.347882
-0.347837
-0.347919
-0.347921
-0.34792
-0.347863
-0.347899
-0.347848
-0.347803
-0.347799
-0.347799
-0.347799
-0.347799
-0.3478
-0.3478
-0.3478
-0.3478
-0.3478
-0.3478
-0.3478
-0.3478
-0.3478
-0.3478
-0.3478
-0.3478
-0.3478
-0.3478
-0.3478
-0.3478
-0.347816
-0.347808
-0.347801
-0.3478
-0.347889
-0.347908
-0.347842
-0.347804
-0.3478
-0.3478
-0.3478
-0.3478
-0.3478
-0.3478
-0.347799
-0.3478
-0.347818
-0.347804
-0.3478
-0.3478
-0.34788
-0.347896
-0.347834
-0.347843
-0.347875
-0.347905
-0.347844
-0.347802
-0.3478
-0.3478
-0.3478
-0.3478
-0.3478
-0.3478
-0.347825
-0.347864
-0.347837
-0.347804
-0.3478
-0.3478
-0.3478
-0.347932
-0.347906
-0.347864
-0.347811
-0.347801
-0.347861
-0.347906
-0.347914
-0.347919
-0.347931
-0.347894
-0.347851
-0.347812
-0.347903
-0.347875
-0.347928
-0.347932
-0.347879
-0.347846
-0.347951
-0.347968
-0.347963
-0.347932
-0.347882
-0.347893
-0.34792
-0.347907
-0.347848
-0.347887
-0.347865
-0.347804
-0.3478
-0.347799
-0.347835
-0.347904
-0.347883
-0.34781
-0.347801
-0.3478
-0.347832
-0.347856
-0.347873
-0.34789
-0.347892
-0.347858
-0.347929
-0.347981
-0.34791
-0.347902
-0.347922
-0.347899
-0.347926
-0.347879
-0.347833
-0.3478
-0.347798
-0.347798
-0.347799
-0.347846
-0.347805
-0.347868
-0.347857
-0.347805
-0.347799
-0.347799
-0.347799
-0.347799
-0.347799
-0.347799
-0.347799
-0.347799
-0.347799
-0.347799
-0.347799
-0.347799
-0.347799
-0.347799
-0.347798
-0.347798
-0.347798
-0.347798
-0.347821
-0.347808
-0.347936
-0.347899
-0.347913
-0.347913
-0.347926
-0.347934
-0.347923
-0.347935
-0.347972
-0.347931
-0.347959
-0.347844
-0.347846
-0.347835
-0.3478
-0.347798
-0.347799
-0.347799
-0.347799
-0.347799
-0.347799
-0.347799
-0.3478
-0.3478
-0.3478
-0.3478
-0.3478
-0.3478
-0.3478
-0.3478
-0.3478
-0.3478
-0.3478
-0.347799
-0.347799
-0.3478
-0.3478
-0.3478
-0.347803
-0.3478
-0.347799
-0.347799
-0.347799
-0.347799
-0.347799
-0.347799
-0.347799
-0.347799
-0.347799
-0.347799
-0.347799
-0.34781
-0.3478
-0.347799
-0.347799
-0.347799
-0.347799
-0.347799
-0.347799
-0.347799
-0.347799
-0.347799
-0.347799
-0.3478
-0.347806
-0.347807
-0.347801
-0.3478
-0.347879
-0.347838
-0.347799
-0.347799
-0.3478
-0.3478
-0.3478
-0.3478
-0.3478
-0.347843
-0.347859
-0.347898
-0.347847
-0.347803
-0.347801
-0.347801
-0.347801
-0.347801
-0.347801
-0.347801
-0.347801
-0.347801
-0.347801
-0.347801
-0.347801
-0.347801
-0.347801
-0.347801
-0.347801
-0.3478
-0.3478
-0.3478
-0.3478
-0.347836
-0.347916
-0.347923
-0.347923
-0.347936
-0.347854
-0.3478
-0.347798
-0.347799
-0.347799
-0.347799
-0.347799
-0.347799
-0.347825
-0.347805
-0.347853
-0.347837
-0.3478
-0.347799
-0.347799
-0.347799
-0.347799
-0.347799
-0.347799
-0.347799
-0.347799
-0.347799
-0.347799
-0.3478
-0.3478
-0.3478
-0.3478
-0.347801
-0.347801
-0.347801
-0.347801
-0.347801
-0.347862
-0.347871
-0.347838
-0.3478
-0.347799
-0.347799
-0.347799
-0.347799
-0.347799
-0.347816
-0.347808
-0.347801
-0.3478
-0.3478
-0.347878
-0.347876
-0.347925
-0.347842
-0.347801
-0.347801
-0.347855
-0.347886
-0.348014
-0.347875
-0.347806
-0.347799
-0.347798
-0.347798
-0.347798
-0.347798
-0.347798
-0.347798
-0.347798
-0.347798
-0.347799
-0.347799
-0.347798
-0.347799
-0.347799
-0.347799
-0.347799
-0.347799
-0.347799
-0.347799
-0.347799
-0.347799
-0.347799
-0.347799
-0.347799
-0.347799
-0.347799
-0.347799
-0.347799
-0.347799
-0.347799
-0.347799
-0.3478
-0.3478
-0.3478
-0.3478
-0.3478
-0.3478
-0.3478
-0.3478
-0.3478
-0.3478
-0.3478
-0.3478
-0.3478
-0.347801
-0.347811
-0.347805
-0.347823
-0.347874
-0.347946
-0.347889
-0.347908
-0.347922
-0.347877
-0.347861
-0.347833
-0.347801
-0.347799
-0.347802
-0.347799
-0.347799
-0.347799
-0.347799
-0.347799
-0.347799
-0.347799
-0.347799
-0.347799
-0.347852
-0.347879
-0.347876
-0.347869
-0.347893
-0.347874
-0.347844
-0.347861
-0.347878
-0.347919
-0.347898
-0.347901
-0.347929
-0.347889
-0.347867
-0.34787
-0.347907
-0.347915
-0.347904
-0.347923
-0.347876
-0.347965
-0.34788
-0.347857
-0.347888
-0.347838
-0.3478
-0.3478
-0.347801
-0.347801
-0.347801
-0.3478
-0.3478
-0.3478
-0.3478
-0.347828
-0.347809
-0.347854
-0.347842
-0.3478
-0.347799
-0.347799
-0.347799
-0.347799
-0.347829
-0.347952
-0.347904
-0.347891
-0.347909
-0.347879
-0.34783
-0.347799
-0.347799
-0.347799
-0.347799
-0.347799
-0.347834
-0.347958
-0.347908
-0.347939
-0.347846
-0.347858
-0.347836
-0.347799
-0.347798
-0.347799
-0.347799
-0.347798
-0.347798
-0.347798
-0.347798
-0.347798
-0.347798
-0.347808
-0.347805
-0.3478
-0.347799
-0.347799
-0.347799
-0.347861
-0.347884
-0.347918
-0.347959
-0.347841
-0.347844
-0.347894
-0.347851
-0.347804
-0.347799
-0.347798
-0.347798
-0.347798
-0.347799
-0.347799
-0.347799
-0.347801
-0.347799
-0.347799
-0.347799
-0.347799
-0.347799
-0.347798
-0.347798
-0.347799
-0.347799
-0.347799
-0.347833
-0.347804
-0.347801
-0.347801
-0.347801
-0.347847
-0.347937
-0.347953
-0.347861
-0.347891
-0.347846
-0.3478
-0.3478
-0.3478
-0.347801
-0.347801
-0.347801
-0.3478
-0.3478
-0.3478
-0.3478
-0.3478
-0.3478
-0.3478
-0.3478
-0.3478
-0.347801
-0.347801
-0.347801
-0.347801
-0.347875
-0.347896
-0.347878
-0.347816
-0.347862
-0.347976
-0.347898
-0.347809
-0.347801
-0.347801
-0.347877
-0.347939
-0.347899
-0.347928
-0.347893
-0.347911
-0.347949
-0.347877
-0.347892
-0.34792
-0.347903
-0.34794
-0.347914
-0.347939
-0.347891
-0.347925
-0.347852
-0.34785
-0.347822
-0.347798
-0.347798
-0.347799
-0.347799
-0.347799
-0.347799
-0.347799
-0.347799
-0.347799
-0.34782
-0.347807
-0.347802
-0.347801
-0.347801
-0.347801
-0.347855
-0.347896
-0.347944
-0.34788
-0.347919
-0.347921
-0.347912
-0.347951
-0.347837
-0.347838
-0.347974
-0.347882
-0.347858
-0.347808
-0.34785
-0.347925
-0.347973
-0.34786
-0.347905
-0.34785
-0.347806
-0.347804
-0.34787
-0.347871
-0.347805
-0.347799
-0.347799
-0.347799
-0.347799
-0.347799
-0.347799
-0.347799
-0.347799
-0.347798
-0.347798
-0.347798
-0.347799
-0.347799
-0.347799
-0.347799
-0.347799
-0.347799
-0.3478
-0.3478
-0.3478
-0.3478
-0.3478
-0.3478
-0.3478
-0.3478
-0.3478
-0.3478
-0.3478
-0.3478
-0.3478
-0.3478
-0.3478
-0.347799
-0.347799
-0.347799
-0.347821
-0.34781
-0.347801
-0.3478
-0.3478
-0.3478
-0.3478
-0.3478
-0.3478
-0.3478
-0.3478
-0.3478
-0.3478
-0.3478
-0.3478
-0.3478
-0.3478
-0.3478
-0.3478
-0.3478
-0.3478
-0.3478
-0.3478
-0.3478
-0.3478
-0.3478
-0.3478
-0.3478
-0.3478
-0.347903
-0.347918
-0.347868
-0.347906
-0.34784
-0.347802
-0.347799
-0.3478
-0.3478
-0.3478
-0.347799
-0.347799
-0.347799
-0.347799
-0.347813
-0.347805
-0.3478
-0.347799
-0.347855
-0.347942
-0.347871
-0.347843
-0.347804
-0.3478
-0.347839
-0.347873
-0.347893
-0.347938
-0.347898
-0.347899
-0.347942
-0.347885
-0.347893
-0.347921
-0.347938
-0.347932
-0.34798
-0.347972
-0.348027
-0.347966
-0.347982
-0.347988
-0.348029
-0.348028
-0.347997
-0.34811
-0.348053
-0.347988
-0.347986
-0.34799
-0.347999
-0.348023
-0.348033
-0.348103
-0.34805
-0.34802
-0.348005
-0.347964
-0.347963
-0.348063
-0.348009
-0.347978
-0.347984
-0.347986
-0.34803
-0.348009
-0.348009
-0.347977
-0.347989
-0.348034
-0.348007
-0.348025
-0.347998
-0.347942
-0.347942
-0.347936
-0.347957
-0.347984
-0.347988
-0.347989
-0.347974
-0.348033
-0.34802
-0.348018
-0.348097
-0.348084
-0.348049
-0.348021
-0.347985
-0.347965
-0.347965
-0.348045
-0.348048
-0.347993
-0.347964
-0.347936
-0.34797
-0.348034
-0.348013
-0.347993
-0.34793
