142.416
144.068
122.877
78.5307
28.888
75.9984
80.0405
81.4124
80.8777
79.5137
77.1243
74.4329
70.9065
67.3944
63.9212
60.383
56.7146
53.1522
49.5669
45.8807
42.9752
39.6201
36.5527
33.8687
31.2577
28.843
26.6521
24.3483
22.1614
19.9071
17.9293
16.5913
14.6602
14.1254
12.0888
11.9804
10.9711
10.3979
9.95266
9.93888
9.99652
10.018
10.0099
9.98412
8.81547
7.95709
8.94374
8.00893
8.91586
7.96457
8.96263
6.83443
7.77367
7.47213
8.84379
6.55537
7.92998
7.50108
6.41174
8.00958
7.65711
6.32719
6.93645
6.38558
6.29832
6.33127
6.39642
6.26136
6.31831
6.25094
6.21445
43.2904
3.67456
4.86665
5.09006
6.04773
6.76518
6.54464
6.73689
6.74611
6.68355
6.6224
6.49115
6.40015
6.30797
6.20161
45.438
4.79255
3.63387
4.36355
5.19299
6.31626
6.60772
6.65006
6.77794
7.00143
6.74431
6.41321
6.26059
6.17052
44.1406
4.7826
3.0576
4.26065
5.02705
6.29381
6.28246
6.54469
6.81433
6.35813
6.32746
6.25442
6.03717
5.00788
6.173
46.5833
5.74777
2.32862
3.83075
5.12226
5.11849
6.21917
6.03008
5.14958
6.18365
7.17616
6.21898
5.33975
5.32619
5.96438
46.0591
5.88157
1.80715
3.96235
4.2954
5.34894
5.27934
6.06339
5.26855
5.47288
6.12533
6.17909
6.25858
6.25315
43.0731
5.36065
1.66961
1.48969
6.89976
5.24368
5.37162
4.93719
4.9626
5.15411
5.99353
5.18835
5.36683
4.93304
4.99868
48.2929
6.85425
1.51691
1.49176
6.74374
5.52905
4.90336
4.87169
4.8105
5.35409
6.07878
5.21966
5.33934
4.97526
4.89278
4.96607
48.1876
6.91338
1.54264
1.49033
6.78923
4.83033
4.59784
5.53635
4.7819
4.93051
5.22028
5.20403
4.96687
5.02684
4.94474
4.99888
47.9702
6.94135
1.54168
2.08415
6.42396
4.59106
4.64847
5.42931
4.76624
4.36845
5.66603
5.01651
4.65919
4.8168
5.03081
4.75439
4.79543
48.8697
7.13269
1.62519
3.54372
3.75192
3.80477
4.19911
5.9326
1.49141
5.98415
4.92241
1.49071
6.63882
4.95584
4.97986
4.83666
4.89044
48.7893
7.20794
1.98002
3.27224
3.58151
4.46059
3.96024
5.64991
1.5095
5.78015
4.73765
3.51755
4.92662
5.2457
4.95447
4.77981
4.98675
4.10951
48.6458
7.08307
3.31433
1.5449
1.51852
6.07318
4.69914
4.71172
3.68472
4.85372
4.06342
4.04106
5.57324
4.97687
3.63247
4.6805
3.93181
5.08816
4.1588
4.14245
52.3191
8.53101
3.06406
2.11815
4.77173
1.99971
1.51406
6.0098
4.66338
1.51689
5.37898
4.47069
3.66488
4.77358
4.40954
4.19436
4.1346
3.82783
4.11879
4.30568
3.89891
52.7919
8.64691
3.09775
2.13728
5.07382
2.07864
4.31958
4.45918
2.28286
4.23985
4.30245
3.49678
1.5513
5.12689
4.03068
4.02407
4.08344
4.1955
3.86361
4.38239
3.76097
3.43777
3.94003
55.7733
10.0175
5.24318
1.58788
1.56303
4.62683
3.00379
4.40666
3.64498
3.31111
3.87274
4.41052
3.91411
5.22661
3.32137
5.48173
4.4589
3.64416
4.79781
4.35471
3.99683
2.30098
5.42772
3.67191
4.06433
49.2304
8.54629
4.55433
2.35787
4.72884
2.30007
4.54546
3.63042
4.17324
3.6537
5.05911
2.83037
5.64117
4.49213
1.58109
5.14227
4.06426
2.94133
5.53338
3.6373
4.61066
4.30792
1.60185
4.62311
4.6854
4.58626
48.6588
8.91112
6.30316
1.62057
1.59211
4.24285
3.78984
4.41608
1.64359
3.61093
3.86505
4.31849
5.10191
3.21156
4.28568
4.02264
3.6578
4.95894
5.28585
3.42552
4.99778
4.03998
3.10719
6.58875
3.33951
6.56144
35.8457
6.47861
5.16127
1.65098
1.63561
1.62352
5.11274
2.98634
2.98371
5.23295
3.9604
2.73645
7.13445
4.70794
1.65253
1.63868
5.40094
2.86039
3.2762
5.08777
3.17293
4.24495
4.30182
3.4688
3.43472
43.4102
7.51277
3.65545
1.66207
1.64266
1.62658
4.62276
3.57941
2.40001
4.50329
4.10647
2.80674
5.51904
4.0601
3.43914
6.7198
5.30706
2.2398
6.60514
5.75924
7.02464
4.38052
3.59541
4.90031
1.64608
1.65532
4.96873
2.7599
3.11359
3.34513
4.8161
3.18142
2.53897
5.7087
5.57909
36.227
6.44517
4.71162
1.66638
1.63467
1.6377
1.64466
4.61566
2.87766
1.96012
2.45004
1.64715
4.82766
2.65497
2.97128
2.74237
6.48205
5.65514
5.40329
4.04123
2.7537
7.17497
4.70778
1.65076
2.47865
5.19924
2.19881
3.35526
4.88599
1.70298
1.67175
4.68239
1.68193
3.29386
3.41657
4.01383
3.63609
46.4312
9.03653
6.40907
1.67864
1.93783
1.90789
4.46649
1.9691
2.53302
4.15523
3.6908
2.93821
5.3377
2.68516
3.59247
4.90386
4.31027
6.29136
2.10481
1.66023
4.77314
1.69115
3.18144
3.70933
4.4764
3.11219
3.69035
5.08089
2.08769
3.84449
5.35754
4.48567
5.70397
1.72214
1.69303
3.21764
3.55979
5.61166
2.41402
4.16315
6.55931
25.5922
6.79306
1.78758
2.00391
2.31594
4.87352
1.72632
1.69418
1.69184
3.73688
3.76101
4.70778
3.94576
5.53795
3.8796
5.76698
1.94258
2.44057
6.4172
8.18815
1.70555
1.70161
1.6935
1.70694
4.86594
1.69183
2.54621
1.70534
3.99416
3.007
4.34478
3.36546
4.40831
6.58534
2.47505
2.55726
4.22088
5.069
2.74523
5.7947
3.56824
19.4784
6.62887
5.99664
7.00855
5.29983
1.74188
1.70981
3.62378
4.24359
2.00047
1.85873
3.99292
3.02307
6.22379
8.0738
1.70386
1.72291
1.71294
1.68529
3.86455
3.25239
1.95585
3.33117
3.29779
6.78025
5.84313
7.05964
4.54575
1.74667
2.34086
5.03432
2.62104
3.02461
4.899
3.91265
3.81053
4.7536
3.7807
5.37426
2.94002
4.52047
2.7585
5.69058
5.94272
5.1524
5.19087
3.54071
5.94677
6.57885
4.89527
1.726
2.69031
3.89886
5.185
4.79823
2.35052
4.95532
4.57134
4.29865
4.64234
5.02185
4.75924
3.66003
5.43989
5.25589
5.69077
5.67287
7.55416
2.56374
5.16087
6.20168
6.10984
6.66944
4.26373
3.24907
5.39643
3.60451
6.1561
6.09416
6.84331
4.89738
2.4215
4.53034
2.30121
2.95943
6.25586
4.10569
3.57606
5.14756
5.12792
4.39378
2.48612
3.30829
5.74313
4.95994
5.47102
5.83621
5.24857
6.16112
7.49546
2.58441
5.10232
5.49945
7.14738
2.42732
4.45679
3.24126
5.32381
6.46409
3.99016
2.98174
6.61603
3.61654
5.64462
7.57869
3.32642
4.42237
504.724
317.507
231
5799.61
2699.78
934.554
280.616
222.883
201.116
242.499
203.888
178.694
162.71
154.173
151.063
145.441
133.393
112.965
89.516
67.6736
50.4339
34.4188
14.2028
11.9888
12.0003
8.10977
5.01789
4.17817
3.39234
4.98675
3.95628
4.78623
3.74809
3.20086
4.55873
4.47179
4.76232
4.60266
4.87891
3.12842
4.20541
4.18466
4.5118
5.23854
4.63216
4.9124
4.85656
4.91116
2.2654
4.27813
4.722
4.85838
4.79988
2.26606
4.72668
4.34339
4.79142
2.86757
4.51753
4.01721
5.53616
4.20578
4.74911
4.80492
4.91927
2.60083
3.95181
5.51494
4.13621
4.71122
4.90719
4.72499
2.72556
3.95637
5.40182
4.13083
4.68586
5.01156
3.31395
5.73952
3.43178
4.6521
4.59924
4.35883
4.78603
4.88642
2.19486
4.43853
4.62664
3.15784
4.64138
4.50362
4.97221
4.10019
5.29528
4.24436
4.9648
4.59476
5.03714
3.43174
3.34338
6.30968
3.34093
4.71938
4.62301
3.31351
4.27612
2.20238
4.32353
4.01699
5.70752
3.92335
4.33496
5.09671
3.40289
3.40905
6.16515
3.54984
5.64879
4.47928
3.6337
4.18975
4.61333
4.37644
5.05231
4.17782
5.28897
4.50611
4.20505
5.29953
5.07733
5.6218
3.8047
5.42925
4.37614
5.07139
4.55483
5.10913
5.14468
5.82209
4.48996
5.96939
3.94715
5.33043
4.53454
5.57303
4.27403
5.27465
4.85578
5.84887
4.43671
5.66103
4.75737
5.74983
4.30713
5.49793
5.01134
5.64894
3.62987
5.56795
5.49677
5.74508
3.93364
5.49091
5.4866
5.85479
4.79089
4.56849
5.20844
4.56427
4.72904
5.26997
4.6495
5.20666
4.95525
5.58218
5.61615
5.6563
5.72275
4.81796
5.17976
4.82455
5.45567
5.63357
6.83634
1.90931
3.54299
4.62186
4.3829
4.07882
3.66755
3.5084
5.44065
4.24658
5.67909
4.22343
4.84153
5.24211
4.56646
5.12976
5.20384
5.63601
5.66286
5.49277
5.73011
4.67853
4.67105
5.14536
5.59668
4.82622
4.67662
5.34055
5.51045
5.8211
5.57494
5.78624
4.86421
4.55005
4.38138
4.53551
4.28046
4.8759
5.25306
4.80955
6.01776
4.09532
5.3949
4.98773
4.84263
5.61814
5.44348
5.41633
4.63021
5.45583
5.09104
5.44204
5.54244
5.64407
4.79382
4.62546
5.34027
5.60753
5.66056
5.76702
3.92345
5.53548
5.50222
5.89173
5.05984
4.47148
5.26194
4.73503
4.65598
5.22294
5.7011
4.86146
4.64224
5.27316
5.62773
5.82302
5.62971
5.78106
4.92766
5.30999
4.79671
5.47136
5.6704
5.75633
6.98243
1.71054
1.52017
1.51623
2.11262
4.52343
2.61666
4.60864
4.06225
3.09086
3.66757
3.47286
3.95382
5.98041
3.73861
5.08386
4.15613
4.95389
5.02137
4.96017
5.0493
5.56488
5.33871
5.5906
4.63455
5.34297
5.11625
5.43354
5.60758
5.61853
4.82902
5.2438
4.86968
5.562
5.56729
5.76393
5.72399
5.743
5.53514
6.10987
5.47897
6.47641
4.75436
2.5841
6.40332
4.56606
2.09513
4.22044
2.80964
4.48426
3.53504
3.7697
3.49313
4.94369
5.25189
5.47138
4.74389
3.37785
3.15833
5.27685
5.66905
5.77069
5.59598
5.84284
5.83364
5.15143
5.57383
5.77687
5.95402
5.84401
5.9208
6.4638
5.41784
5.6671
5.76783
6.51939
3.96115
1.52482
2.28582
4.16551
1.51067
1.5204
2.29033
2.99999
4.87619
3.38524
6.10121
5.45569
6.04713
5.87971
5.70731
6.66133
3.52313
3.90314
3.90161
3.54249
3.83483
2.94247
7.13249
4.65343
1.51236
1.52521
1.74439
2.03783
2.28691
3.52571
6.17419
5.59108
6.28644
5.69201
6.34659
5.78175
6.38676
6.46421
6.88482
5.00066
1.97227
4.58359
1.51641
1.52717
2.16
2.92732
4.55666
1.51962
1.8821
3.09286
5.5732
5.22701
4.45563
1.53799
1.52283
1.51535
1.5325
2.09312
3.00533
5.18774
4.47787
1.5282
1.52486
1.51321
1.52696
1.52252
1.51739
2.45695
4.5895
1.55884
1.54188
1.53199
2.36376
2.88672
4.07247
3.78068
2.63503
5.19623
4.48953
3.14146
4.88125
2.36362
3.9151
3.9403
6.00435
2.74897
7.03854
3.71182
5.13382
2.11159
4.5886
1.62503
1.518
1.63623
3.17453
4.36689
2.20678
3.33576
5.04767
3.17661
5.01491
2.95263
7.19818
3.67211
3.91241
3.79718
3.97196
6.26664
4.52533
1.52343
1.52946
1.52966
1.54357
1.53458
1.54258
1.52612
2.27781
4.17446
4.13833
4.5304
3.3414
3.56883
5.92321
1.53869
1.71996
1.52354
1.52954
1.54209
1.55893
2.01002
3.767
5.41354
2.19417
4.31959
2.29357
3.80249
4.10838
3.33438
6.04695
5.44232
3.59138
5.38321
5.89525
3.9217
4.71848
1.62508
1.53466
1.52581
2.515
3.58543
4.90257
3.11536
4.26412
2.47037
5.96287
5.40817
5.02646
4.93153
5.04083
5.54038
5.79211
6.50759
4.47344
1.5461
2.21314
4.11746
2.28911
3.28458
4.96037
3.4039
4.5983
2.82363
6.34789
3.8868
4.58409
2.73429
5.1509
3.85301
4.35319
3.31074
4.05849
4.9268
4.60948
4.99078
5.40669
5.60193
5.73003
5.67367
5.60077
4.86621
5.38062
5.73996
5.10384
5.56981
5.73485
6.95085
1.75577
2.21754
4.58126
3.60557
4.86577
4.22921
3.57706
3.12661
4.25
5.49073
6.04987
4.54581
4.77026
5.20883
5.34004
4.79066
5.31385
5.00995
5.69634
5.59364
6.50248
4.42316
4.47278
5.34864
4.53461
4.89302
5.12552
5.69177
5.60237
4.87249
4.76632
5.57824
5.51316
5.68094
5.64855
4.87506
5.25917
5.06149
5.511
5.8241
4.90051
5.34728
5.66986
5.95869
6.22511
4.73628
4.53137
4.45114
4.4521
3.73904
4.69686
4.09885
5.29193
5.58073
5.63738
5.62301
4.74656
4.9062
5.45145
5.56901
5.67492
5.69994
3.83533
5.6555
5.63063
5.87189
5.79799
3.92363
4.67029
4.97215
5.02315
4.57805
4.99392
5.35079
5.61253
5.7455
5.76893
5.77439
4.93867
5.15117
4.93267
5.53691
5.74035
6.89366
1.97051
3.71572
4.74399
4.2241
4.13817
3.90103
3.10163
3.7147
4.25664
7.16051
3.25609
3.03447
6.18538
3.29909
5.21934
4.3854
4.3217
4.61106
4.4988
4.90575
5.09299
5.34791
5.46089
5.68551
4.51396
5.76215
4.91128
5.75512
4.39215
6.01655
4.92276
5.61641
4.49263
5.84071
4.95939
5.6054
5.52772
4.6593
4.96138
5.38278
5.65465
5.77915
5.74733
3.87991
5.60463
5.61068
6.61253
3.2024
5.97076
5.4893
5.88601
5.27143
5.37006
5.91238
5.96054
5.70047
6.03613
6.2007
6.26762
6.22957
6.96145
4.10456
3.26484
5.35339
4.49413
1.55448
1.57006
1.56354
1.57613
1.57338
1.91168
2.55236
5.86532
4.65672
1.54892
2.24054
3.81417
3.37037
4.00561
3.86984
4.906
1.56044
1.57319
1.548
1.54984
1.87559
1.61562
2.36594
4.41582
5.36425
2.95175
5.20578
3.68478
3.74386
4.65104
3.07483
6.19814
4.47614
3.16359
4.6862
5.23783
3.78788
4.56158
3.6284
5.42883
5.26152
5.60847
5.80973
5.7164
5.77235
5.76215
5.0761
5.03844
5.03918
5.58565
5.73671
7.01137
1.83874
2.08215
3.8091
4.22366
4.35362
4.61613
3.52468
3.20707
4.04495
5.96168
5.42578
4.77789
4.79377
5.14673
4.67542
5.20038
5.32894
5.68935
5.76471
5.71852
5.65325
5.6784
4.97447
4.56055
5.4119
5.67399
5.74948
5.83873
5.14427
4.62571
5.29685
5.5559
5.76425
5.756
5.20502
5.60436
5.85459
6.5758
3.85746
3.31149
5.69104
5.95791
6.42645
5.51649
5.81686
5.69205
5.98971
7.65498
4.29846
1.55617
1.56927
1.56106
1.56323
1.81408
1.58537
2.98399
5.42396
5.31455
5.26637
6.35843
4.59788
1.5637
1.95897
2.23841
5.72292
5.78612
6.51481
4.49411
1.55908
1.55634
1.56855
1.5582
2.01476
1.56081
2.94946
5.75917
5.94461
7.14631
1.56526
1.59108
1.57057
1.5713
1.56377
1.5693
1.55814
1.68945
1.60316
1.56313
1.57403
1.56935
2.30481
3.505
5.72431
5.24348
5.01067
3.49983
3.84539
3.83313
3.24134
4.33376
2.05987
3.18114
5.74822
4.62411
3.47113
5.23995
4.23426
1.95992
2.43705
5.56656
6.56902
5.43665
5.16047
4.79073
2.84069
6.52293
4.66475
2.04299
3.52998
5.30647
4.3014
1.55559
1.57656
1.56694
1.57666
1.56561
1.81952
1.67315
2.80154
5.81816
5.91494
7.23536
1.57491
1.57125
1.57154
1.57364
1.57385
1.56621
1.58091
1.5749
1.5639
1.5745
1.59468
1.57681
1.56614
1.5624
1.56494
2.28108
4.55626
1.55982
1.56873
1.57283
1.57452
1.56769
1.57502
1.56135
1.57375
1.57404
1.56951
1.56771
1.56522
1.55939
1.57317
1.57018
1.59034
1.5655
2.33947
4.27658
1.57143
1.55884
1.56591
1.56527
1.56243
1.5572
2.02231
2.53183
5.38049
4.37511
1.57123
1.57605
1.57901
1.56553
1.86086
2.76163
6.08986
7.05113
2.46682
5.37978
3.63183
6.35551
6.22675
7.76314
1.63236
3.85986
3.4271
3.37733
4.93495
1.96567
3.77286
4.35022
1.66195
1.57564
1.5698
1.57498
1.5721
1.56778
1.57423
1.564
1.55994
1.56798
1.57868
1.57682
1.57752
1.5647
1.55674
1.5815
1.57246
1.57032
1.55716
1.56482
1.56651
1.72861
1.63129
1.57402
1.57514
2.31225
4.98834
3.27416
3.68516
5.12097
4.37618
2.64974
4.75761
1.79667
2.30719
5.98753
4.12286
1.95571
3.37355
5.21869
3.47882
3.94395
4.24382
2.38788
4.40199
3.78042
3.6625
4.28642
3.60473
5.7676
3.92639
6.18299
3.75193
4.45143
3.03542
4.81182
4.5726
4.73475
5.12969
4.63713
5.11794
5.37176
5.53505
5.83183
5.80167
3.88654
5.6556
5.57833
5.91792
5.84159
4.00054
4.71262
4.98618
4.96966
4.56627
4.95505
5.40453
5.48869
5.76657
5.76733
4.04602
5.51017
5.43108
5.84096
4.08855
5.50199
5.3803
4.98288
4.91813
5.34463
5.59053
5.80784
5.79256
4.8968
5.2126
5.73103
5.95963
6.0159
6.05462
6.18609
6.10929
6.21343
5.68683
5.95106
6.01214
5.63316
6.02963
7.07205
2.4406
4.46521
1.56294
1.56431
1.58503
2.22456
3.78694
4.05721
3.43888
4.50393
2.54342
4.01736
4.28878
2.86191
5.57476
5.79703
5.44556
3.79966
4.3742
3.88812
4.07317
3.57122
4.82895
2.05803
2.82356
5.56436
5.75483
3.73045
4.49775
4.35248
3.25122
3.60902
4.656
4.67314
5.3513
5.64434
5.7058
5.78454
4.85202
5.387
5.61194
5.28841
6.46461
4.4458
4.47646
5.03883
4.73397
4.79935
5.31083
5.52244
5.72647
4.80367
4.97727
5.32474
5.68267
5.79574
5.72834
3.92113
5.56487
5.59606
5.8975
3.9914
5.59126
5.51247
4.02507
5.64051
5.67586
5.79663
4.97779
5.17995
5.04298
4.60515
5.08554
5.24748
5.49536
6.50491
4.46891
4.65445
5.11774
5.27874
4.86512
5.13507
5.43834
5.6819
5.80574
5.81306
5.72402
4.91949
5.18687
5.06034
5.5744
6.45827
4.64208
3.35504
5.57537
5.515
5.82486
6.51341
4.15616
2.43817
4.25018
4.54543
4.3885
3.86417
3.48732
3.27876
6.1364
6.34527
5.41335
4.3459
5.57083
4.24083
3.90819
4.92694
4.65215
4.40816
5.28592
5.61925
5.73513
5.72873
5.73298
4.80327
4.92102
5.31546
5.5638
5.72869
5.74082
5.75291
3.99823
5.6139
5.66456
5.87481
5.81118
5.12774
4.64681
5.21867
4.88209
4.64094
5.29602
4.89671
5.31986
4.99869
5.67377
5.75938
5.72676
5.78471
5.7576
5.78728
6.33698
5.35151
5.7696
5.6639
5.98979
6.54727
5.31386
5.21568
4.86861
4.78604
3.28324
5.55961
5.90035
6.42947
4.10191
2.09215
3.22228
5.06547
5.54043
5.86889
5.97809
6.49236
4.03238
3.07116
4.40547
2.34849
4.27807
2.02908
3.08515
5.09821
3.71559
5.02807
4.29239
4.35354
4.47907
3.56075
3.54294
4.00036
5.81377
5.41956
5.35709
4.34766
5.17101
5.38355
4.7667
5.09441
5.39245
5.63889
6.35873
5.41122
5.64586
4.8306
5.02789
5.0925
5.60137
5.79246
5.80651
5.84589
5.83957
5.15512
5.57397
6.5466
3.86391
3.32324
4.4829
4.54958
3.54649
4.69141
3.96321
3.60713
6.01905
3.88215
6.03262
4.47995
4.76847
5.15133
5.44222
4.77267
5.07234
5.38628
5.64716
6.45444
5.37168
5.63731
4.79574
5.12424
5.092
5.61602
5.80074
6.48135
4.69431
3.27272
5.52293
5.64711
5.78078
6.58816
4.17152
2.4447
4.19178
3.74661
4.77248
4.16742
3.71273
3.12946
6.14838
6.47449
4.676
3.68239
4.87501
4.80302
4.1935
3.76761
3.46855
3.94518
6.19788
5.80383
6.11218
4.47585
5.0296
5.42479
5.0348
5.46111
4.98843
5.38751
5.09204
5.65587
5.76918
6.6339
3.59853
5.57933
5.52041
5.05939
5.22421
5.75444
5.90111
6.42361
4.47617
2.83732
5.51165
5.87168
5.77152
6.52207
4.32454
1.70747
1.58645
2.55415
5.09552
4.68021
2.81761
5.5484
6.3412
6.49878
5.91279
5.78868
7.51751
4.32659
1.57867
1.56836
1.57786
1.56445
1.56684
1.57171
1.57494
1.56792
1.57334
1.57878
1.57014
1.5676
1.57135
2.19866
4.12992
1.85235
1.5636
1.56692
1.56743
1.57333
1.57499
1.58291
2.01468
3.11064
5.97151
6.1524
6.84564
3.37809
5.15629
2.38599
5.28734
3.71763
3.46255
5.17295
3.0832
6.89848
5.21837
2.54261
5.35909
4.55066
1.57869
1.5767
1.57001
1.56945
1.57392
1.57582
1.58331
1.56924
1.57857
1.57536
1.57557
1.58972
1.57072
1.58607
1.58367
1.57251
1.56788
1.58196
1.57782
1.58333
1.58442
1.5803
1.58055
1.57655
1.58156
1.56903
1.57643
1.5859
1.57871
1.59023
1.57537
1.58559
1.56924
1.57705
1.57454
1.57423
1.57396
1.57489
1.57049
1.57836
1.57635
1.57534
1.58625
1.58746
1.57803
1.58668
1.58516
1.58636
1.59554
1.59589
1.59939
1.87412
2.93991
5.56819
5.04572
2.27378
5.88173
5.3441
4.49487
2.29727
4.27089
1.57655
1.57142
1.57902
1.58409
1.59604
1.59378
1.59576
1.58955
1.58805
1.58261
2.07376
2.23606
5.14177
3.69057
4.0813
1.66847
1.57088
1.56829
1.58415
2.2134
4.34836
1.59641
1.5891
1.57127
1.59413
1.57748
1.58153
1.58318
1.72271
1.64161
1.79227
2.11428
2.33617
6.59145
3.4405
4.52571
1.58325
1.58091
1.57476
1.56792
1.59218
1.5825
2.01719
2.35506
5.73718
3.8915
1.79263
2.22867
5.05054
4.98728
3.49556
4.08465
2.73454
4.33483
1.58089
1.5771
1.5799
1.58108
1.56719
1.58559
1.56823
1.58285
1.57341
1.57615
1.57566
2.07777
2.27037
4.92474
3.57889
5.02301
4.83598
4.65942
3.54306
3.74816
2.58335
5.2727
5.52019
5.62005
7.01016
1.66565
2.14396
3.10804
5.29733
5.8348
5.77113
6.21826
5.55536
5.33057
4.42453
2.92376
5.34619
4.57916
2.88605
5.55442
5.80093
5.86187
6.25756
5.27793
5.65214
5.74448
6.46931
5.1845
4.9171
2.83524
7.0209
1.56893
1.59783
1.59761
1.58845
1.57825
1.58555
1.57397
1.70106
1.63931
1.57536
1.56737
1.57361
1.57761
1.57343
1.57699
1.95657
1.59892
1.57731
2.04426
5.33037
5.0865
3.54693
4.29967
1.61014
1.57966
2.10965
2.90105
3.78269
4.90094
2.10977
3.60099
5.19125
3.62185
3.81346
3.80431
3.3154
3.46299
4.56529
2.07824
4.09828
1.98869
1.86177
4.78999
4.32328
4.52023
4.70418
3.81874
4.2394
3.25212
5.73025
5.26274
3.89903
4.97049
4.36736
4.97296
5.42484
5.44424
5.65664
5.60663
4.68766
4.79068
5.29709
5.5365
5.66979
5.63402
3.85347
5.6097
5.54588
5.7825
5.71636
3.91651
4.56703
4.88161
4.9397
4.44136
4.99539
5.3446
5.44194
5.6852
3.94343
5.50849
5.54369
5.73587
5.73419
4.20868
5.51263
4.98718
4.81157
5.25317
5.51202
5.69096
4.79022
4.8318
5.2287
5.63749
5.76846
5.73387
5.69316
4.97149
5.03428
4.99036
5.51664
6.38109
4.62718
3.30441
5.48286
5.48539
5.79618
6.45745
4.25331
1.97592
3.45724
4.5292
4.30851
3.90379
3.86454
3.62755
5.86633
5.42244
3.95668
5.14028
4.62474
4.80735
5.29318
5.4198
5.59938
4.40017
5.23674
5.27012
5.7307
5.74046
4.65804
4.8686
5.25284
5.56145
5.74277
5.66682
4.88913
4.66666
5.29948
5.57519
5.70312
5.70739
5.68407
3.8995
4.66706
4.7782
5.2119
4.6958
4.98142
5.34006
5.56695
6.20438
5.44114
5.57608
5.61695
5.70507
6.93697
1.86853
2.09649
3.54446
4.98392
4.45251
3.64184
2.47041
3.41095
3.09483
5.40355
6.16336
6.08967
5.3685
5.18067
5.18031
6.17957
5.6286
5.86633
5.36163
6.08533
6.01692
6.17964
6.20609
6.81409
4.19677
2.2506
3.06183
5.82547
5.89161
6.11145
7.01795
5.43822
4.66819
1.58004
1.59136
1.59432
1.58055
1.58584
1.58415
1.57631
1.57734
1.58447
1.58723
1.59041
1.58544
1.58683
1.58827
1.58395
1.59288
1.58525
1.58526
1.60469
1.58937
1.58925
1.58802
1.58497
1.58315
1.58551
1.58302
1.84098
1.67927
1.59176
1.57502
1.59074
1.58524
2.03797
1.61069
2.97783
5.21941
2.67032
5.71586
5.68574
4.62786
1.58866
1.59834
1.58313
1.58272
1.6046
2.07343
3.03113
5.4152
5.14677
2.98198
6.93996
3.51903
4.90069
2.06779
5.27399
5.14551
4.48433
1.5914
1.58212
1.59295
1.5815
1.58598
1.58165
1.58537
1.66946
1.58895
1.59099
1.58925
1.58067
1.58472
1.58122
1.5967
1.57592
1.59432
1.96143
1.65804
2.22523
5.19281
3.7761
3.40039
5.48114
6.07415
7.66063
1.57896
1.59017
1.58816
1.58146
1.60264
1.58159
1.58924
1.58496
1.59062
1.57766
1.59049
1.59253
1.5936
1.58941
1.58293
1.59801
1.58181
1.5862
1.5989
1.58431
1.58562
1.58535
1.58176
1.5884
1.59741
1.58155
1.58254
1.58029
1.5838
1.58336
1.60535
1.59464
1.58323
1.57421
1.58366
1.59025
1.58855
1.58605
1.5781
1.59013
1.57915
1.59456
1.58897
1.58206
1.57911
1.58308
1.5752
1.59856
1.58602
1.59034
1.5757
1.57643
1.581
1.5867
1.57942
1.58553
1.58472
1.58414
1.57578
1.58095
1.75092
1.64999
2.35475
5.31002
3.66584
5.60164
5.95008
6.13018
6.20203
6.22571
6.22277
6.94269
3.40725
5.09068
2.66322
6.769
5.17292
3.52346
5.56623
5.91043
6.12901
6.19848
6.93227
4.31744
2.15351
2.98086
5.64043
6.17127
6.84215
5.11006
2.8699
6.08902
6.02893
6.8839
5.10829
2.13088
4.60333
1.59183
1.59341
1.60452
1.59652
1.58655
1.59167
1.58711
1.58985
1.58522
1.58319
1.58247
1.58535
1.58802
1.59583
1.59122
1.58167
1.58597
1.58948
1.90938
2.32536
3.8894
4.01007
3.47013
4.869
1.73353
1.82789
3.09402
6.87768
4.93877
2.09477
4.64788
1.58535
1.58688
1.59526
1.57641
1.57966
1.59371
1.59275
1.597
1.58329
1.57654
1.58756
1.59447
1.60123
1.59637
1.57713
1.57845
1.58504
1.60571
1.59272
1.5855
1.59288
1.78464
1.68817
1.57189
1.5846
1.59034
1.58709
1.58735
1.59157
1.58221
1.5896
1.84368
1.58732
1.59506
1.58217
1.58983
1.59095
1.59236
1.58062
1.83693
1.65515
2.2468
5.27949
4.5013
1.57557
1.57319
1.57494
1.57565
1.58289
1.57928
1.59519
1.5787
1.59004
1.58263
1.57611
1.57701
1.59425
1.58349
1.58487
1.58244
1.59207
1.57943
1.90138
1.67578
2.05799
5.48729
4.48135
1.58526
1.58362
1.5869
1.58495
1.77572
1.59496
1.84725
2.04114
5.44669
5.7492
6.43067
4.70054
2.19738
4.29606
1.58627
1.5812
1.58374
1.58701
1.58856
1.58663
1.58646
1.58381
1.5871
1.70965
1.93911
2.25952
4.50859
2.06006
3.08267
6.34111
6.14577
6.17318
7.74775
2.4159
5.89603
4.63794
2.03949
4.72237
2.24702
4.32741
1.58201
1.5896
1.58719
1.87551
1.71527
1.57288
2.83405
5.70074
5.89206
6.50413
3.96935
1.84471
2.85632
5.03599
4.97484
4.83392
3.4872
5.21371
5.70354
6.49029
3.91872
1.84465
2.88884
5.05074
5.60867
6.45599
3.94607
3.08322
4.42414
1.58064
2.20301
3.56381
4.54105
1.57909
1.71169
1.65009
1.58712
1.5874
1.58157
2.15389
4.29355
1.58624
1.60276
1.58628
1.58004
1.58849
1.57359
1.59007
1.57669
1.58291
1.58884
1.58066
1.58586
1.58735
2.15795
2.28613
5.06619
4.90346
4.26413
1.59022
2.16209
2.25381
4.83352
3.51939
5.39363
5.68513
5.77634
6.56537
3.86205
2.44165
5.11946
4.90245
4.10494
1.68167
2.34978
3.89095
1.96906
3.48654
5.4443
5.05704
4.64187
3.01273
5.66915
6.59592
4.71242
1.94442
1.57674
2.79746
5.94146
6.50805
3.81906
3.95407
3.35039
3.98283
4.04308
3.31601
6.07588
6.99286
4.3672
1.94499
3.08197
5.81371
5.49672
4.96422
2.15819
4.48092
1.5711
1.59501
1.59271
1.58475
1.58151
1.58853
1.59297
1.5963
1.58078
1.58449
1.58865
1.75052
1.64757
1.58485
1.59187
1.57448
1.59264
2.00236
1.59458
1.57716
2.1965
3.01767
7.6843
3.97834
3.22328
3.39804
4.8763
4.35703
1.7872
1.58575
1.58517
1.57404
1.57896
2.34923
3.79507
3.50059
4.93577
5.18633
2.38376
2.60668
5.59784
6.36757
4.98374
2.32377
5.70958
5.8483
5.86755
6.64147
4.43391
1.58641
1.58598
1.58871
1.58147
1.57873
1.58583
1.8439
1.57461
1.5912
1.58671
1.58644
2.09522
2.99741
7.08873
1.74225
2.35982
4.36449
1.65886
1.57726
2.08011
2.45537
5.25305
2.93513
6.1406
5.51368
5.23935
5.98862
6.03579
5.91031
5.8636
6.72295
3.57012
4.84694
2.09221
4.45848
1.58958
1.58944
1.58055
1.58118
2.00017
2.44642
5.26567
5.14523
5.92304
6.16291
6.21721
6.30235
6.87948
4.24551
1.58641
1.5955
1.58384
1.59503
1.58954
2.10281
2.31725
5.32346
4.43466
1.58657
1.59615
1.59601
1.59669
2.02949
2.39042
4.47823
1.57877
1.58942
1.58657
1.59712
1.57814
2.13434
3.72954
4.05448
1.84271
3.03124
6.25399
6.9932
5.0697
1.90367
3.06708
6.9798
4.97546
1.57658
2.03788
2.39067
5.95172
5.39091
6.18391
6.31779
7.01755
4.17779
1.72989
2.26636
4.37044
1.58131
1.59814
1.58381
1.58538
1.58346
2.21201
3.1966
5.54595
5.83519
6.11386
5.75044
6.1867
7.72447
1.59712
1.58519
1.58973
1.5848
1.58569
1.59656
1.59323
1.58451
1.58548
1.58722
1.58424
1.59372
1.59353
1.59065
1.5856
1.58097
1.57942
1.58659
2.03226
2.38332
5.60935
5.48061
6.08469
6.81942
4.30458
1.72603
1.59264
2.1858
3.52675
5.67612
5.86065
6.0702
6.86816
4.82059
1.57893
1.58378
1.57998
1.59075
1.58262
1.57261
1.57679
1.58051
1.58751
1.58493
1.58378
1.57897
1.58564
1.57759
1.59799
1.59928
1.57807
1.57898
1.57705
1.5742
1.56966
1.58689
1.57293
1.57434
1.5794
1.58438
1.57999
1.57556
1.57615
1.58293
1.58021
1.58144
1.57414
1.59024
1.58022
1.57689
1.57539
1.58853
1.58973
1.57008
1.58219
1.58526
1.57966
1.58016
1.57228
1.57877
1.59082
1.59046
1.57771
1.58663
1.60064
1.58836
1.57498
1.57897
1.67947
2.30463
5.38832
4.51558
1.58815
1.58771
1.59257
1.58783
1.58851
1.58265
1.59579
1.5931
1.58786
1.5912
1.58645
1.58847
1.58295
1.58411
1.58938
1.58312
1.59193
1.59803
1.58186
1.59617
1.58353
1.5849
1.69038
1.64887
1.59377
1.58323
1.58403
2.13066
4.49589
1.59438
1.58143
1.59318
1.59384
1.58882
1.58539
1.60416
1.5997
2.06318
1.67788
1.97385
3.04113
3.9928
4.66474
1.61624
1.59431
2.29787
3.66775
4.95186
2.41333
6.25727
4.68918
1.61699
1.58458
1.58519
1.58782
1.59208
1.6011
1.58528
1.58867
1.59135
1.59325
1.81198
1.71982
2.17388
4.34997
1.5941
2.13581
3.00007
5.81658
6.03021
5.48212
7.38303
1.59089
1.58087
1.58986
1.57949
1.87585
1.71799
4.56537
1.58146
1.58333
1.59178
1.5776
1.58809
1.59098
1.58452
1.58346
1.58754
1.58558
1.5736
1.58772
1.58929
1.58055
1.58877
1.58984
1.57937
1.58468
1.5824
1.59355
1.58858
1.5883
1.58986
1.58056
1.58378
1.59582
1.58408
1.59023
1.58903
1.81205
1.64044
1.584
1.58396
1.58379
1.59301
1.59518
1.60218
1.608
1.59534
1.71035
1.58963
1.5899
1.59417
1.68154
2.07924
4.45243
1.59703
1.59761
1.59669
1.58301
1.97635
2.42655
5.43316
5.81888
4.50194
1.84831
1.71338
2.73329
6.65835
3.94918
1.87929
2.83284
4.033
3.98468
4.19975
2.03821
2.99076
5.75839
5.49167
4.31554
2.59877
4.58884
1.58808
1.59796
1.58781
1.58454
1.58893
1.58142
1.58254
1.59073
1.57285
1.59126
1.59247
1.57328
1.59038
1.60132
1.58698
1.58051
1.5856
1.58274
1.58103
1.59292
1.59682
1.76079
1.65034
1.60835
1.5888
2.25973
5.91371
4.60121
1.58003
1.5878
1.58165
1.58105
1.59199
1.58518
1.58876
1.58818
1.59302
1.76757
1.61326
1.57332
1.58449
2.26168
5.82198
4.55714
1.90527
2.23045
5.05047
4.22055
1.57923
1.58737
1.57659
1.57556
1.58085
1.57304
1.58566
1.81683
2.31525
4.12152
1.62443
1.58816
1.58686
1.5757
2.95304
4.9975
4.16157
1.67915
1.57211
2.14684
2.92381
5.11396
5.66435
5.81364
6.41466
3.93983
1.70596
2.95163
4.41749
2.77391
5.18359
4.28074
2.11861
2.81988
5.78281
5.84137
6.48096
5.24182
5.14519
5.55823
6.39258
4.6412
2.21306
4.15805
1.58167
1.58355
1.58793
1.95218
2.5305
4.22708
1.64983
1.57697
1.59062
1.89051
2.09539
3.74527
3.78469
4.08633
2.18218
2.7914
6.06215
5.43295
5.86596
6.13385
6.26174
5.69655
6.86108
4.30923
1.63285
1.58801
1.5897
1.60013
2.03434
1.57563
2.19396
4.55144
1.58437
1.58419
1.57865
1.59183
1.58405
1.58365
1.59624
1.59298
1.57904
1.59052
1.57938
1.5912
1.58995
1.58083
1.58367
1.5909
1.58409
1.57825
1.59237
1.99703
1.69221
2.99352
5.46704
5.94122
6.17017
6.22931
6.27074
6.30201
6.30587
6.28778
6.31341
6.98429
5.11001
2.03686
4.60525
1.59554
1.57597
1.58737
1.58375
1.57923
1.58331
1.58156
1.5894
1.58569
1.58109
1.59552
1.58996
1.57999
1.58164
1.58212
1.58383
1.57751
1.57726
1.58339
1.58351
1.57877
1.58998
1.58568
1.57628
1.61254
1.58149
1.58392
1.59566
1.5972
1.58616
1.58413
1.57935
1.58886
1.57759
1.58172
1.5738
1.58182
1.75737
1.58352
1.58994
1.5835
1.58387
1.5808
1.58814
1.57191
1.58737
1.58681
1.58643
1.57763
1.58864
1.64746
1.64702
1.57714
1.59118
2.20614
4.44023
1.58416
1.58429
1.59269
1.58598
1.58359
1.57755
1.59567
2.06337
2.31071
3.74482
4.61396
1.59652
1.57683
1.58949
1.57688
1.5804
1.5807
1.58513
1.5909
1.57804
1.5782
1.57843
1.57882
1.58594
1.58413
1.5838
1.57884
1.58917
1.59021
1.58258
1.58853
1.93084
3.24499
5.62127
6.29945
6.93444
4.28728
1.59138
1.57885
1.59042
1.59598
1.57309
1.57911
1.58443
1.90111
1.60065
2.07981
4.56275
1.59423
1.56862
1.58137
1.57937
1.58673
1.58169
1.57806
1.58186
1.57644
1.58007
1.582
1.58584
1.58477
1.59327
1.58177
1.5948
1.57698
1.59105
1.58461
1.58342
2.25775
2.25129
4.47784
1.57927
1.57693
1.57686
1.57655
1.5913
1.58512
1.77903
1.6432
1.59094
1.58126
1.58073
2.16139
3.77328
5.53063
4.47417
1.57862
1.58098
2.08721
3.16751
6.23003
7.6873
1.59282
1.58091
1.5925
1.58689
1.57368
1.57385
1.57861
1.59057
1.57503
1.58478
1.57978
1.58559
1.57943
1.58644
1.58727
1.56779
1.58001
1.57466
1.58639
1.58912
1.57875
1.58059
1.5797
1.58132
1.58004
1.58326
1.58212
1.58133
1.57615
1.57929
1.58405
1.58892
1.58698
1.57855
1.58726
1.58957
1.59795
1.60591
1.5918
1.57721
1.58436
1.57171
1.58704
1.58306
1.58192
1.58666
1.67506
1.61653
1.81968
3.05028
5.4297
5.93151
6.1009
6.09301
6.98912
2.56813
4.73834
1.59909
1.58403
1.61652
1.5803
1.58656
1.59715
1.59119
1.58715
1.58296
1.58175
1.58379
1.57835
2.02471
2.22974
5.35128
5.14089
5.10945
3.60963
4.86383
2.08402
3.57105
5.57163
5.90232
6.17336
6.27134
6.56405
4.99749
2.84176
6.11786
6.17222
6.05528
6.50347
5.60173
6.17567
6.92601
4.27169
2.39354
4.44206
1.59948
1.59886
1.60457
1.60085
1.60185
1.60557
1.60055
1.60261
1.60605
1.88054
1.66439
2.30618
4.45457
1.59883
1.60481
1.59973
1.59866
1.60551
2.07756
3.12514
5.52562
5.89194
5.38681
5.26451
4.39524
1.60203
1.60466
1.60016
1.60161
1.64628
2.24946
3.13801
6.48471
7.15778
4.22534
2.44397
4.61063
1.95211
1.61147
1.60467
1.6056
1.69389
1.60435
1.60133
1.60997
1.60358
1.60491
1.73454
1.66779
1.60197
1.60356
1.59953
1.59704
2.15532
2.27547
6.11191
6.96437
5.05975
2.05282
3.91327
4.86087
1.60533
1.60926
1.60397
1.60508
1.60509
1.59813
1.604
1.60328
1.62932
1.59741
1.60382
1.59756
1.59783
1.60898
1.60374
1.60605
1.60989
1.59814
1.60319
1.93053
1.60342
1.60481
1.60882
1.60468
2.08375
3.0261
7.03697
3.61534
3.9789
4.57015
1.66592
1.61038
1.60027
1.59993
1.60912
1.59804
1.60465
1.61387
1.60419
1.60618
1.61009
1.60356
1.6016
1.60339
1.60344
1.60193
1.6087
1.60387
1.60264
2.37727
3.93782
4.77402
1.80107
2.24274
4.2657
5.34689
1.76255
1.6036
1.60981
2.23878
2.69256
7.02704
3.58617
4.85937
2.53563
6.05033
5.38204
5.87407
6.11816
6.21697
6.31869
6.36321
6.3764
5.70568
6.87245
5.0619
2.08521
4.51165
1.60213
1.61023
1.60463
1.60275
1.60904
1.60375
1.60159
1.60319
1.60377
1.79783
1.64219
1.60364
1.60628
1.60918
1.60342
2.11891
3.14869
5.47222
5.95183
6.09885
5.56834
6.07859
6.99669
4.96002
2.02094
3.14278
7.00836
4.93217
1.61019
2.11049
3.04771
7.0203
3.6814
3.94687
4.5242
1.7642
1.63489
2.25152
4.57905
1.60171
1.60841
1.60399
1.60312
1.60886
1.6039
1.59963
1.60967
1.59853
1.6052
1.60608
1.59844
1.59836
1.60946
1.60557
1.59756
1.60391
1.59784
1.59643
1.60345
1.59793
1.60258
1.60984
1.60021
1.59972
1.60972
1.59748
1.60572
1.61694
1.60829
1.60508
1.61688
1.60918
1.60302
1.61468
1.60889
1.868
1.71557
1.60888
1.60802
1.60772
1.60762
1.61105
1.6096
1.60429
1.61143
1.61742
1.59807
1.60394
1.6146
1.60342
1.60169
1.60549
1.60448
1.60727
1.60399
1.60457
1.60203
1.6093
1.60356
1.60548
1.60964
1.60402
1.6049
1.60859
2.88296
5.50947
3.68795
5.59442
4.50758
1.60798
1.5984
1.60265
1.60359
1.59853
1.59854
1.6089
1.60432
1.60567
1.77043
1.6682
1.60765
1.60427
2.17852
3.65402
5.67445
4.48101
1.60398
1.6106
2.33846
3.87314
4.21611
3.46349
4.64557
2.28671
4.33827
2.79148
3.88697
2.66687
4.16958
5.42819
4.01463
5.25367
4.50446
3.68267
4.35051
4.79866
5.15052
5.54649
4.46572
5.12273
5.40366
5.773
5.71106
4.67723
4.75265
5.47766
4.6162
5.14641
5.34016
5.64919
5.67112
5.6719
4.80344
4.6947
5.47661
5.53858
5.71072
4.98979
4.65416
5.45445
5.54462
5.67418
5.07818
5.34275
5.03316
5.51537
5.78936
6.69867
3.56311
4.80125
4.15745
5.26473
3.8544
4.4182
3.47033
5.38511
5.72636
4.69936
4.99174
5.32554
5.67728
5.83088
5.76578
5.74648
4.96145
5.09848
5.10071
5.56677
6.39624
4.6517
3.40779
5.57665
5.43143
5.86618
6.49485
4.40691
