1.57602
1.46578
1.34384
1.31907
1.31736
1.32018
1.32008
1.32945
1.32822
1.32908
1.33934
1.35311
1.35813
1.36659
1.36486
1.34924
1.36109
1.36629
1.36008
1.35925
1.36036
1.35358
1.35913
1.36922
1.36537
1.36284
1.36651
1.36847
1.36164
1.36244
1.361
1.37199
1.37552
1.36006
1.367
1.36509
1.37401
1.35751
1.35952
1.36146
1.36592
1.36146
1.35896
1.35954
1.34949
1.35614
1.36061
1.36006
1.35481
1.36156
1.35585
1.35191
1.34319
1.34024
1.33996
1.3475
1.34981
1.34847
1.34098
1.32919
1.35191
1.33643
1.34038
1.34287
1.35152
1.35468
1.353
1.34289
1.33645
1.32523
1.32996
1.33109
1.33244
1.32716
1.33754
1.34493
1.33262
1.33906
1.34077
1.34061
1.32433
1.32355
1.31328
1.32403
1.31768
1.31444
1.3212
1.32245
1.32497
1.32883
1.31359
1.33594
1.31156
1.32545
1.32446
1.70388
1.50287
1.32126
1.32964
1.32454
1.3234
1.32091
1.32609
1.33218
1.31472
1.32469
1.31291
1.32661
1.31548
1.32895
1.32313
1.32023
1.32024
1.32737
1.32576
1.32587
1.31417
1.32064
1.31097
1.31878
1.31544
1.31857
1.31054
1.31423
1.30285
1.3083
1.31284
1.30529
1.30462
1.30718
1.30756
1.32021
1.30074
1.31745
1.30545
1.29008
1.31648
1.31476
1.30571
1.31557
1.31549
1.30342
1.31475
1.31746
1.30436
1.30432
1.28956
1.2983
1.30669
1.29724
1.29412
1.29914
1.29978
1.29841
1.29705
1.30445
1.29785
1.29819
1.30639
1.2977
1.30049
1.29408
1.3012
1.29474
1.29861
1.29921
1.29988
1.29785
1.31028
1.30995
1.29961
1.29557
1.3048
1.31289
1.3003
1.30092
1.30938
1.32071
1.29906
1.31345
1.31218
1.30592
1.30311
1.30018
1.293
1.30113
1.31512
1.29789
1.30417
1.30548
1.30476
1.30572
1.30339
1.31948
1.29854
1.31334
1.30081
1.29325
1.29786
1.31302
1.29503
1.31336
1.31471
1.30584
1.30535
1.30039
1.309
1.31158
1.31527
1.30054
1.30822
1.31668
1.30376
1.29599
1.31548
1.31829
1.30069
1.30789
1.31326
1.29936
1.29877
1.32379
1.3087
1.31994
1.32091
1.31269
1.31028
1.31647
1.31761
1.31392
1.31741
1.31084
1.31544
1.3181
1.31423
1.32285
1.32228
1.32252
1.32937
1.31737
1.32523
1.31811
1.32033
1.31943
1.31829
1.32632
1.32217
1.32745
1.33315
1.3285
1.32062
1.3198
1.32962
1.32675
1.3341
1.32397
1.32378
1.3365
1.34144
1.35102
1.37129
1.38965
1.37199
1.33077
1.33632
1.33665
1.33142
1.32826
1.33851
1.32353
1.34197
1.34687
1.32648
1.34011
1.33414
1.35021
1.36652
1.34219
1.34567
1.34597
1.35093
1.3639
1.35492
1.35978
1.34651
1.35562
1.3404
1.35195
1.35053
1.35577
1.35221
1.35642
1.37094
1.36115
1.35309
1.36617
1.36035
1.3639
1.37145
1.3627
1.35797
1.37393
1.36143
1.37629
1.37909
1.37282
1.37215
1.38771
1.36495
1.3645
1.3659
1.37186
1.37109
1.37297
1.37163
1.38604
1.36916
1.36793
1.3674
1.37494
1.37842
1.37658
1.39035
1.38408
1.39255
1.38672
1.38419
1.40169
1.38981
1.39213
1.38854
1.40248
1.39311
1.38859
1.39521
1.3843
1.38076
1.38959
1.38716
1.37828
1.38659
1.39669
1.39549
1.3897
1.38634
1.38748
1.38952
1.38653
1.40343
1.40687
1.40395
1.41139
1.40915
1.41978
1.41068
1.42133
1.4213
1.4127
1.39514
1.39854
1.39545
1.39676
1.40108
1.41659
1.40006
1.42596
1.42128
1.40996
1.41624
1.43041
1.42032
1.41661
1.42217
1.41853
1.42514
1.43456
1.42413
1.43905
1.44814
1.4328
1.43714
1.44017
1.42407
1.44348
1.43043
1.4345
1.43022
1.42674
1.41214
1.4325
1.43106
1.44258
1.4416
1.43527
1.44603
1.44621
1.42752
1.44111
1.46121
1.44725
1.44363
1.44168
1.44941
1.44628
1.44414
1.44993
1.44216
1.45885
1.45245
1.43832
1.44668
1.45183
1.43937
1.45156
1.43466
1.44979
1.44165
1.4549
1.45857
1.4364
1.45371
1.46749
1.45315
1.45582
1.44716
1.44457
1.45098
1.43141
1.45444
1.43851
1.4538
1.45327
1.44522
1.45499
1.46353
1.44814
1.43879
1.44657
1.4533
1.44982
1.45112
1.46574
1.46401
1.46078
1.45015
1.44621
1.43799
1.44212
1.44347
1.44631
1.45342
1.45372
1.46441
1.45605
1.44569
1.45673
1.44871
1.46426
1.46564
1.45486
1.47342
1.45906
1.45034
1.46894
1.46668
1.47279
1.45017
1.46035
1.47365
1.47319
1.47536
1.47746
1.47667
1.48079
1.48079
1.48205
1.49116
1.5068
1.50274
1.50427
1.47246
1.47236
1.46138
1.47016
1.45668
1.46488
1.46575
1.45638
1.46417
1.4666
1.45828
1.46631
1.46345
1.48436
1.46007
1.46289
1.46165
1.49352
1.46884
1.4746
1.46883
1.4849
1.50025
1.48959
1.47834
1.49575
1.50727
1.48937
1.50578
1.48792
1.49083
1.50255
1.50714
1.51078
1.49981
1.50242
1.52234
1.4883
1.50366
1.50185
1.49759
1.49227
1.52693
1.53267
1.53853
1.51724
1.52945
1.52084
1.50307
1.50224
1.49953
1.50803
1.49725
1.51001
1.49427
1.49813
1.49401
1.50774
1.49848
1.49761
1.50067
1.50335
1.5129
1.5108
1.50287
1.51647
1.51236
1.50055
1.50954
1.51432
1.51634
1.50216
1.52526
1.5479
1.52597
1.51178
1.53244
1.52006
1.51889
1.52478
1.51702
1.52588
1.52534
1.50942
1.5214
1.52235
1.52277
1.53781
1.51914
1.51911
1.52358
1.51602
1.49605
1.51111
1.51538
1.51813
1.52415
1.51741
1.51331
1.52993
1.52184
1.49441
1.51165
1.52727
1.51429
1.51222
1.54032
1.51823
1.51977
1.52109
1.53436
1.5239
1.5216
1.51873
1.52054
1.54818
1.51597
1.53001
1.52077
1.51495
1.52272
1.51809
1.52808
1.51275
1.53378
1.52237
1.51435
1.51647
1.54135
1.53082
1.51821
1.51335
1.52642
1.53479
1.52494
1.53795
1.5338
1.52707
1.52892
1.52194
1.51463
1.53008
1.52828
1.53277
1.52018
1.51984
1.53876
1.52043
1.53265
1.52102
1.53214
1.5247
1.52291
1.53057
1.52835
1.50076
1.50324
1.52009
1.51404
1.50053
1.5136
1.51582
1.50432
1.51396
1.5094
1.51663
1.51552
1.51453
1.52395
1.50022
1.50536
1.51319
1.52266
1.5116
1.51098
1.51574
1.5207
1.51369
1.52017
1.50852
1.52692
1.52615
1.5157
1.51677
1.50341
1.51242
1.53337
1.51502
1.5053
1.5123
1.50527
1.50592
1.51867
1.50383
1.51108
1.5127
1.50607
1.51073
1.50449
1.50964
1.53236
1.53543
1.48362
1.52269
1.4927
1.41627
1.38712
1.37345
1.34253
1.3519
1.34393
1.34574
1.33463
1.34677
1.33395
1.3229
1.31554
1.29662
1.30466
1.30476
1.29511
1.30263
1.31278
1.29717
1.30747
1.30082
1.31116
1.29902
1.31078
1.30397
1.29727
1.3028
1.29186
1.31312
1.29302
1.30686
1.30415
1.30782
1.29761
1.30314
1.29524
1.30424
1.3061
1.30811
1.30024
1.30213
1.30547
1.30365
1.3063
1.30222
1.29841
1.30678
1.30757
1.3058
1.29764
1.30653
1.31126
1.29826
1.29222
1.29727
1.28995
1.29677
1.29638
1.29168
1.29803
1.29039
1.29537
1.31604
1.28947
1.28951
1.30108
1.29351
1.28673
1.30001
1.30329
1.2895
1.29285
1.30269
1.29878
1.2948
1.2915
1.29011
1.29907
1.29033
1.30149
1.30516
1.29848
1.30412
1.30554
1.30083
1.28901
1.30361
1.2975
1.28931
1.29422
1.30475
1.28613
1.29467
1.29313
1.28875
1.29417
1.2935
1.2951
1.29144
1.29414
1.29555
1.29919
1.30831
1.31389
1.30008
1.29666
1.30079
1.29315
1.29134
1.29479
1.29635
1.30524
1.30719
1.29843
1.31184
1.30319
1.30584
1.28911
1.2997
1.30226
1.30363
1.29087
1.30575
1.29394
1.30387
1.30689
1.30055
1.31105
1.30416
1.30465
1.29502
1.29375
1.30533
1.30216
1.3052
1.29309
1.30659
1.29058
1.29791
1.29681
1.3114
1.29907
1.29996
1.30399
1.30292
1.30478
1.30258
1.29885
1.29329
1.29725
1.30648
1.30245
1.29412
1.29844
1.31218
1.30583
1.30241
1.31023
1.29974
1.3018
1.311
1.31044
1.30465
1.30514
1.30484
1.31271
1.30578
1.29443
1.30587
1.30184
1.29884
1.29742
1.30412
1.30989
1.29971
1.30705
1.31198
1.30297
1.31608
1.30208
1.30047
1.3031
1.29935
1.30618
1.29968
1.30068
1.30386
1.31248
1.30564
1.30014
1.31226
1.29618
1.30609
1.30359
1.31659
1.30629
1.3221
1.31092
1.30468
1.31419
1.31937
1.31454
1.30922
1.31114
1.30779
1.31245
1.30421
1.31943
1.30864
1.31565
1.31238
1.316
1.3157
1.31239
1.30775
1.30311
1.29594
1.3167
1.31926
1.31692
1.31222
1.29909
1.30907
1.32555
1.3038
1.30852
1.31169
1.3073
1.32859
1.30599
1.3186
1.31494
1.31908
1.30585
1.32449
1.3148
1.32644
1.31785
1.32051
1.31764
1.31415
1.31805
1.32178
1.3176
1.31555
1.32978
1.31536
1.31552
1.32581
1.32323
1.31966
1.3249
1.31268
1.31383
1.31739
1.31731
1.31138
1.31736
1.31622
1.31855
1.32149
1.31786
1.3247
1.32369
1.32479
1.32741
1.32347
1.30983
1.30704
1.32672
1.31983
1.32539
1.32016
1.32066
1.31625
1.3117
1.31252
1.32125
1.32588
1.32234
1.3085
1.31188
1.31541
1.31488
1.31393
1.31705
1.30996
1.31742
1.31489
1.32361
1.31594
1.32209
1.31233
1.31883
1.31579
1.32915
1.31558
1.31157
1.31805
1.31629
1.32611
1.31264
1.314
1.32268
1.31649
1.31152
1.32756
1.33758
1.31278
1.32237
1.31751
1.32767
1.3278
1.34139
1.32141
1.33778
1.33032
1.32543
1.34404
1.33494
1.31767
1.32642
1.31618
1.32202
1.32386
1.32035
1.33657
1.32705
1.32078
1.32247
1.33358
1.34205
1.33035
1.32365
1.33716
1.32895
1.32086
1.32013
1.32686
1.31724
1.33223
1.31924
1.33482
1.31821
1.32789
1.3254
1.32436
1.33227
1.32593
1.33276
1.33004
1.31948
1.33431
1.32539
1.32195
1.32957
1.33048
1.32445
1.32484
1.32375
1.33212
1.32505
1.33644
1.32004
1.33241
1.32633
1.32808
1.32221
1.33367
1.33759
1.32967
1.32367
1.34439
1.32687
1.34644
1.33135
1.31812
1.32085
1.32991
1.32895
1.33105
1.32359
1.33422
1.3235
1.31533
1.33095
1.32659
1.33347
1.32137
1.32518
1.32838
1.33069
1.34474
1.32994
1.32239
1.33997
1.32026
1.33487
1.32244
1.31957
1.33587
1.3323
1.3207
1.33364
1.3282
1.32475
1.33225
1.33296
1.33382
1.3476
1.33957
1.33278
1.34136
1.33222
1.33048
1.34727
1.33068
1.33122
1.33714
1.33591
1.33356
1.33302
1.33093
1.3315
1.33343
1.33491
1.3304
1.32878
1.33939
1.32528
1.33186
1.32553
1.34641
1.33206
1.33715
1.3357
1.33769
1.33957
1.3383
1.33651
1.34128
1.33507
1.3519
1.33497
1.35021
1.32824
1.33252
1.3335
1.33123
1.33503
1.33568
1.35101
1.3421
1.34996
1.3322
1.34347
1.33941
1.33555
1.34274
1.34217
1.34308
1.33975
1.3454
1.33143
1.33049
1.33702
1.34956
1.36577
1.33764
1.3415
1.33563
1.33352
1.32594
1.3376
1.32145
1.33685
1.32731
1.33525
1.33606
1.3273
1.33755
1.33747
1.33817
1.33883
1.33842
1.34383
1.33484
1.33677
1.32318
1.33547
1.33053
1.33537
1.32255
1.34209
1.35617
1.33269
1.33052
1.34471
1.32911
1.34426
1.35392
1.34807
1.35341
1.34339
1.34678
1.35441
1.35173
1.34697
1.34196
1.34229
1.34271
1.35039
1.34244
1.35655
1.34583
1.34866
1.3389
1.35548
1.34493
1.35169
1.3469
1.35559
1.34943
1.34691
1.35094
1.35562
1.35306
1.34593
1.35116
1.3612
1.35304
1.33764
1.34866
1.34547
1.34628
1.33675
1.3469
1.35267
1.34614
1.34542
1.36367
1.35424
1.3537
1.35014
1.35756
1.34828
1.3532
1.35528
1.34152
1.34373
1.34173
1.34929
1.33988
1.34843
1.33901
1.35008
1.36222
1.34258
1.34551
1.34232
1.34704
1.35297
1.34214
1.34314
1.35808
1.34766
1.35969
1.35573
1.35765
1.36561
1.36091
1.35827
1.35953
1.34514
1.37143
1.35631
1.35395
1.34521
1.34557
1.36245
1.34781
1.34109
1.35618
1.35914
1.35317
1.34773
1.35923
1.35529
1.35527
1.35294
1.37199
1.35652
1.35684
1.34897
1.35057
1.35705
1.35331
1.35685
1.36523
1.34636
1.36125
1.35331
1.35093
1.35544
1.36084
1.35358
1.35414
1.34876
1.3584
1.35902
1.35618
1.35338
1.35656
1.36169
1.34877
1.34784
1.34754
1.35663
1.35284
1.35717
1.36099
1.35737
1.35703
1.36666
1.35389
1.35912
1.36192
1.35383
1.36433
1.35488
1.3579
1.35695
1.36211
1.35745
1.35329
1.35892
1.3568
1.37332
1.35512
1.37816
1.35285
1.36271
1.36143
1.35568
1.35433
1.36514
1.39449
1.36258
1.37563
1.37135
1.35688
1.36658
1.36397
1.38057
1.35442
1.37519
1.37396
1.35714
1.35255
1.36259
1.36504
1.36252
1.36529
1.34947
1.3786
1.36021
1.366
1.3585
1.36503
1.35796
1.37112
1.34423
1.36089
1.34969
1.35182
1.36285
1.36861
1.36624
1.36365
1.35498
1.36513
1.36214
1.35973
1.36945
1.36166
1.37705
1.37098
1.38366
1.37907
1.36376
1.36064
1.35363
1.36944
1.35611
1.37069
1.36248
1.37298
1.36436
1.35643
1.3636
1.36665
1.38085
1.35534
1.35705
1.35816
1.35702
1.36713
1.35526
1.36126
1.3742
1.36723
1.36069
1.38455
1.36419
1.36767
1.36376
1.35267
1.35415
1.36534
1.37548
1.36677
1.366
1.37276
1.37156
1.35861
1.38249
1.36477
1.36784
1.35466
1.37471
1.36694
1.36204
1.36988
1.36738
1.36167
1.37581
1.3543
1.37087
1.36226
1.35498
1.35764
1.36297
1.36096
1.36685
1.36464
1.36214
1.36283
1.36387
1.37621
1.37406
1.35897
1.37116
1.36155
1.4062
1.38552
1.36894
1.36824
1.36694
1.37058
1.37187
1.37522
1.37903
1.36101
1.38739
1.37504
1.36871
1.36889
1.36852
1.3827
1.36489
1.36401
1.37267
1.37269
1.38133
1.37642
1.37757
1.36636
1.37817
1.36883
1.363
1.37051
1.37382
1.37196
1.37843
1.36414
1.36375
1.37701
1.36861
1.37018
1.3632
1.35898
1.37227
1.36545
1.37212
1.36654
1.36082
1.3774
1.37127
1.37919
1.36871
1.37657
1.37085
1.36483
1.36648
1.36682
1.3632
1.37611
1.36557
1.37062
1.36808
1.36947
1.37493
1.37003
1.37551
1.37102
1.39852
1.37812
1.3786
1.37136
1.37583
1.36562
1.36743
1.37821
1.37048
1.38086
1.37585
1.37077
1.3786
1.3688
1.37761
1.37352
1.37301
1.3664
1.3884
1.37514
1.37138
1.38341
1.37913
1.3693
1.36936
1.37312
1.37323
1.37055
1.37937
1.36926
1.37725
1.38094
1.3767
1.38978
1.37845
1.38821
1.38817
1.37587
1.36688
1.39897
1.38079
1.3673
1.36304
1.38261
1.37431
1.38359
1.37192
1.3698
1.38323
1.38394
1.37134
1.37197
1.37429
1.38253
1.37788
1.37897
1.38098
1.38123
1.37374
1.38838
1.38074
1.37165
1.38163
1.3702
1.3841
1.37235
1.37012
1.37225
1.37952
1.36574
1.36682
1.37582
1.38055
1.38184
1.37497
1.38183
1.36886
1.38034
1.38011
1.37703
1.37535
1.3728
1.3671
1.37975
1.37803
1.39793
1.37272
1.37255
1.3744
1.37828
1.36478
1.37352
1.3727
1.37009
1.36451
1.37732
1.40394
1.3978
1.38076
1.37869
1.38393
1.3868
1.37321
1.37813
1.37847
1.3791
1.38006
1.37251
1.38891
1.37449
1.38518
1.38347
1.38152
1.37499
1.37753
1.36358
1.37554
1.38708
1.38523
1.39043
1.38944
1.37275
1.38307
1.37557
1.3822
1.37819
1.37514
1.38011
1.37126
1.36739
1.37499
1.38449
1.38352
1.38504
1.37199
1.3627
1.38912
1.37997
1.3778
1.36475
1.37077
1.37366
1.37287
1.3736
1.38124
1.38278
1.37898
1.37958
1.37244
1.36947
1.38345
1.37657
1.38929
1.3733
1.37817
1.37171
1.37519
1.38066
1.37629
1.37861
1.37931
1.37842
1.39493
1.37899
1.38691
1.37407
1.39565
1.37354
1.3852
1.38236
1.38144
1.38037
1.38721
1.37063
1.38881
1.38986
1.3659
1.37728
1.38245
1.36174
1.38137
1.38151
1.37197
1.37057
1.38245
1.38179
1.37296
1.39902
1.3854
1.37968
1.39106
1.38758
1.39027
1.37471
1.38871
1.37714
1.37871
1.37464
1.40032
1.38611
1.38088
1.37711
1.38148
1.37646
1.36811
1.37801
1.3705
1.38361
1.36495
1.36833
1.37743
1.36624
1.36476
1.37731
1.38656
1.3819
1.38877
1.38314
1.37895
1.38564
1.39036
1.37418
1.38342
1.37015
1.37782
1.37104
1.37352
1.38052
1.37358
1.37877
1.36922
1.37031
1.37014
1.39272
1.38654
1.36317
1.37679
1.38063
1.37334
1.38178
1.37731
1.38409
1.37857
1.38289
1.37493
1.38592
1.38093
1.381
1.37705
1.37015
1.38127
1.38245
1.38274
1.37583
1.37709
1.37957
1.3787
1.36756
1.38455
1.38188
1.38595
1.37606
1.38912
1.39034
1.38564
1.38652
1.37332
1.37661
1.38892
1.38326
1.39192
1.37801
1.3876
1.37582
1.39217
1.3849
1.3793
1.3735
1.3663
1.37895
1.38111
1.37216
1.38752
1.36635
1.37508
1.37669
1.37276
1.37603
1.40566
1.37947
1.37735
1.3737
1.38496
1.37557
1.37824
1.3915
1.38502
1.37044
1.37863
1.37261
1.38132
1.38007
1.38103
1.3741
1.39554
1.37366
1.37248
1.37823
1.37552
1.39506
1.39607
1.3789
1.38694
1.3854
1.39408
1.37234
1.36733
1.37745
1.38263
1.38691
1.40036
1.3807
1.38625
1.38113
1.39122
1.38464
1.39219
1.38894
1.37419
1.38137
1.38729
1.39332
1.38218
1.39118
1.3792
1.39383
1.38281
1.38065
1.38371
1.37329
1.37178
1.39423
1.38072
1.39185
1.38078
1.38608
1.39796
1.37898
1.3813
1.38829
1.38546
1.37719
1.38636
1.37365
1.38076
1.39037
1.39437
1.38286
1.38357
1.37723
1.39498
1.39944
1.38705
1.38587
1.38624
1.39477
1.38205
1.39215
1.3851
1.38353
1.38985
1.39584
1.40088
1.37236
1.40249
1.40156
1.37655
1.40346
1.38883
1.39395
1.37806
1.38083
1.38362
1.38202
1.37902
1.38302
1.39286
1.37889
1.39369
1.37678
1.39937
1.39277
1.38304
1.38589
1.38175
1.37914
1.38701
1.39482
1.38961
1.38792
1.39689
1.40357
1.38236
1.3773
1.38584
1.37488
1.39091
1.39468
1.38169
1.39236
1.38647
1.41256
1.3983
1.38355
1.38576
1.3955
1.38983
1.39474
1.38334
1.39671
1.38647
1.38645
1.38717
1.39681
1.38933
1.38742
1.39306
1.39087
1.38051
1.3842
1.39194
1.38406
1.38335
1.38726
1.39132
1.39569
1.38635
1.38579
1.38035
1.37684
1.39137
1.38235
1.38861
1.38579
1.40315
1.38556
1.38205
1.37695
1.39848
1.38531
1.38663
1.38286
1.38209
1.38137
1.38762
1.38842
1.38624
1.39138
1.39986
1.4046
1.38371
1.3752
1.38484
1.39005
1.39033
1.39287
1.38068
1.40485
1.40346
1.39708
1.38463
1.39666
1.39082
1.39704
1.38052
1.38962
1.39757
1.38772
1.38879
1.39352
1.39007
1.38729
1.39493
1.38684
1.39357
1.39175
1.38719
1.38915
1.3824
1.37426
1.39504
1.39138
1.38675
1.40255
1.38345
1.38901
1.38609
1.391
1.40135
1.38194
1.39074
1.38476
1.39805
1.40299
1.38291
1.40344
1.38553
1.38614
1.37916
1.38676
1.39241
1.38772
1.39095
1.38164
1.38237
1.38668
1.38914
1.38419
1.40079
1.38697
1.38521
1.39381
1.39296
1.38058
1.39205
1.39739
1.38324
1.4136
1.46237
1.43149
1.389
1.38337
1.38309
1.38794
1.3777
1.38658
1.37409
1.37624
1.38119
1.38093
1.37658
1.38077
1.38661
1.3783
1.3768
1.37824
1.37983
1.37463
1.37837
1.37188
1.37483
1.37662
1.38278
1.38414
1.38986
1.3823
1.38155
1.38053
1.38498
1.37861
1.39164
1.38362
1.37752
1.3927
1.38697
1.38622
1.39515
1.38217
1.38701
1.38507
1.37597
1.3922
1.40339
1.38607
1.38567
1.37859
1.37839
1.38279
1.38484
1.3907
1.3777
1.38604
1.38455
1.38391
1.39824
1.3794
1.39443
1.39132
1.38141
1.37622
1.38949
1.38629
1.39201
1.39341
1.38929
1.39005
1.38553
1.39024
1.37609
1.38417
1.39474
1.38641
1.39977
1.38423
1.39475
1.37825
1.38556
1.38346
1.38352
1.38062
1.3837
1.37938
1.3874
1.38568
1.38382
1.3956
1.39672
1.38552
1.3954
1.3943
1.39542
1.40467
1.40461
1.40858
1.40013
1.396
1.38388
1.39686
1.38853
1.38286
1.38664
1.37793
1.38409
1.38195
1.38584
1.37996
1.38813
1.39142
1.40401
1.40188
1.40448
1.39645
1.39636
1.39138
1.38356
1.38441
1.394
1.39021
1.38382
1.38302
1.37936
1.37766
1.39306
1.39401
1.40657
1.40591
1.39838
1.38097
1.40194
1.38708
1.3906
1.39276
1.37532
1.38733
1.38224
1.38848
1.39254
1.38483
1.39846
1.39172
1.39175
1.38865
1.38438
1.37721
1.40137
1.39163
1.38542
1.37975
1.38467
1.38659
1.38196
1.38002
1.38303
1.39063
1.39417
1.38524
1.38335
1.39075
1.38983
1.38585
1.38934
1.38869
1.37538
1.39432
1.37691
1.39184
1.38215
1.38471
1.38503
1.38593
1.38932
1.3808
1.38058
1.38216
1.38595
1.40071
1.37734
1.39138
1.3898
1.3809
1.38732
1.3941
1.39959
1.38025
1.3866
1.38393
1.37372
1.38839
1.38058
1.39174
1.38497
1.38369
1.38112
1.3866
1.38999
1.38109
1.38066
1.38218
1.3817
1.38224
1.39779
1.3874
1.38722
1.39091
1.38808
1.38642
1.40422
1.39009
1.38626
1.37808
1.40563
1.40579
1.39626
1.38695
1.39471
1.3828
1.38494
1.38589
1.3831
1.37655
1.38298
1.38702
1.38296
1.38626
1.38958
1.37699
1.38656
1.382
1.38714
1.38844
1.38454
1.39044
1.38671
1.3874
1.38152
1.38779
1.39094
1.38342
1.38308
1.39491
1.38291
1.38447
1.38264
1.38226
1.39266
1.38694
1.38868
1.38221
1.3937
1.38794
1.38761
1.3926
1.39238
1.40262
1.39701
1.40019
1.37884
1.39207
1.39145
1.39302
1.38366
1.38558
1.3826
1.3897
1.39506
1.39331
1.38376
1.38664
1.38472
1.38883
1.39359
1.38601
1.39232
1.38782
1.39488
1.38657
1.39076
1.38119
1.38102
1.40018
1.3834
1.38546
1.38771
1.38667
1.38445
1.38095
1.38983
1.38101
1.3922
1.39178
1.38585
1.3871
1.38598
1.40636
1.42069
1.43328
1.44422
1.40531
1.38911
1.39021
1.39614
1.38095
1.39411
1.39329
1.39734
1.39943
1.38758
1.39845
1.38853
1.39221
1.39625
1.39753
1.39181
1.40176
1.39367
1.39714
1.3919
1.39645
1.39386
1.40204
1.39537
1.39218
1.38826
1.39936
1.38858
1.40688
1.39813
1.39529
1.39619
1.39805
1.39114
1.39742
1.39363
1.39783
1.38891
1.38898
1.39928
1.38336
1.39456
1.39825
1.39105
1.38139
1.38472
1.37657
1.39915
1.39293
1.39363
1.39638
1.39932
1.38896
1.3963
1.39329
1.39659
1.39435
1.40176
1.38861
1.37924
1.39979
1.4005
1.40611
1.38667
1.39356
1.38326
1.3947
1.39457
1.40084
1.39086
1.39094
1.39553
1.38931
1.39107
1.39122
1.39727
1.39259
1.38725
1.38896
1.3988
1.40176
1.39313
1.39519
1.39715
1.39684
1.39001
1.39728
1.3861
1.38813
1.3896
1.3882
1.3901
1.38379
1.3924
1.3905
1.3965
1.38872
1.39756
1.40095
1.39731
1.3916
1.39662
1.39166
1.38757
1.39907
1.40224
1.38706
1.39354
1.39142
1.38327
1.38464
1.39184
1.39438
1.39724
1.39344
1.39463
1.39593
1.39189
1.4004
1.39317
1.39294
1.41084
1.3935
1.39722
1.39562
1.39225
1.39105
1.39317
1.39041
1.3947
1.39126
1.3997
1.38304
1.39845
1.39286
1.40072
1.38626
1.38925
1.3966
1.39655
1.38817
1.39712
1.38266
1.3959
1.40618
1.39075
1.39044
1.41218
1.40185
1.40415
1.39878
1.38902
1.38831
1.40545
1.38451
1.4021
1.3982
1.39121
1.39513
1.40105
1.39897
1.39004
1.39988
1.38915
1.39404
1.38912
1.39256
1.38152
1.39642
1.39856
1.39662
1.38855
1.3918
1.38901
1.40242
1.38365
1.40237
1.38416
1.40209
1.39726
1.3992
1.38908
1.39545
1.40331
1.39905
1.39667
1.38592
1.39806
1.39564
1.38938
1.40899
1.38955
1.39697
1.39268
1.39791
1.38505
1.3983
1.40018
1.40063
1.39713
1.39091
1.40588
1.3896
1.39389
1.40657
1.39203
1.39346
1.39203
1.38953
1.39636
1.40451
1.38885
1.39021
1.38813
1.39173
1.39108
1.41332
1.40006
1.39067
1.38201
1.39154
1.39793
1.39593
1.39327
1.38564
1.39636
1.38679
1.40217
1.39658
1.38823
1.38512
1.39071
1.38263
1.40615
1.39366
1.39746
1.38359
1.3842
1.38915
1.39428
1.38688
1.39163
1.39226
1.3921
1.38382
1.38843
1.39866
1.39384
1.39643
1.39484
1.40594
1.40557
1.39847
1.38979
1.4026
1.39145
1.39797
1.40715
1.4015
1.39771
1.39054
1.39523
1.38668
1.39344
1.39652
1.3947
1.39122
1.3971
1.39683
1.39189
1.3888
1.424
1.41359
1.40355
1.39559
1.39439
1.39771
1.39392
1.40368
1.39544
1.40627
1.39628
1.41224
1.39912
1.40044
1.41121
1.4018
1.39402
1.39872
1.39441
1.39713
1.39286
1.39055
1.38974
1.39278
1.39575
1.40295
1.39887
1.38929
1.39276
1.39738
1.39796
1.39916
1.39835
1.39418
1.39668
1.39421
1.38075
1.41017
1.39981
1.3901
1.39702
1.39253
1.39329
1.39337
1.39448
1.40151
1.38384
1.38615
1.40071
1.40038
1.40412
1.38987
1.38318
1.39458
1.40237
1.40715
1.40399
1.38329
1.3859
1.3921
1.41329
1.40013
1.39331
1.40019
1.39876
1.39956
1.37959
1.39241
1.39736
1.39457
1.39491
1.39911
1.38916
1.39699
1.39642
1.39359
1.40247
1.3894
1.39692
1.39824
1.39947
1.38828
1.38774
1.39913
1.3841
1.38338
1.37688
1.38223
1.38083
1.38286
1.38261
1.39043
1.38728
1.40217
1.38673
1.39788
1.39053
1.38382
1.38486
1.40005
1.39089
1.39109
1.38945
1.39986
1.38528
1.39003
1.38778
1.38735
1.3983
1.38809
1.39308
1.39085
1.39427
1.39281
1.39255
1.40222
1.3997
1.40316
1.39712
1.38414
1.39468
1.38653
1.3988
1.3942
1.3943
1.38822
1.39155
1.39384
1.39468
1.39462
1.39394
1.39158
1.39449
1.38712
1.39568
1.39661
1.38143
1.38973
1.39334
1.38973
1.39217
1.38778
1.39306
1.39557
1.39373
1.37949
1.40091
1.40545
1.38535
1.39395
1.38958
1.3957
1.39469
1.39395
1.39527
1.3805
1.39794
1.39297
1.39796
1.39079
1.41384
1.3968
1.38763
1.4036
1.40384
1.38916
1.37897
1.38626
1.3961
1.39117
1.39666
1.39647
1.38976
1.38553
1.39427
1.39532
1.38882
1.39392
1.39211
1.38843
1.40217
1.3902
1.38302
1.38592
1.39106
1.39384
1.3946
1.39537
1.38959
1.38466
1.39216
1.39247
1.41085
1.39369
1.38755
1.39473
1.38034
1.39748
1.38418
1.3903
1.3961
1.38826
1.39204
1.39326
1.39095
1.39228
1.39636
1.39304
1.38963
1.39609
1.39467
1.39077
1.38726
1.41003
1.40758
1.40775
1.40055
1.3928
1.40448
1.38724
1.39183
1.39163
1.39164
1.39216
1.38903
1.40538
1.38979
1.37964
1.3917
1.39365
1.38888
1.38442
1.39716
1.3979
1.39547
1.40117
1.38464
1.39004
1.39936
1.39886
1.39521
1.40012
1.40234
1.39466
1.39582
1.40121
1.39336
1.38876
1.39835
1.40222
1.38808
1.40055
1.38551
1.38778
1.3916
1.38414
1.37864
1.40226
1.39972
1.39259
1.38943
1.39632
1.39893
1.40376
1.38814
1.39035
1.39622
1.39793
1.38982
1.3922
1.39777
1.38216
1.40054
1.39441
1.40223
1.38437
1.39793
1.39263
1.40125
1.39418
1.40245
1.38978
1.39156
1.38889
1.40318
1.39234
1.39239
1.37993
1.38689
1.3886
1.40451
1.39411
1.39031
1.39137
1.39286
1.39385
1.3916
1.39822
1.40525
1.39403
1.39714
1.4029
1.39369
1.4
1.40046
1.39415
1.39314
1.39626
1.38885
1.38657
1.39257
1.39491
1.38244
1.39786
1.39424
1.39429
1.39165
1.39773
1.39159
1.38986
1.40023
1.38937
1.39894
1.38483
1.40921
1.40021
1.38728
1.4029
1.38613
1.3956
1.4004
1.40803
1.40232
1.38771
1.41563
1.41383
1.39479
1.38849
1.38824
1.38912
1.39726
1.39731
1.38854
1.38825
1.39165
1.39103
1.3997
1.40248
1.39326
1.39268
1.39528
1.38803
1.38999
1.39961
1.39259
1.40288
1.39145
1.40291
1.3967
1.39881
1.38976
1.39163
1.39715
1.39407
1.40345
1.40354
1.40225
1.38932
1.39956
1.40297
1.38652
1.39692
1.39314
1.40071
1.38315
1.39812
1.395
1.39977
1.39414
1.39985
1.38832
1.39892
1.39695
1.39155
1.4028
1.39334
1.39779
1.38421
1.39619
1.39646
1.3905
1.3954
1.39587
1.39234
1.38783
1.40108
1.40889
1.40327
1.40061
1.38886
1.40535
1.39083
1.39326
1.39092
1.41356
1.40446
1.39309
1.3972
1.3895
1.40093
1.39479
1.40187
1.40431
1.39279
1.39587
1.39158
1.39188
1.40391
1.39993
1.39166
1.39323
1.39496
1.39025
1.40159
1.40061
1.39821
1.39084
1.38872
1.38645
1.39398
1.39133
1.3918
1.39037
1.39315
1.3834
1.38901
1.39692
1.40564
1.39955
1.38481
1.384
1.39113
1.39244
1.39921
1.4028
1.39709
1.38533
1.39236
1.38889
1.39943
1.39043
1.38158
1.38506
1.38934
1.39465
1.39324
1.39211
1.38809
1.39396
1.38598
1.40575
1.40679
1.38699
1.38782
1.38614
1.383
1.37873
1.3941
1.38183
1.38298
1.38798
1.39152
1.38819
1.38294
1.38485
1.39122
1.3891
1.38897
1.38293
1.39881
1.38925
1.38478
1.38441
1.39739
1.39762
1.37913
1.39077
1.39379
1.38834
1.38738
1.38107
1.38795
1.39948
1.3995
1.38677
1.39569
1.40893
1.39731
1.38227
1.38778
1.39146
1.38359
1.39608
1.39121
1.38995
1.39272
1.39826
1.3945
1.39454
1.3897
1.40288
1.40007
1.39519
1.39688
1.39318
1.39535
1.38912
1.39086
1.39655
1.39042
1.39954
1.40403
1.38754
1.40379
1.39051
1.39225
1.39995
1.3921
1.40124
1.38916
1.39095
1.39171
1.39186
1.40149
1.38875
1.3999
1.40116
1.39629
1.39283
1.41162
1.40643
1.39091
1.3877
1.3962
1.40795
1.39912
1.40057
1.39086
1.40014
1.39897
1.39374
1.39827
1.38855
1.39965
1.3948
1.39227
1.39197
1.39283
1.39536
1.39897
1.40894
1.39242
1.39524
1.39868
1.40083
1.3954
1.399
1.40429
1.40565
1.40012
1.39797
1.39886
1.40167
1.39275
1.39114
1.4002
1.39878
1.38875
1.39684
1.38696
1.39602
1.39716
1.39903
1.38935
1.39108
1.39917
1.38488
1.39509
1.39861
1.39052
1.39011
1.39454
1.3918
1.38118
1.39513
1.39583
1.38656
1.39535
1.3977
1.38617
1.39193
1.38991
1.39946
1.39624
1.39524
1.39642
1.38798
1.39141
1.40323
1.3914
1.39808
1.39605
1.39485
1.38331
1.39189
1.39127
1.39097
1.39854
1.40259
1.40793
1.4025
1.39414
1.38891
1.39702
1.39661
1.40169
1.39324
1.40514
1.41043
1.40272
1.40493
1.40349
1.39005
1.39669
1.40286
1.40431
1.39377
1.39227
1.39841
1.39282
1.38896
1.40347
1.39069
1.39785
1.39174
1.39969
1.38787
1.38652
1.39691
1.38898
1.41002
1.39725
1.40047
1.38184
1.39186
1.39391
1.40339
1.39474
1.39075
1.39507
1.38802
1.38948
1.39787
1.38066
1.39844
1.39968
1.37792
1.39494
1.40896
1.39244
1.38866
1.39328
1.3908
1.38597
1.40144
1.40496
1.40925
1.39363
1.41519
1.39725
1.3961
1.3933
1.38599
1.3882
1.39609
1.38963
1.38962
1.40041
1.39284
1.39704
1.39665
1.40114
1.3848
1.38963
1.38139
1.39258
1.40098
1.39318
1.40159
1.39471
1.40045
1.39329
1.39328
1.38737
1.39535
1.38396
1.38367
1.38892
1.38152
1.39399
1.40088
1.39147
1.3843
1.39975
1.39664
1.39518
1.38428
1.39069
1.39857
1.38985
1.39088
1.38042
1.38247
1.39446
1.39223
1.39731
1.38954
1.39236
1.39342
1.38601
1.39349
1.39026
1.40471
1.39699
1.38565
1.38704
1.38695
1.38809
1.38594
1.39091
1.39102
1.39335
1.3931
1.39018
1.38965
1.38454
1.38631
1.38974
1.3917
1.39633
1.41117
1.38395
1.39251
1.39248
1.38493
1.39919
1.41087
1.39461
1.38945
1.39948
1.38296
1.38669
1.39326
1.39126
1.39395
1.38465
1.39239
1.39328
1.39755
1.39107
1.38288
1.40696
1.39634
1.39702
1.40811
1.39702
1.3843
1.39432
1.40129
1.39199
1.39087
1.38711
1.39975
1.3922
1.39118
1.40427
1.40085
1.38659
1.39855
1.3879
1.3995
1.39848
1.38851
1.39179
1.39931
1.39281
1.38601
1.40098
1.391
1.40343
1.40088
1.39206
1.39538
1.39781
1.40049
1.40243
1.39941
1.37841
1.3925
1.38709
1.38971
1.3916
1.39759
1.3907
1.40238
1.38411
1.39586
1.39097
1.38713
1.39098
1.39017
1.39806
1.3929
1.3891
1.40319
1.39774
1.38838
1.3896
1.39084
1.39203
1.38577
1.38586
1.39097
1.39183
1.38722
1.39876
1.39338
1.38501
1.38918
1.38965
1.39238
1.40413
1.40538
1.3939
1.3927
1.38785
1.39713
1.38574
1.38833
1.38195
1.38977
1.40657
1.39137
1.39853
1.39096
1.39132
1.38924
1.39655
1.38028
1.39528
1.39491
1.39504
1.38609
1.39644
1.39193
1.392
1.3856
1.39982
1.37733
1.38058
1.39247
1.39276
1.40089
1.39456
1.39209
1.38553
1.40256
1.39346
1.38704
1.39162
1.40093
1.40359
1.38556
1.39754
1.38553
1.3888
1.38927
1.39217
1.39957
1.38603
1.38633
1.3864
1.38702
1.39371
1.39247
1.39152
1.38712
1.39606
1.39716
1.39003
1.39542
1.38862
1.39351
1.39382
1.39403
1.4004
1.39591
1.39963
1.38578
1.39721
1.40458
1.3818
1.38756
1.39245
1.39096
1.37704
1.3794
1.3846
1.40262
1.37705
1.38972
1.3878
1.39524
1.39022
1.38629
1.38967
1.38437
1.3887
1.39039
1.3942
1.39152
1.40103
1.38986
1.40284
1.38551
1.39924
1.39252
1.39188
1.39871
1.39227
1.39259
1.38709
1.38524
1.38498
1.38518
1.39881
1.3931
1.39516
1.38642
1.39926
1.38887
1.38932
1.3958
1.38907
1.39433
1.3852
1.38735
1.38949
1.38689
1.38596
1.3975
1.39564
1.39811
1.38947
1.40113
1.39543
1.38227
1.38228
1.38709
1.39879
1.38308
1.39245
1.38822
1.39213
1.3878
1.39488
1.39397
1.37592
1.3883
1.38324
1.39488
1.39776
1.38701
1.38905
1.38826
1.3892
1.38829
1.39152
1.39084
1.38964
1.383
1.38784
1.39091
1.39712
1.39554
1.38508
1.39551
1.3979
1.40622
1.41331
1.3976
1.38554
1.39112
1.3796
1.39437
1.39168
1.38899
1.39486
1.38731
1.39205
1.40355
1.39681
1.39235
1.38223
1.38851
1.39138
1.39468
1.39043
1.39352
1.40549
1.39161
1.39294
1.38852
1.39469
1.4049
1.39916
1.39544
1.3912
1.39036
1.39213
1.38695
1.3876
1.40176
1.3769
1.38787
1.38972
1.38521
1.39671
1.41345
1.40936
1.40843
1.41318
1.40828
1.40984
1.4127
1.40855
1.41038
1.41015
1.40767
1.41031
1.41305
1.40851
1.40731
1.41187
1.40844
1.40698
1.41218
1.40783
1.40731
1.41153
1.40897
1.41031
1.41263
1.40885
1.411
1.41364
1.40288
1.40922
1.41333
1.40472
1.40718
1.41179
1.40793
1.40704
1.41244
1.40853
1.40694
1.41345
1.40925
1.40946
1.41318
1.4083
1.4105
1.41179
1.40854
1.40994
1.45132
1.41185
1.41028
1.60797
1.40799
1.41021
1.4158
1.41168
1.4097
1.41756
1.41194
1.41294
1.50001
1.41165
1.40873
1.41581
1.41103
1.41222
1.4123
1.41116
1.40925
1.40979
1.40672
1.40465
1.41623
1.41078
1.4112
1.41609
1.41202
1.41245
1.41627
1.41119
1.41284
1.41559
1.41151
1.41245
1.4117
1.40591
1.41168
1.40968
1.40475
1.40493
1.40968
1.40494
1.40544
1.41486
1.41114
1.41337
1.41667
1.40566
1.41081
1.41675
1.41065
1.41253
1.41556
1.41221
1.41104
1.42051
1.41166
1.40962
1.41465
1.40431
1.40961
1.41642
1.40775
1.40739
1.4158
1.40568
1.41209
1.41987
1.41163
1.41322
1.41666
1.41126
1.40914
1.40961
1.41097
1.40943
1.41521
1.41134
1.41014
1.41412
1.41075
1.41463
1.41539
1.41102
1.41856
1.41079
1.41004
1.41115
1.41625
1.40688
1.41169
1.41549
1.41053
1.40419
1.4111
1.41028
1.41189
1.41317
1.41283
1.41397
1.41818
1.40693
1.41393
1.41546
1.4069
1.41277
1.41139
1.41139
1.40979
1.41609
1.41203
1.41028
1.41492
1.41116
1.40928
1.40978
1.41099
1.41325
1.41625
1.41094
1.41377
1.41574
1.41095
1.41314
1.41733
1.41154
1.41
1.41521
1.40492
1.41055
1.41622
1.40999
1.41253
1.41007
1.41136
1.41176
1.41633
1.40595
1.41362
1.41569
1.41061
1.41673
1.4163
1.41122
1.4104
1.41596
1.41098
1.40955
1.41489
1.41118
1.41067
1.41499
1.41135
1.40722
1.416
1.40601
1.41287
1.41219
1.40596
1.40608
1.41608
1.41296
1.40522
1.40978
1.40515
1.40375
1.40954
1.40536
1.41011
1.41622
1.40757
1.40712
1.41586
1.40493
1.41336
1.42349
1.41582
1.41252
1.42243
1.41673
1.41055
1.42107
1.41646
1.41953
1.42545
1.41634
1.41566
1.41425
1.41508
1.41871
1.41589
1.41182
1.41887
1.42312
1.40552
1.41159
1.42116
1.41089
1.40929
1.41155
1.41188
1.41486
1.40996
1.41192
1.40968
1.41555
1.41096
1.41298
1.41597
1.41177
1.41255
1.41514
1.41146
1.41202
1.41173
1.40574
1.40472
1.41457
1.40575
1.41029
1.40944
1.40603
1.4057
1.41528
1.4117
1.41311
1.41627
1.41155
1.41508
1.41107
1.41051
1.41237
1.41541
1.41234
1.41134
1.41703
1.41007
1.41042
1.42071
1.41314
1.41161
1.41768
1.42228
1.41289
1.41733
1.41688
1.41406
1.4223
1.42275
1.40883
1.42724
1.41134
1.40568
1.42573
1.40668
1.42006
1.41657
1.41037
1.40574
1.4096
1.42337
1.41196
1.42131
1.41175
1.41379
1.42779
1.40614
1.4217
1.41024
1.41806
1.4102
1.42094
1.41201
1.41038
1.41097
1.40484
1.4205
1.41219
1.41703
1.41715
1.42627
1.41078
1.41403
1.41647
1.41148
1.41273
1.41731
1.41323
1.4067
1.41527
1.42306
1.40963
1.41549
1.41631
1.40526
1.42559
1.40642
1.41869
1.41685
1.41702
1.40844
1.42124
1.41113
1.41563
1.41574
1.4067
1.40523
1.41069
1.42314
1.41002
1.41624
1.41157
1.40591
1.41939
