-0.742731
-0.725982
-0.711002
-0.697581
-0.685532
-0.674693
-0.664919
-0.656083
-0.648073
-0.640791
-0.634149
-0.62807
-0.622488
-0.617342
-0.61258
-0.608153
-0.604022
-0.60015
-0.596503
-0.593053
-0.589774
-0.586644
-0.58364
-0.580746
-0.577944
-0.575219
-0.572559
-0.569949
-0.567381
-0.564842
-0.562511
-0.560818
-0.559678
-0.558602
-0.557416
-0.556126
-0.554741
-0.553263
-0.551697
-0.550044
-0.548308
-0.546487
-0.544584
-0.542594
-0.540519
-0.538355
-0.536101
-0.533751
-0.531304
-0.528754
-0.526098
-0.52333
-0.520446
-0.517438
-0.514305
-0.511036
-0.50763
-0.504076
-0.500372
-0.496508
-0.492483
-0.488492
-0.484782
-0.481341
-0.478151
-0.475191
-0.472461
-0.469935
-0.467484
-0.464851
-0.462028
-0.459003
-0.455772
-0.452324
-0.448656
-0.444758
-0.440628
-0.436255
-0.43164
-0.426773
-0.421656
-0.416282
-0.410656
-0.404772
-0.398637
-0.392249
-0.385617
-0.378742
-0.371637
-0.364306
-0.356764
-0.349018
-0.341089
-0.332983
-0.324726
-0.316326
-0.30781
-0.299189
-0.290493
-0.281732
-0.272937
-0.26412
-0.255311
-0.246523
-0.237783
-0.229104
-0.220512
-0.212018
-0.203648
-0.195408
-0.187321
-0.179394
-0.171646
-0.16408
-0.156714
-0.149546
-0.142592
-0.13585
-0.12933
-0.123028
-0.116953
-0.1111
-0.105472
-0.100064
-0.0948793
-0.0899087
-0.0851543
-0.0806069
-0.0762666
-0.0721239
-0.0681776
-0.0644178
-0.0608426
-0.0574422
-0.0542138
-0.0511547
-0.048241
-0.045524
-0.0428738
-0.0404211
-0.0380624
-0.0358632
-0.0337583
-0.031856
-0.0299154
-0.0282592
-0.02649
-0.0250487
-0.0234413
-0.0221896
-0.0207313
-0.0196465
-0.0183253
-0.0173872
-0.0161944
-0.0153829
-0.0143239
-0.0136058
-0.0126731
-0.0120308
-0.0112112
-0.0106365
-0.00991691
-0.00940221
-0.00877139
-0.00831019
-0.00775789
-0.00734498
-0.00686145
-0.00649139
-0.00606874
-0.00573694
-0.00536787
-0.00507008
-0.00474829
-0.00448154
-0.00420062
-0.00396108
-0.00371655
-0.00350132
-0.0032887
-0.00309524
-0.00291055
-0.00273745
-0.00257631
-0.00242331
-0.00228087
-0.00214563
-0.00201971
-0.00190016
-0.00178884
-0.00168315
-0.00158473
-0.00149132
-0.00140429
-0.00132162
-0.00124463
-0.00117153
-0.00110343
-0.00103877
-0.000978525
-0.000921316
-0.000868009
-0.000817387
-0.000770209
-0.0007254
-0.000683636
-0.00064397
-0.00060699
-0.000571868
-0.000539119
-0.000508014
-0.000479004
-0.000451444
-0.000425739
-0.000401322
-0.00037854
-0.000356897
-0.000336698
-0.00031751
-0.000299599
-0.000282582
-0.000266694
-0.000251598
-0.000237501
-0.000224106
-0.000211592
-0.000199701
-0.00018859
-0.000178031
-0.000168162
-0.000158781
-0.000150013
-0.000141682
-0.000133888
-0.000126478
-0.000119547
-0.000112962
-0.000106798
-0.000100938
-9.54526e-05
-9.02386e-05
-8.53553e-05
-8.07387e-05
-7.63472e-05
-7.224e-05
-6.8361e-05
-6.46692e-05
-6.12137e-05
-5.7949e-05
-5.48442e-05
-5.19336e-05
-4.91814e-05
-4.65785e-05
-4.41027e-05
-4.17837e-05
-3.9592e-05
-3.75177e-05
-3.5555e-05
-3.36991e-05
-3.19444e-05
-3.02851e-05
-2.87161e-05
-2.7232e-05
-2.58283e-05
-2.45003e-05
-2.32428e-05
-2.20535e-05
-2.09285e-05
-1.98638e-05
-1.88559e-05
-1.79016e-05
-1.69978e-05
-1.61419e-05
-1.53311e-05
-1.45629e-05
-1.3835e-05
-1.31453e-05
-1.24915e-05
-1.18719e-05
-1.12844e-05
-1.07274e-05
-1.01992e-05
-9.69833e-06
