-0.746273
-0.729527
-0.714546
-0.701127
-0.689077
-0.678241
-0.668465
-0.659632
-0.65162
-0.644341
-0.637696
-0.631621
-0.626035
-0.620893
-0.616125
-0.611703
-0.607567
-0.603698
-0.600045
-0.596599
-0.593313
-0.590186
-0.587174
-0.584283
-0.581471
-0.578751
-0.576078
-0.573473
-0.57089
-0.568355
-0.566011
-0.564325
-0.563172
-0.562094
-0.560896
-0.559603
-0.558203
-0.55672
-0.555137
-0.553479
-0.551723
-0.549896
-0.547969
-0.545971
-0.54387
-0.541695
-0.53941
-0.537047
-0.534566
-0.532001
-0.529306
-0.526519
-0.523591
-0.520563
-0.517379
-0.514086
-0.510624
-0.507042
-0.503275
-0.49938
-0.495285
-0.491299
-0.487562
-0.484129
-0.480911
-0.477956
-0.475201
-0.472673
-0.470158
-0.467482
-0.464582
-0.461508
-0.458193
-0.454692
-0.450934
-0.446977
-0.442748
-0.438313
-0.433591
-0.428657
-0.423427
-0.417982
-0.412236
-0.406277
-0.400016
-0.39355
-0.386788
-0.379832
-0.372593
-0.36518
-0.357502
-0.349674
-0.341608
-0.333421
-0.325027
-0.316548
-0.307898
-0.299203
-0.290376
-0.281545
-0.272626
-0.263744
-0.254818
-0.24597
-0.237122
-0.228391
-0.2197
-0.211163
-0.202703
-0.194428
-0.186262
-0.178308
-0.170492
-0.162907
-0.155482
-0.148304
-0.141302
-0.134556
-0.127998
-0.121699
-0.115595
-0.10975
-0.104102
-0.0987082
-0.0935099
-0.0885578
-0.0837968
-0.0792716
-0.0749306
-0.0708131
-0.0668709
-0.0631388
-0.059572
-0.0562139
-0.0529843
-0.0500008
-0.0470567
-0.0444105
-0.0417375
-0.03935
-0.0369761
-0.0348322
-0.0327232
-0.0308756
-0.0289319
-0.0273288
-0.0255579
-0.0241659
-0.02256
-0.0213537
-0.0198998
-0.0188565
-0.0175423
-0.016642
-0.015459
-0.0146812
-0.0136363
-0.0129461
-0.0120276
-0.0114114
-0.0106056
-0.0100557
-0.00934937
-0.00885823
-0.00824008
-0.00780124
-0.00726101
-0.00686929
-0.00639718
-0.00604718
-0.00563531
-0.00532245
-0.00496354
-0.00468355
-0.00437136
-0.00412141
-0.00384947
-0.00362577
-0.00338961
-0.0031893
-0.00298447
-0.00280506
-0.00262759
-0.00246679
-0.00231326
-0.00217164
-0.00203644
-0.00191172
-0.00179267
-0.00168286
-0.00157802
-0.00148129
-0.00138904
-0.00130371
-0.00122264
-0.00114766
-0.00107618
-0.00101012
-0.000947219
-0.000889079
-0.000833703
-0.000782519
-0.000733775
-0.000688714
-0.000645814
-0.000606159
-0.000568393
-0.000533485
-0.000500243
-0.000469517
-0.000440259
-0.000413207
-0.000387461
-0.000363664
-0.000340994
-0.000320035
-0.000300092
-0.000281648
-0.000264096
-0.000247859
-0.000232413
-0.000218124
-0.00020453
-0.000191952
-0.000179989
-0.000168913
-0.000158388
-0.000148641
-0.000139379
-0.0001308
-0.00012265
-0.000115106
-0.000107931
-0.000101275
-9.49691e-05
-8.91235e-05
-8.35688e-05
-7.84154e-05
-7.35327e-05
-6.89962e-05
-6.47007e-05
-6.07062e-05
-5.69283e-05
-5.33861e-05
-5.0112e-05
-4.69841e-05
-4.40619e-05
-4.13614e-05
-3.87798e-05
-3.63681e-05
-3.41274e-05
-3.20028e-05
-3.00125e-05
-2.8147e-05
-2.6418e-05
-2.47699e-05
-2.3231e-05
-2.17888e-05
-2.04354e-05
-1.9166e-05
-1.79756e-05
-1.68592e-05
-1.58125e-05
-1.48309e-05
-1.39105e-05
-1.30475e-05
-1.22385e-05
-1.14799e-05
-1.07686e-05
-1.01016e-05
-9.47599e-06
-8.88933e-06
-8.33919e-06
-7.82326e-06
-7.33942e-06
-6.88563e-06
-6.46004e-06
-6.06086e-06
-5.68646e-06
-5.33527e-06
-5.00587e-06
-4.69688e-06
-4.40703e-06
-4.13513e-06
