0.537454
0.522528
0.521607
0.52074
0.519023
0.521492
0.516825
0.512028
0.51677
0.524287
0.515936
0.512009
0.5125
0.516584
0.524955
0.515112
0.519048
0.515877
0.523845
0.525088
0.580879
0.544307
0.565187
0.525632
0.527919
0.518086
0.522973
0.522062
0.525423
0.521716
0.517791
0.522886
0.524609
0.516312
0.532151
0.534778
0.524548
0.528848
0.526606
0.525688
0.522453
0.516534
0.519748
0.522468
0.508525
0.523361
0.530119
0.511247
0.512542
0.517608
0.517447
0.513443
0.517033
0.508641
0.513383
0.513852
0.517892
0.516248
0.513872
0.511938
0.514159
0.513935
0.521704
0.50553
0.51473
0.512865
0.513464
0.511778
0.522135
0.508862
0.51886
0.511103
0.523744
0.516604
0.517203
0.509246
0.515823
0.526543
0.509997
0.52031
0.517974
0.514973
0.512017
0.521868
0.516257
0.518872
0.525572
0.516639
0.517973
0.514094
0.517753
0.513945
0.52426
0.518796
0.526268
0.529794
0.523645
0.517159
0.518054
0.516993
0.520179
0.513187
0.512595
0.515367
0.518905
0.520029
0.521443
0.517334
0.520162
0.521897
0.521605
0.510255
0.516957
0.513339
0.522709
0.52414
0.518964
0.51648
0.51917
0.517856
0.521972
0.52091
0.519155
0.517531
0.519314
0.522763
0.520184
0.519942
0.5178
0.527286
0.519088
0.523143
0.514041
0.512169
0.519061
0.528225
0.502596
0.51181
0.518174
0.503753
0.510899
0.521557
0.506515
0.512551
0.509292
0.498135
0.508247
0.512015
0.498456
0.501608
0.502992
0.508204
0.510629
0.50533
0.512455
0.507148
0.502489
0.50467
0.51575
0.505874
0.510052
0.514871
0.504939
0.515439
0.510181
0.496958
0.500389
0.507159
0.501786
0.505885
0.507222
0.512705
0.501701
0.512151
0.51371
0.499579
0.498974
0.496873
0.489329
0.494803
0.495783
0.497873
0.492974
0.506628
0.491188
0.49648
0.497183
0.490283
0.493001
0.493556
0.505559
0.49283
0.498242
0.491906
0.499829
0.489992
0.485912
0.486215
0.493353
0.490173
0.494253
0.495114
0.497597
0.49605
0.493262
0.495218
0.500983
0.492796
0.498715
0.494732
0.499144
0.501957
0.491872
0.499082
0.494361
0.497001
0.491635
0.49421
0.489424
0.491501
0.479632
0.487982
0.483434
0.482857
0.480568
0.486532
0.48422
0.484616
0.48377
0.488262
0.487657
0.485304
0.486957
0.486535
0.48477
0.484991
0.489308
0.485604
0.485288
0.491208
0.481819
0.490134
0.484732
0.495439
0.498507
0.481265
0.489657
0.480899
0.497906
0.497107
0.482685
0.494309
0.489577
0.483766
0.48218
0.472747
0.47955
0.474559
0.478371
0.475581
0.475506
0.483448
0.480593
0.48808
0.48312
0.483272
0.481658
0.469755
0.479877
0.469309
0.48497
0.472252
0.46963
0.477816
0.470871
0.480221
0.470546
0.471157
0.474336
0.476499
0.473331
0.474323
0.47495
0.473355
0.473435
