586.269
0.675177
7.05989
0.676153
8.4492
0.685525
10.5698
0.664244
12.7087
0.676285
14.8848
0.664142
17.028
0.668981
19.2061
0.66898
21.5974
0.668296
24.1951
0.678111
27.4984
0.725041
29.4018
0.685757
32.534
0.670285
23.652
0.673579
15.8511
0.673933
45.3076
0.675865
48.7694
0.670142
52.3315
0.686597
56.0928
0.680763
53.7568
0.679339
39.9864
0.669438
75.0221
0.675406
76.5931
0.676964
73.3261
0.663667
65.2295
0.669711
94.4008
0.666058
92.2713
0.661302
82.4032
0.666715
109.317
0.668919
101.018
0.664636
109.797
0.666245
118.898
0.658314
114.369
0.66717
135.79
0.664802
122.231
0.661419
142.481
0.663984
139.764
0.669473
149.867
0.663564
157.437
0.679592
156.614
0.673311
173.079
0.667097
167.751
0.674209
176.262
0.671178
187.913
0.669274
182.055
0.667223
190.562
0.666663
198.874
0.671846
193.285
0.682856
199.829
0.669758
200.587
0.669785
195.665
0.665937
196.419
0.667861
191.972
0.672499
188.4
0.670682
183.303
0.674867
179.098
0.663069
174.107
0.665982
169.06
0.676769
163.403
0.669203
158
0.670375
151.623
0.675425
140.932
0.670062
136.47
0.676456
129.321
0.672002
115.951
0.680297
111.463
0.675337
104.279
0.664648
97.4234
0.680704
90.5415
0.66427
83.8399
0.655732
68.2195
0.67399
66.3862
0.665386
61.5127
0.650976
55.9825
0.664255
50.8831
0.65413
46.1981
0.660435
41.8065
0.659519
37.6732
0.659319
33.8616
0.657382
30.516
0.659334
27.346
0.668633
24.4493
0.667665
21.8503
0.651096
19.4476
0.659587
17.3687
0.658247
15.5244
0.664528
13.8443
0.664021
12.3238
0.652234
11.0061
0.64965
9.79941
0.647398
8.72044
0.649833
7.8067
0.660418
6.94597
0.649329
6.20928
0.642398
5.55715
0.645694
5.00769
0.645538
4.36785
0.644168
3.45907
0.642104
3.4043
0.638057
3.01568
0.642379
2.75094
0.648318
2.50351
0.648567
2.25515
0.647332
2.08673
0.644915
1.91851
0.647119
1.76039
0.655762
1.60189
0.65286
1.52336
0.649698
1.38806
0.648796
1.29976
0.64448
1.20239
0.640753
1.1395
0.636199
1.07098
0.63919
1.01099
0.637356
0.965445
0.640607
0.924777
0.637929
0.901843
0.638842
0.833336
0.637635
0.838272
0.637552
0.790363
0.643915
0.766549
0.642333
0.747084
0.647958
0.652077
0.765134
0.641795
0.633018
0.76067
0.649758
0.63485
0.712865
0.641853
0.635621
0.634425
0.690247
0.63173
0.627479
0.630368
0.627969
0.629458
0.635472
0.632727
0.641531
0.635407
0.636376
0.63401
0.622199
0.632224
0.621624
0.638537
0.62454
0.621947
0.629816
0.623049
0.633048
0.622416
0.623618
0.626317
0.628848
0.625336
0.626693
0.627796
0.626251
0.625805
