3.21899
2.32588
1.76496
1.2762
0.911834
0.654912
0.47578
0.349399
-0.306254
-0.299768
-0.293645
-0.287836
-0.282303
-0.277016
-0.27195
-0.267083
-0.262401
-0.257887
-0.253529
-0.249317
-0.245242
-0.241294
-0.237467
-0.233753
-0.230147
-0.226643
-0.223236
-0.219922
-0.216696
-0.213562
-0.210535
-0.207581
-0.204696
-0.201879
-0.199127
-0.196438
-0.19381
-0.191241
-0.188729
-0.186271
-0.183868
-0.181515
-0.179214
-0.17696
-0.174754
-0.172594
-0.170477
-0.168404
-0.166373
-0.164382
-0.162431
-0.160518
-0.158642
-0.156802
-0.154998
-0.153227
-0.15149
-0.149785
-0.148112
-0.146469
-0.144856
-0.143272
-0.141716
-0.140188
-0.138686
-0.137211
-0.135761
-0.134336
-0.132935
-0.131557
-0.130203
-0.128871
-0.127561
-0.126272
-0.125004
-0.123757
-0.122529
-0.121321
-0.120131
-0.118961
-0.117808
-0.116673
-0.115555
-0.114454
-0.11337
-0.112301
-0.111249
-0.110212
-0.10919
-0.108183
-0.10719
-0.106212
-0.105247
-0.104296
-0.103358
-0.102433
-0.101521
-0.100622
-0.0997348
-0.0988595
-0.097996
-0.0971441
-0.0963035
-0.0954739
-0.0946552
-0.0938472
-0.0930496
-0.0922622
-0.091485
-0.0907176
-0.0899599
-0.0892117
-0.0884728
-0.0877431
-0.0870224
-0.0863105
-0.0856074
-0.0849127
-0.0842264
-0.0835484
-0.0828784
-0.0822164
-0.0815621
-0.0809156
-0.0802766
-0.079645
-0.0790207
-0.0784036
-0.0777935
-0.0771903
-0.076594
-0.0760044
-0.0754214
-0.0748448
-0.0742747
-0.0737109
-0.0731532
-0.0726016
-0.0720561
-0.0715164
-0.0709825
-0.0704544
-0.0699319
-0.0694149
-0.0689035
-0.0683973
-0.0678965
-0.0674009
-0.0669105
-0.0664251
-0.0659448
-0.0654693
-0.0649987
-0.0645329
-0.0640718
-0.0636153
-0.0631635
-0.0627161
-0.0622732
-0.0618347
-0.0614005
-0.0609706
-0.0605448
-0.0601233
-0.0597058
-0.0592924
-0.058883
-0.0584775
-0.0580759
-0.0576781
-0.0572841
-0.0568938
-0.0565072
-0.0561242
-0.0557448
-0.055369
-0.0549966
-0.0546278
-0.0542623
-0.0539001
-0.0535413
-0.0531858
-0.0528335
-0.0524844
-0.0521384
-0.0517956
-0.0514559
-0.0511192
-0.0507855
-0.0504548
-0.050127
-0.0498021
-0.0494801
-0.0491608
-0.0488444
-0.0485308
-0.0482199
-0.0479117
-0.0476061
-0.0473032
-0.0470029
-0.0467052
-0.04641
-0.0461173
-0.0458271
-0.0455394
-0.0452541
-0.0449712
-0.0446907
-0.0444126
-0.0441367
-0.0438632
-0.043592
-0.0433229
-0.0430562
-0.0427916
-0.0425291
-0.0422689
-0.0420107
-0.0417547
-0.0415008
-0.0412489
-0.040999
-0.0407512
-0.0405054
-0.0402615
-0.0400196
-0.0397796
-0.0395416
-0.0393054
-0.0390711
-0.0388386
-0.038608
-0.0383795
-0.0381527
-0.0379278
-0.0377046
-0.0374831
-0.0372633
-0.0370453
-0.0368289
-0.0366142
-0.0364012
-0.0361898
-0.03598
-0.0357718
-0.0355652
-0.0353602
-0.0351567
-0.0349548
-0.0347544
-0.0345555
-0.0343581
-0.0341622
-0.0339678
-0.0337748
-0.0335832
-0.0333931
-0.0332043
-0.033017
-0.0328311
-0.0326469
-0.0324641
-0.0322824
-0.032102
-0.0319229
-0.031745
-0.0315684
-0.031393
-0.031219
-0.0310462
-0.0308746
-0.0307043
-0.0305353
-0.0303674
-0.0302007
-0.0300352
-0.0298709
-0.0297077
-0.0295457
-0.0293849
-0.0292251
-0.0290665
-0.028909
-0.0287526
-0.0285973
-0.0284431
-0.0282899
-0.0281378
-0.0279868
-0.0278368
-0.0276878
-0.0275399
-0.0273929
-0.027247
-0.0271021
-0.0269582
-0.0268152
-0.0266732
-0.0265322
-0.0263921
-0.0262529
-0.0261147
-0.0259775
-0.0258411
-0.0257057
-0.0255711
-0.0254375
-0.0253047
-0.0251728
-0.0250418
-0.0249116
-0.0247823
-0.0246539
-0.0245263
-0.0243995
-0.0242735
-0.0241484
-0.0240241
-0.0239006
-0.0237778
-0.0236559
-0.0235348
-0.0234144
-0.0232948
-0.0231759
-0.0230578
-0.0229405
-0.0228239
-0.022708
-0.0225929
-0.0224785
-0.0223648
-0.0222518
-0.0221395
-0.0220279
-0.0219171
-0.0218069
-0.0216973
-0.0215885
-0.0214803
-0.0213728
-0.021266
-0.0211597
-0.0210542
-0.0209493
-0.020845
-0.0207413
-0.0206383
-0.0205359
-0.0204342
-0.0203332
-0.0202328
-0.0201329
-0.0200336
-0.0199349
-0.0198367
-0.0197391
-0.019642
-0.0195455
-0.0194496
-0.0193542
-0.0192594
-0.0191652
-0.0190715
-0.0189784
-0.0188857
-0.0187937
-0.0187021
-0.0186111
-0.0185205
-0.0184305
-0.0183411
-0.0182521
-0.0181636
-0.0180756
-0.0179881
-0.0179011
-0.0178146
-0.0177285
-0.017643
-0.0175579
-0.0174733
-0.0173891
-0.0173054
-0.0172222
-0.0171395
-0.0170571
-0.0169753
-0.0168938
-0.0168129
-0.0167323
-0.0166522
-0.0165725
-0.0164933
-0.0164145
-0.0163361
-0.0162581
-0.0161805
-0.0161034
-0.0160266
-0.0159503
-0.0158744
-0.0157988
-0.0157237
-0.0156489
-0.0155746
-0.0155006
-0.0154271
-0.0153539
-0.015281
-0.0152086
-0.0151365
-0.0150648
-0.0149935
-0.0149225
-0.0148519
-0.0147817
-0.0147118
-0.0146423
-0.0145731
-0.0145043
-0.0144358
-0.0143677
-0.0142999
-0.0142324
-0.0141653
-0.0140986
-0.0140321
-0.013966
-0.0139002
-0.0138348
-0.0137697
-0.0137048
-0.0136404
-0.0135762
-0.0135123
-0.0134488
-0.0133856
-0.0133226
-0.01326
-0.0131977
-0.0131357
-0.0130741
-0.0130127
-0.0129517
-0.0128909
-0.0128304
-0.0127702
-0.0127103
-0.0126507
-0.0125913
-0.0125323
-0.0124735
-0.012415
-0.0123567
-0.0122988
-0.0122411
-0.0121837
-0.0121265
-0.0120697
-0.0120131
-0.0119568
-0.0119007
-0.0118449
-0.0117894
-0.0117342
-0.0116791
-0.0116244
-0.0115699
-0.0115157
-0.0114617
-0.0114079
-0.0113544
-0.0113012
-0.0112482
-0.0111955
-0.011143
-0.0110907
-0.0110387
-0.0109869
-0.0109354
-0.0108841
-0.0108331
-0.0107822
-0.0107317
-0.0106813
-0.0106312
-0.0105813
-0.0105316
-0.0104822
-0.010433
-0.010384
-0.0103352
-0.0102867
-0.0102384
-0.0101903
-0.0101424
-0.0100948
-0.0100473
-0.0100001
-0.00995309
-0.0099063
-0.00985972
-0.00981335
-0.0097672
-0.00972126
-0.00967552
-0.00962999
-0.00958467
-0.00953956
-0.00949465
-0.00944994
-0.00940544
-0.00936114
-0.00931704
-0.00927314
-0.00922944
-0.00918594
-0.00914263
-0.00909952
-0.00905661
-0.00901389
-0.00897137
-0.00892903
-0.00888689
-0.00884494
-0.00880318
-0.00876161
-0.00872023
-0.00867903
-0.00863802
-0.0085972
-0.00855656
-0.00851611
-0.00847584
-0.00843575
-0.00839584
-0.00835612
-0.00831657
-0.0082772
-0.00823801
-0.008199
-0.00816017
-0.00812151
-0.00808303
-0.00804472
-0.00800658
-0.00796862
-0.00793083
-0.00789321
-0.00785576
-0.00781848
-0.00778137
-0.00774443
-0.00770766
-0.00767105
-0.00763461
-0.00759834
-0.00756223
-0.00752628
-0.0074905
-0.00745488
-0.00741942
-0.00738412
-0.00734899
-0.00731401
-0.0072792
-0.00724454
-0.00721004
-0.0071757
-0.00714153
-0.00710751
-0.00707365
-0.00703995
-0.00700639
-0.00697299
-0.00693973
-0.00690663
-0.00687368
-0.00684087
-0.00680822
-0.00677571
-0.00674335
-0.00671114
-0.00667908
-0.00664716
-0.00661539
-0.00658377
-0.00655229
-0.00652095
-0.00648976
-0.00645871
-0.00642781
-0.00639705
-0.00636642
-0.00633594
-0.0063056
-0.0062754
-0.00624534
-0.00621542
-0.00618563
-0.00615598
-0.00612647
-0.0060971
-0.00606786
-0.00603875
-0.00600978
-0.00598095
-0.00595225
-0.00592368
-0.00589525
-0.00586695
-0.00583878
-0.00581074
-0.00578283
-0.00575504
-0.00572739
-0.00569987
-0.00567247
-0.0056452
-0.00561805
-0.00559103
-0.00556414
-0.00553737
-0.00551073
-0.00548421
-0.00545782
-0.00543154
-0.00540539
-0.00537937
-0.00535346
-0.00532768
-0.00530201
-0.00527647
-0.00525105
-0.00522574
-0.00520056
-0.00517549
-0.00515054
-0.00512571
-0.00510099
-0.00507639
-0.0050519
-0.00502753
-0.00500327
-0.00497913
-0.0049551
-0.00493118
-0.00490738
-0.00488368
-0.0048601
-0.00483663
-0.00481327
-0.00479002
-0.00476688
-0.00474385
-0.00472093
-0.00469811
-0.00467541
-0.00465281
-0.00463031
-0.00460793
-0.00458565
-0.00456348
-0.00454141
-0.00451944
-0.00449758
-0.00447583
-0.00445417
-0.00443262
-0.00441117
-0.00438983
-0.00436858
-0.00434744
-0.00432639
-0.00430545
-0.0042846
-0.00426386
-0.00424321
-0.00422266
-0.00420221
-0.00418186
-0.0041616
-0.00414144
-0.00412137
-0.0041014
-0.00408153
-0.00406175
-0.00404207
-0.00402248
-0.00400298
-0.00398358
-0.00396427
-0.00394505
-0.00392592
-0.00390689
-0.00388794
-0.00386909
-0.00385033
-0.00383165
-0.00381307
-0.00379458
-0.00377617
-0.00375785
-0.00373962
-0.00372148
-0.00370343
-0.00368546
-0.00366758
-0.00364978
-0.00363207
-0.00361444
-0.0035969
-0.00357945
-0.00356207
-0.00354478
-0.00352758
-0.00351045
-0.00349341
-0.00347645
-0.00345958
-0.00344278
-0.00342607
-0.00340943
-0.00339288
-0.0033764
-0.00336001
-0.0033437
-0.00332747
-0.00331131
-0.00329524
-0.00327924
-0.00326332
-0.00324747
-0.0032317
-0.00321601
-0.0032004
-0.00318485
-0.00316939
-0.003154
-0.00313868
-0.00312344
-0.00310827
-0.00309317
-0.00307815
-0.0030632
-0.00304832
-0.00303352
-0.00301878
-0.00300412
-0.00298953
-0.00297501
-0.00296056
-0.00294618
-0.00293187
-0.00291762
-0.00290345
-0.00288935
-0.00287531
-0.00286134
-0.00284745
-0.00283361
-0.00281985
-0.00280615
-0.00279252
-0.00277895
-0.00276545
-0.00275202
-0.00273865
-0.00272535
-0.00271211
-0.00269893
-0.00268582
-0.00267277
-0.00265979
-0.00264687
-0.00263401
-0.00262121
-0.00260848
-0.00259581
-0.0025832
-0.00257065
-0.00255816
-0.00254574
-0.00253337
-0.00252106
-0.00250882
-0.00249663
-0.00248451
-0.00247244
-0.00246043
-0.00244848
-0.00243658
-0.00242475
-0.00241297
-0.00240125
-0.00238959
-0.00237798
-0.00236643
-0.00235494
-0.0023435
-0.00233212
-0.00232079
-0.00230952
-0.00229831
-0.00228715
-0.00227604
-0.00226499
-0.00225399
-0.00224305
-0.00223215
-0.00222132
-0.00221053
-0.0021998
-0.00218912
-0.00217849
-0.00216791
-0.00215738
-0.00214691
-0.00213649
-0.00212611
-0.00211579
-0.00210552
-0.0020953
-0.00208513
-0.00207501
-0.00206494
-0.00205491
-0.00204494
-0.00203502
-0.00202514
-0.00201531
-0.00200553
-0.0019958
-0.00198611
-0.00197647
-0.00196688
-0.00195734
-0.00194784
-0.00193839
-0.00192898
-0.00191963
-0.00191031
-0.00190104
-0.00189182
-0.00188264
-0.00187351
-0.00186442
-0.00185538
-0.00184638
-0.00183742
-0.00182851
-0.00181964
-0.00181082
-0.00180203
-0.0017933
-0.0017846
-0.00177594
-0.00176733
-0.00175876
-0.00175024
-0.00174175
-0.0017333
-0.0017249
-0.00171654
-0.00170822
-0.00169994
-0.00169169
-0.00168349
-0.00167533
-0.00166721
-0.00165913
-0.00165109
-0.00164309
-0.00163513
-0.0016272
-0.00161932
-0.00161147
-0.00160366
-0.00159589
-0.00158816
-0.00158046
-0.00157281
-0.00156519
-0.0015576
-0.00155006
-0.00154255
-0.00153508
-0.00152764
-0.00152024
-0.00151288
-0.00150555
-0.00149826
-0.00149101
-0.00148379
-0.0014766
-0.00146945
-0.00146234
-0.00145526
-0.00144821
-0.0014412
-0.00143422
-0.00142728
-0.00142037
-0.00141349
-0.00140665
-0.00139984
-0.00139307
-0.00138633
-0.00137962
-0.00137294
-0.0013663
-0.00135968
-0.0013531
-0.00134656
-0.00134004
-0.00133356
-0.00132711
-0.00132069
-0.0013143
-0.00130794
-0.00130161
-0.00129532
-0.00128905
-0.00128282
-0.00127661
-0.00127044
-0.00126429
-0.00125818
-0.0012521
-0.00124604
-0.00124002
-0.00123402
-0.00122805
-0.00122212
-0.00121621
-0.00121033
-0.00120448
-0.00119866
-0.00119286
-0.0011871
-0.00118136
-0.00117565
-0.00116997
-0.00116432
-0.00115869
-0.00115309
-0.00114752
-0.00114197
-0.00113646
-0.00113096
-0.0011255
-0.00112006
-0.00111465
-0.00110927
-0.00110391
-0.00109858
-0.00109327
-0.00108799
-0.00108274
-0.00107751
-0.0010723
-0.00106713
-0.00106197
-0.00105685
-0.00105174
-0.00104666
-0.00104161
-0.00103658
-0.00103158
-0.0010266
-0.00102164
-0.00101671
-0.0010118
-0.00100692
-0.00100206
-0.000997225
-0.000992412
-0.000987623
-0.000982857
-0.000978114
-0.000973394
-0.000968698
-0.000964024
-0.000959373
-0.000954745
-0.000950139
-0.000945555
-0.000940994
-0.000936455
-0.000931938
-0.000927443
-0.00092297
-0.000918518
-0.000914088
-0.00090968
-0.000905293
-0.000900928
-0.000896583
-0.00089226
-0.000887958
-0.000883677
-0.000879416
-0.000875177
-0.000870958
-0.000866759
-0.000862581
-0.000858423
-0.000854286
-0.000850169
-0.000846072
-0.000841994
-0.000837936
-0.000833898
-0.000829879
-0.00082588
-0.0008219
-0.00081794
-0.000813999
-0.000810077
-0.000806174
-0.00080229
-0.000798425
-0.000794578
-0.00079075
-0.000786941
-0.000783151
-0.000779379
-0.000775625
-0.000771889
-0.000768172
-0.000764472
-0.000760791
-0.000757127
-0.000753481
-0.000749853
-0.000746242
-0.000742649
-0.000739073
-0.000735515
-0.000731974
-0.00072845
-0.000724944
-0.000721454
-0.000717981
-0.000714525
-0.000711086
-0.000707663
-0.000704257
-0.000700868
-0.000697495
-0.000694139
-0.000690798
-0.000687474
-0.000684166
-0.000680874
-0.000677598
-0.000674338
-0.000671093
-0.000667865
-0.000664652
-0.000661454
-0.000658272
-0.000655106
-0.000651955
-0.000648819
-0.000645698
-0.000642592
-0.000639502
-0.000636426
-0.000633365
-0.000630319
-0.000627288
-0.000624272
-0.00062127
-0.000618283
-0.00061531
-0.000612351
-0.000609407
-0.000606477
-0.000603562
-0.00060066
-0.000597773
-0.000594899
-0.000592039
-0.000589193
-0.000586361
-0.000583543
-0.000580738
-0.000577947
-0.000575169
-0.000572405
-0.000569654
-0.000566917
-0.000564193
-0.000561481
-0.000558783
-0.000556099
-0.000553427
-0.000550767
-0.000548121
-0.000545488
-0.000542867
-0.000540259
-0.000537664
-0.000535081
-0.00053251
-0.000529952
-0.000527407
-0.000524874
-0.000522353
-0.000519844
-0.000517347
-0.000514862
-0.00051239
-0.000509929
-0.00050748
-0.000505043
-0.000502618
-0.000500204
-0.000497803
-0.000495412
-0.000493034
-0.000490667
-0.000488311
-0.000485966
-0.000483633
-0.000481311
-0.000479001
-0.000476702
-0.000474413
-0.000472136
-0.00046987
-0.000467614
-0.00046537
-0.000463136
-0.000460914
-0.000458701
-0.0004565
-0.000454309
-0.000452129
-0.000449959
-0.0004478
-0.000445651
-0.000443513
-0.000441385
-0.000439267
-0.000437159
-0.000435062
-0.000432974
-0.000430897
-0.00042883
-0.000426772
-0.000424725
-0.000422688
-0.00042066
-0.000418642
-0.000416634
-0.000414635
-0.000412646
-0.000410667
-0.000408697
-0.000406737
-0.000404786
-0.000402845
-0.000400913
-0.00039899
-0.000397077
-0.000395173
-0.000393278
-0.000391392
-0.000389515
-0.000387647
-0.000385789
-0.000383939
-0.000382098
-0.000380266
-0.000378443
-0.000376628
-0.000374823
-0.000373026
-0.000371237
-0.000369458
-0.000367686
-0.000365924
-0.000364171
-0.000362425
-0.000360688
-0.00035896
-0.000357239
-0.000355527
-0.000353823
-0.000352127
-0.000350439
-0.000348759
-0.000347087
-0.000345424
-0.000343768
-0.000342121
-0.000340481
-0.000338849
-0.000337226
-0.00033561
-0.000334001
-0.000332401
-0.000330808
-0.000329223
-0.000327646
-0.000326076
-0.000324514
-0.000322959
-0.000321412
-0.000319872
-0.00031834
-0.000316815
-0.000315297
-0.000313787
-0.000312283
-0.000310788
-0.000309299
-0.000307818
-0.000306344
-0.000304877
-0.000303416
-0.000301963
-0.000300517
-0.000299078
-0.000297646
-0.00029622
-0.000294802
-0.00029339
-0.000291985
-0.000290587
-0.000289195
-0.000287811
-0.000286433
-0.000285061
-0.000283696
-0.000282338
-0.000280986
-0.000279641
-0.000278302
-0.000276969
-0.000275643
-0.000274324
-0.00027301
-0.000271703
-0.000270403
-0.000269108
-0.00026782
-0.000266538
-0.000265262
-0.000263992
-0.000262728
-0.000261471
-0.000260219
-0.000258974
-0.000257734
-0.000256501
-0.000255273
-0.000254051
-0.000252835
-0.000251625
-0.000250421
-0.000249222
-0.00024803
-0.000246843
-0.000245661
-0.000244486
-0.000243316
-0.000242151
-0.000240993
-0.000239839
-0.000238692
-0.00023755
-0.000236413
-0.000235282
-0.000234156
-0.000233035
-0.00023192
-0.000230811
-0.000229707
-0.000228608
-0.000227514
-0.000226425
-0.000225342
-0.000224264
-0.000223191
-0.000222123
-0.000221061
-0.000220003
-0.000218951
-0.000217903
-0.000216861
-0.000215824
-0.000214791
-0.000213764
-0.000212741
-0.000211724
-0.000210711
-0.000209703
-0.0002087
-0.000207702
-0.000206708
-0.00020572
-0.000204736
-0.000203757
-0.000202782
-0.000201812
-0.000200847
-0.000199887
-0.000198931
-0.000197979
-0.000197033
-0.000196091
-0.000195153
-0.00019422
-0.000193291
-0.000192367
-0.000191447
-0.000190531
-0.00018962
-0.000188713
-0.000187811
-0.000186913
-0.000186019
-0.00018513
-0.000184245
-0.000183364
-0.000182487
-0.000181615
-0.000180747
-0.000179882
-0.000179022
-0.000178167
-0.000177315
-0.000176467
-0.000175624
-0.000174784
-0.000173948
-0.000173117
-0.000172289
-0.000171466
-0.000170646
-0.00016983
-0.000169019
-0.000168211
-0.000167407
-0.000166606
-0.00016581
-0.000165018
-0.000164229
-0.000163444
-0.000162663
-0.000161885
-0.000161111
-0.000160341
-0.000159575
-0.000158812
-0.000158053
-0.000157298
-0.000156546
-0.000155798
-0.000155054
-0.000154313
-0.000153575
-0.000152841
-0.000152111
-0.000151384
-0.00015066
-0.00014994
-0.000149223
-0.000148509
-0.000147799
-0.000147093
-0.00014639
-0.000145691
-0.000144995
-0.000144302
-0.000143613
-0.000142927
-0.000142244
-0.000141565
-0.000140888
-0.000140215
-0.000139546
-0.000138879
-0.000138216
-0.000137556
-0.000136898
-0.000136245
-0.000135594
-0.000134946
-0.000134301
-0.00013366
-0.000133021
-0.000132386
-0.000131754
-0.000131124
-0.000130498
-0.000129875
-0.000129254
-0.000128637
-0.000128022
-0.000127411
-0.000126802
-0.000126197
-0.000125594
-0.000124994
-0.000124397
-0.000123803
-0.000123211
-0.000122623
-0.000122037
-0.000121454
-0.000120874
-0.000120297
-0.000119722
-0.00011915
-0.000118581
-0.000118015
-0.000117451
-0.000116891
-0.000116332
-0.000115777
-0.000115224
-0.000114673
-0.000114126
-0.000113581
-0.000113038
-0.000112498
-0.000111961
-0.000111426
-0.000110894
-0.000110365
-0.000109838
-0.000109313
-0.000108791
-0.000108272
-0.000107755
-0.00010724
-0.000106728
-0.000106218
-0.000105711
-0.000105206
-0.000104704
-0.000104204
-0.000103706
-0.000103211
-0.000102718
-0.000102228
-0.00010174
-0.000101254
-0.00010077
-0.000100289
-9.98104e-05
-9.93338e-05
-9.88595e-05
-9.83875e-05
-9.79178e-05
-9.74503e-05
-9.6985e-05
-9.6522e-05
-9.60611e-05
-9.56025e-05
-9.51461e-05
-9.46918e-05
-9.42397e-05
-9.37898e-05
-9.3342e-05
-9.28964e-05
-9.24529e-05
-9.20116e-05
-9.15723e-05
-9.11351e-05
-9.07001e-05
-9.02671e-05
-8.98362e-05
-8.94073e-05
-8.89805e-05
-8.85557e-05
-8.8133e-05
-8.77123e-05
-8.72936e-05
-8.68769e-05
-8.64621e-05
-8.60494e-05
-8.56387e-05
-8.52299e-05
-8.4823e-05
-8.44181e-05
-8.40152e-05
-8.36142e-05
-8.3215e-05
-8.28178e-05
-8.24225e-05
-8.20291e-05
-8.16376e-05
-8.12479e-05
-8.08601e-05
-8.04742e-05
-8.00901e-05
-7.97078e-05
-7.93274e-05
-7.89488e-05
-7.8572e-05
-7.81969e-05
-7.78237e-05
-7.74523e-05
-7.70826e-05
-7.67147e-05
-7.63486e-05
-7.59842e-05
-7.56216e-05
-7.52607e-05
-7.49015e-05
-7.4544e-05
-7.41883e-05
-7.38342e-05
-7.34819e-05
-7.31312e-05
-7.27822e-05
-7.24348e-05
-7.20892e-05
-7.17452e-05
-7.14028e-05
-7.10621e-05
-7.0723e-05
-7.03855e-05
-7.00496e-05
-6.97153e-05
-6.93826e-05
-6.90515e-05
-6.8722e-05
-6.83941e-05
-6.80677e-05
-6.77429e-05
-6.74196e-05
-6.70979e-05
-6.67777e-05
-6.6459e-05
-6.61419e-05
-6.58263e-05
-6.55122e-05
-6.51996e-05
-6.48884e-05
-6.45788e-05
-6.42707e-05
-6.3964e-05
-6.36588e-05
-6.3355e-05
-6.30527e-05
-6.27519e-05
-6.24525e-05
-6.21545e-05
-6.18579e-05
-6.15628e-05
-6.1269e-05
-6.09767e-05
-6.06858e-05
-6.03962e-05
-6.01081e-05
-5.98213e-05
-5.95359e-05
-5.92518e-05
-5.89691e-05
-5.86878e-05
-5.84078e-05
-5.81291e-05
-5.78518e-05
-5.75758e-05
-5.73011e-05
-5.70277e-05
-5.67557e-05
-5.64849e-05
-5.6216e-05
-5.59477e-05
-5.56807e-05
-5.54149e-05
-5.51505e-05
-5.48874e-05
-5.46255e-05
-5.4365e-05
-5.41057e-05
-5.38476e-05
-5.35909e-05
-5.33353e-05
-5.3081e-05
-5.28278e-05
-5.25759e-05
-5.23252e-05
-5.20757e-05
-5.18273e-05
-5.15801e-05
-5.13341e-05
-5.10893e-05
-5.08456e-05
-5.0603e-05
-5.03616e-05
-5.01214e-05
-4.98823e-05
-4.96443e-05
-4.94075e-05
-4.91718e-05
-4.89372e-05
-4.87038e-05
-4.84714e-05
-4.82402e-05
-4.801e-05
-4.7781e-05
-4.7553e-05
-4.73262e-05
-4.71004e-05
-4.68757e-05
-4.66521e-05
-4.64295e-05
-4.6208e-05
-4.59876e-05
-4.57682e-05
-4.55498e-05
-4.53325e-05
-4.51163e-05
-4.49011e-05
-4.46869e-05
-4.44737e-05
-4.42616e-05
-4.40504e-05
-4.38403e-05
-4.36312e-05
-4.3423e-05
-4.32159e-05
-4.30098e-05
-4.28046e-05
-4.26004e-05
-4.23972e-05
-4.2195e-05
-4.19937e-05
-4.17934e-05
-4.15941e-05
-4.13957e-05
-4.11983e-05
-4.10018e-05
-4.08062e-05
-4.06116e-05
-4.04179e-05
-4.02251e-05
-4.00332e-05
-3.98423e-05
-3.96523e-05
-3.94632e-05
-3.92749e-05
-3.90876e-05
-3.89012e-05
-3.87157e-05
-3.8531e-05
-3.83473e-05
-3.81644e-05
-3.79824e-05
-3.78012e-05
-3.76209e-05
-3.74415e-05
-3.7263e-05
-3.70852e-05
-3.69084e-05
-3.67324e-05
-3.65572e-05
-3.63828e-05
-3.62093e-05
-3.60367e-05
-3.58648e-05
-3.56938e-05
-3.55235e-05
-3.53541e-05
-3.51855e-05
-3.50177e-05
-3.48508e-05
-3.46846e-05
-3.45192e-05
-3.43545e-05
-3.41907e-05
-3.40277e-05
-3.38654e-05
-3.37039e-05
-3.35432e-05
-3.33832e-05
-3.3224e-05
-3.30656e-05
-3.29079e-05
-3.2751e-05
-3.25948e-05
-3.24394e-05
-3.22847e-05
-3.21308e-05
-3.19776e-05
-3.18251e-05
-3.16733e-05
-3.15223e-05
-3.1372e-05
-3.12224e-05
-3.10735e-05
-3.09253e-05
-3.07779e-05
-3.06311e-05
-3.04851e-05
-3.03397e-05
-3.0195e-05
-3.00511e-05
-2.99078e-05
-2.97652e-05
-2.96232e-05
-2.9482e-05
-2.93414e-05
-2.92015e-05
-2.90623e-05
-2.89237e-05
-2.87858e-05
-2.86485e-05
-2.85119e-05
-2.8376e-05
-2.82407e-05
-2.8106e-05
-2.7972e-05
-2.78387e-05
-2.77059e-05
-2.75738e-05
-2.74424e-05
-2.73115e-05
-2.71813e-05
-2.70517e-05
-2.69227e-05
-2.67943e-05
-2.66666e-05
-2.65394e-05
-2.64129e-05
-2.6287e-05
-2.61616e-05
-2.60369e-05
-2.59128e-05
-2.57892e-05
-2.56663e-05
-2.55439e-05
-2.54221e-05
-2.53009e-05
-2.51803e-05
-2.50602e-05
-2.49407e-05
-2.48218e-05
-2.47035e-05
-2.45857e-05
-2.44685e-05
-2.43518e-05
-2.42357e-05
-2.41202e-05
-2.40052e-05
-2.38907e-05
-2.37768e-05
-2.36635e-05
-2.35507e-05
-2.34384e-05
-2.33267e-05
-2.32154e-05
-2.31048e-05
-2.29946e-05
-2.2885e-05
-2.27759e-05
-2.26673e-05
-2.25592e-05
-2.24517e-05
-2.23446e-05
-2.22381e-05
-2.21321e-05
-2.20266e-05
-2.19216e-05
-2.18171e-05
-2.17131e-05
-2.16095e-05
-2.15065e-05
-2.1404e-05
-2.1302e-05
-2.12004e-05
-2.10993e-05
-2.09987e-05
-2.08986e-05
-2.0799e-05
-2.06999e-05
-2.06012e-05
-2.05032e-05
-2.04059e-05
-2.03091e-05
-2.02127e-05
-2.01166e-05
-2.00207e-05
-1.99253e-05
-1.98302e-05
-1.97355e-05
-1.96412e-05
-1.95473e-05
-1.94539e-05
-1.93609e-05
-1.92684e-05
-1.91763e-05
-1.90847e-05
-1.89935e-05
-1.89028e-05
-1.88125e-05
-1.87227e-05
-1.86333e-05
-1.85444e-05
-1.84559e-05
-1.83678e-05
-1.82802e-05
-1.8193e-05
-1.81062e-05
-1.80199e-05
-1.79339e-05
-1.78484e-05
-1.77633e-05
-1.76786e-05
-1.75943e-05
-1.75104e-05
-1.74269e-05
-1.73438e-05
-1.72612e-05
-1.71789e-05
-1.7097e-05
-1.70155e-05
-1.69344e-05
-1.68537e-05
-1.67734e-05
-1.66934e-05
-1.66138e-05
-1.65347e-05
-1.64559e-05
-1.63774e-05
-1.62994e-05
-1.62217e-05
-1.61444e-05
-1.60675e-05
-1.59909e-05
-1.59147e-05
-1.58388e-05
-1.57634e-05
-1.56882e-05
-1.56135e-05
-1.55391e-05
-1.5465e-05
-1.53913e-05
-1.5318e-05
-1.5245e-05
-1.51723e-05
-1.51e-05
-1.50281e-05
-1.49565e-05
-1.48852e-05
-1.48143e-05
-1.47437e-05
-1.46734e-05
-1.46035e-05
-1.45339e-05
-1.44646e-05
-1.43957e-05
-1.43271e-05
-1.42588e-05
-1.41909e-05
-1.41233e-05
-1.4056e-05
-1.3989e-05
-1.39223e-05
-1.3856e-05
-1.37899e-05
-1.37242e-05
-1.36588e-05
-1.35937e-05
-1.3529e-05
-1.34645e-05
-1.34003e-05
-1.33365e-05
-1.32729e-05
-1.32097e-05
-1.31467e-05
-1.30841e-05
-1.30217e-05
-1.29597e-05
-1.28979e-05
-1.28365e-05
-1.27753e-05
-1.27144e-05
-1.26538e-05
-1.25935e-05
-1.25335e-05
-1.24738e-05
-1.24143e-05
-1.23552e-05
-1.22963e-05
-1.22377e-05
-1.21794e-05
-1.21213e-05
-1.20636e-05
-1.20061e-05
-1.19489e-05
-1.18919e-05
-1.18353e-05
-1.17789e-05
-1.17227e-05
-1.16669e-05
-1.16113e-05
-1.15559e-05
-1.15009e-05
-1.1446e-05
-1.13915e-05
-1.13372e-05
-1.12832e-05
-1.12294e-05
-1.11759e-05
-1.11226e-05
-1.10696e-05
-1.10169e-05
-1.09644e-05
-1.09121e-05
-1.08601e-05
-1.08084e-05
-1.07569e-05
-1.07056e-05
-1.06546e-05
-1.06038e-05
-1.05533e-05
-1.0503e-05
-1.04529e-05
-1.04031e-05
-1.03535e-05
-1.03042e-05
-1.02551e-05
-1.02062e-05
-1.01576e-05
-1.01092e-05
-1.0061e-05
-1.0013e-05
-9.96532e-06
