3.96771
2.68302
2.18867
1.91147
1.62409
1.31915
1.04593
0.82352
0.652607
0.525409
0.431891
0.362845
0.310985
-0.277537
-0.270308
-0.263413
-0.256846
-0.250593
-0.244642
-0.238977
-0.233582
-0.228442
-0.223542
-0.218868
-0.214408
-0.210147
-0.206076
-0.202182
-0.198472
-0.194925
-0.191526
-0.188269
-0.185155
-0.18216
-0.179281
-0.176523
-0.173868
-0.17131
-0.168852
-0.166486
-0.164212
-0.162015
-0.159892
-0.157839
-0.155854
-0.153932
-0.152076
-0.150281
-0.148542
-0.146856
-0.145227
-0.143646
-0.142112
-0.140623
-0.139181
-0.137779
-0.136418
-0.135098
-0.133813
-0.132563
-0.131348
-0.130167
-0.129017
-0.127895
-0.126807
-0.125745
-0.124709
-0.123701
-0.122719
-0.12176
-0.120824
-0.119913
-0.119023
-0.118154
-0.117307
-0.116479
-0.115669
-0.114879
-0.114107
-0.113352
-0.112614
-0.111893
-0.111187
-0.110496
-0.109822
-0.10916
-0.108513
-0.10788
-0.107259
-0.106653
-0.106058
-0.105475
-0.104904
-0.104344
-0.103795
-0.103257
-0.102729
-0.102211
-0.101704
-0.101206
-0.100717
-0.100238
-0.0997665
-0.0993048
-0.0988508
-0.0984046
-0.0979671
-0.0975364
-0.0971141
-0.0966985
-0.09629
-0.0958888
-0.0954937
-0.0951063
-0.0947242
-0.0943491
-0.0939796
-0.0936161
-0.0932586
-0.0929062
-0.0925601
-0.0922185
-0.0918831
-0.0915518
-0.0912266
-0.0909053
-0.0905895
-0.0902777
-0.089971
-0.0896682
-0.0893702
-0.0890759
-0.0887864
-0.0885003
-0.0882188
-0.0879404
-0.0876666
-0.0873956
-0.0871292
-0.0868654
-0.0866059
-0.0863492
-0.0860962
-0.0858463
-0.0855995
-0.0853561
-0.0851154
-0.0848839
-0.0846609
-0.0844465
-0.0842409
-0.0840444
-0.083856
-0.0836754
-0.0835018
-0.0833355
-0.083176
-0.0830233
-0.0828771
-0.0827372
-0.0826037
-0.0824756
-0.0823523
-0.0822318
-0.0821117
-0.0819911
-0.0818708
-0.0817505
-0.0816298
-0.0815098
-0.0813895
-0.0812691
-0.0811492
-0.0810292
-0.0809093
-0.0807899
-0.0806704
-0.080551
-0.0804324
-0.0803138
-0.0801953
-0.0801362
-0.0800805
-0.080027
-0.0799861
-0.0799543
-0.0799286
-0.079902
-0.0798745
-0.0798448
-0.0798193
-0.0797895
-0.0797559
-0.0797211
-0.0796871
-0.079661
-0.0796195
-0.079578
-0.0795348
-0.0794963
-0.0794625
-0.079414
-0.0793643
-0.0793139
-0.0792858
-0.0792292
-0.0791731
-0.0791155
-0.0790584
-0.0790242
-0.0789604
-0.0788966
-0.0788312
-0.0787681
-0.0787372
-0.078665
-0.0785939
-0.0785212
-0.0784469
-0.0783709
-0.0782934
-0.0782143
-0.0781336
-0.0780514
-0.0779677
-0.0778824
-0.0777957
-0.0777076
-0.077618
-0.0775269
-0.0774344
-0.0773405
-0.0772452
-0.0771485
-0.0770505
-0.0769511
-0.0768503
-0.0767482
-0.0766448
-0.0765401
-0.076434
-0.0763267
-0.0762181
-0.0761083
-0.0759972
-0.0758848
-0.0757712
-0.0756564
-0.0755404
-0.0754232
-0.0753048
-0.0751852
-0.0750644
-0.0749425
-0.0748194
-0.0746952
-0.0745698
-0.0744433
-0.0743157
-0.074187
-0.0740572
-0.0739263
-0.0737943
-0.0736612
-0.0735271
-0.0733919
-0.0732557
-0.0731184
-0.0729801
-0.0728408
-0.0727004
-0.0725591
-0.0724167
-0.0722734
-0.072129
-0.0719837
-0.0718374
-0.0716902
-0.0715419
-0.0713928
-0.0712427
-0.0710916
-0.0709397
-0.0707868
-0.070633
-0.0704783
-0.0703227
-0.0701662
-0.0700088
-0.0698506
-0.0696915
-0.0695315
-0.0693706
-0.0692089
-0.0690464
-0.068883
-0.0687189
-0.0685539
-0.068388
-0.0682214
-0.068054
-0.0678858
-0.0677168
-0.067547
-0.0673765
-0.0672052
-0.0670331
-0.0668602
-0.066687
-0.0665127
-0.0663377
-0.066162
-0.0659855
-0.0658083
-0.0656306
-0.065453
-0.0652739
-0.0650939
-0.0649133
-0.064732
-0.06455
-0.0643673
-0.0641838
-0.0640001
-0.0638156
-0.0636304
-0.0634446
-0.0632583
-0.0630732
-0.0628925
-0.0627043
-0.0625156
-0.0623263
-0.0621365
-0.061946
-0.061755
-0.0615635
-0.0613714
-0.0611788
-0.0609857
-0.0607921
-0.060598
-0.0604034
-0.0602083
-0.0600127
-0.0598166
-0.0596201
-0.0594231
-0.0592257
-0.0590278
-0.0588295
-0.0586308
-0.0584317
-0.0582321
-0.0580322
-0.0578319
-0.0576311
-0.05743
-0.0572286
-0.0570268
-0.0568246
-0.0566221
-0.0564192
-0.0562161
-0.0560126
-0.0558088
-0.0556047
-0.0554003
-0.0551956
-0.0549906
-0.0547854
-0.0545799
-0.0543742
-0.0541682
-0.053962
-0.0537556
-0.0535489
-0.0533421
-0.053135
-0.0529278
-0.0527203
-0.0525127
-0.052305
-0.052097
-0.051889
-0.0516807
-0.0514724
-0.0512639
-0.0510553
-0.0508466
-0.0506378
-0.050429
-0.05022
-0.050011
-0.0498019
-0.0495927
-0.0493835
-0.0491743
-0.048965
-0.0487557
-0.0485464
-0.0483371
-0.0481278
-0.0479185
-0.0477092
-0.0475
-0.0472908
-0.0470816
-0.0468726
-0.0466635
-0.0464546
-0.0462457
-0.0460369
-0.0458282
-0.0456196
-0.0454111
-0.0452027
-0.0449945
-0.0447864
-0.0445785
-0.0443707
-0.044163
-0.0439556
-0.0437483
-0.0435412
-0.0433342
-0.0431275
-0.042921
-0.0427148
-0.0425088
-0.042303
-0.0420974
-0.041892
-0.0416869
-0.041482
-0.0412774
-0.0410731
-0.0408692
-0.0406659
-0.0404626
-0.0402595
-0.0400567
-0.0398542
-0.039652
-0.0394502
-0.0392486
-0.0390474
-0.0388472
-0.0386479
-0.038448
-0.0382484
-0.038049
-0.0378501
-0.0376515
-0.0374533
-0.0372555
-0.0370581
-0.0368612
-0.0366641
-0.0364683
-0.0362727
-0.0360775
-0.0358827
-0.0356883
-0.0354944
-0.035301
-0.0351081
-0.0349156
-0.0347243
-0.0345429
-0.0343521
-0.0341617
-0.0339718
-0.0337823
-0.0335932
-0.0334047
-0.0332167
-0.0330293
-0.0328423
-0.0326559
-0.03247
-0.0322847
-0.0320999
-0.0319157
-0.031732
-0.0315489
-0.0313663
-0.0311843
-0.0310029
-0.0308221
-0.0306419
-0.0304622
-0.0302831
-0.0301047
-0.0299268
-0.0297495
-0.0295728
-0.0293968
-0.0292213
-0.0290465
-0.0288723
-0.0286986
-0.0285257
-0.0283533
-0.0281816
-0.0280105
-0.02784
-0.0276702
-0.027501
-0.0273325
-0.0271646
-0.0269974
-0.0268308
-0.0266648
-0.0264995
-0.0263349
-0.0261709
-0.0260076
-0.025845
-0.025683
-0.0255217
-0.025361
-0.0252011
-0.0250418
-0.0248831
-0.0247252
-0.0245679
-0.0244113
-0.0242554
-0.0241001
-0.0239456
-0.0237917
-0.0236385
-0.023486
-0.0233342
-0.023183
-0.0230326
-0.0228828
-0.0227337
-0.0225853
-0.0224376
-0.0222906
-0.0221443
-0.0219987
-0.0218538
-0.0217095
-0.021566
-0.0214231
-0.021281
-0.0211395
-0.0209987
-0.0208586
-0.0207192
-0.0205805
-0.0204425
-0.0203052
-0.0201686
-0.0200326
-0.0198974
-0.0197629
-0.019629
-0.0194958
-0.0193633
-0.0192316
-0.0191005
-0.01897
-0.0188403
-0.0187113
-0.0185829
-0.0184552
-0.0183282
-0.0182019
-0.0180763
-0.0179513
-0.0178271
-0.0177035
-0.0175806
-0.0174584
-0.0173368
-0.0172159
-0.0170957
-0.0169762
-0.0168573
-0.0167391
-0.0166215
-0.0165047
-0.0163885
-0.0162729
-0.016158
-0.0160438
-0.0159302
-0.0158173
-0.0157051
-0.0155934
-0.0154825
-0.0153722
-0.0152625
-0.0151535
-0.0150452
-0.0149375
-0.0148304
-0.014724
-0.0146181
-0.014513
-0.0144084
-0.0143045
-0.0142012
-0.0140986
-0.0139965
-0.0138951
-0.0137943
-0.0136942
-0.0135946
-0.0134957
-0.0133973
-0.0132996
-0.0132025
-0.013106
-0.0130101
-0.0129148
-0.0128201
-0.0127261
-0.0126326
-0.0125397
-0.0124473
-0.0123556
-0.0122644
-0.0121738
-0.0120838
-0.0119944
-0.0119056
-0.0118173
-0.0117296
-0.0116424
-0.0115559
-0.0114699
-0.0113844
-0.0112995
-0.0112152
-0.0111314
-0.0110482
-0.0109655
-0.0108834
-0.0108018
-0.0107207
-0.0106402
-0.0105602
-0.0104809
-0.0104021
-0.0103237
-0.0102459
-0.0101686
-0.0100917
-0.0100155
-0.00993967
-0.00986441
-0.00978965
-0.00971539
-0.00964165
-0.0095684
-0.00949566
-0.00942341
-0.00935166
-0.00928041
-0.00920963
-0.00913936
-0.00906956
-0.00900025
-0.00893142
-0.00886305
-0.00879518
-0.00872776
-0.00866083
-0.00859436
-0.00852835
-0.0084628
-0.00839772
-0.0083331
-0.00826892
-0.0082052
-0.00814202
-0.00807941
-0.0080171
-0.00795521
-0.00789372
-0.00783267
-0.00777205
-0.00771185
-0.00765209
-0.00759275
-0.00753383
-0.00747534
-0.00741726
-0.0073596
-0.00730235
-0.00724552
-0.00718908
-0.00713308
-0.00707746
-0.00702226
-0.00696745
-0.00691304
-0.00685902
-0.0068054
-0.00675217
-0.00669932
-0.00664685
-0.00659479
-0.00654309
-0.00649177
-0.00644082
-0.00639025
-0.00634007
-0.00629023
-0.00624078
-0.00619169
-0.00614294
-0.00609458
-0.00604657
-0.00599889
-0.00595159
-0.00590465
-0.00585803
-0.00581178
-0.00576586
-0.00572023
-0.00567503
-0.00563013
-0.00558556
-0.00554136
-0.00549745
-0.00545389
-0.00541065
-0.00536772
-0.00532513
-0.00528286
-0.00524091
-0.00519925
-0.00515793
-0.00511692
-0.00507621
-0.0050358
-0.00499572
-0.00495593
-0.00491644
-0.00487725
-0.00483835
-0.00479974
-0.00476147
-0.00472345
-0.00468571
-0.00464829
-0.00461115
-0.00457427
-0.00453769
-0.00450139
-0.00446536
-0.00442961
-0.00439414
-0.00435894
-0.00432399
-0.00428934
-0.00425492
-0.0042208
-0.00418693
-0.00415331
-0.00411996
-0.00408686
-0.00405402
-0.00402143
-0.00398909
-0.00395701
-0.00392516
-0.00389356
-0.00386223
-0.00383112
-0.00380027
-0.00376963
-0.00373925
-0.0037091
-0.00367919
-0.00364951
-0.00362006
-0.00359084
-0.00356184
-0.00353307
-0.00350453
-0.00347621
-0.00344811
-0.00342073
-0.00339335
-0.00336598
-0.00333878
-0.00331176
-0.00328494
-0.00325837
-0.00323198
-0.0032058
-0.00317981
-0.00315404
-0.00312846
-0.00310309
-0.00307792
-0.00305295
-0.00302817
-0.00300359
-0.0029792
-0.002955
-0.002931
-0.00290718
-0.00288353
-0.00286011
-0.00283685
-0.00281378
-0.0027909
-0.00276819
-0.00274566
-0.00272331
-0.00270114
-0.00267914
-0.00265732
-0.00263567
-0.0026142
-0.00259289
-0.00257175
-0.00255079
-0.00252998
-0.00250935
-0.00248888
-0.00246857
-0.00244842
-0.00242843
-0.00240861
-0.00238894
-0.00236943
-0.00235007
-0.00233087
-0.00231184
-0.00229294
-0.00227419
-0.00225559
-0.00223715
-0.00221885
-0.00220069
-0.00218269
-0.00216483
-0.00214711
-0.00212953
-0.0021121
-0.0020948
-0.00207764
-0.00206062
-0.00204374
-0.00202699
-0.00201038
-0.0019939
-0.00197756
-0.00196134
-0.00194526
-0.0019293
-0.00191348
-0.00189778
-0.00188221
-0.00186676
-0.00185144
-0.00183624
-0.00182116
-0.00180621
-0.00179138
-0.00177666
-0.00176207
-0.00174759
-0.00173323
-0.00171899
-0.00170486
-0.00169084
-0.00167692
-0.00166315
-0.00164947
-0.00163591
-0.00162245
-0.0016091
-0.00159586
-0.00158273
-0.00156971
-0.00155679
-0.00154397
-0.00153126
-0.00151865
-0.00150615
-0.00149374
-0.00148144
-0.00146923
-0.00145713
-0.00144512
-0.00143321
-0.0014214
-0.00140969
-0.00139807
-0.00138654
-0.00137511
-0.00136377
-0.00135252
-0.00134136
-0.0013303
-0.00131933
-0.00130844
-0.00129764
-0.00128694
-0.00127631
-0.00126578
-0.00125533
-0.00124497
-0.00123469
-0.00122449
-0.00121438
-0.00120435
-0.00119441
-0.00118454
-0.00117475
-0.00116505
-0.00115542
-0.00114587
-0.0011364
-0.00112701
-0.0011177
-0.00110846
-0.00109929
-0.00109021
-0.00108119
-0.00107224
-0.00106339
-0.00105459
-0.00104587
-0.00103722
-0.00102863
-0.00102012
-0.00101168
-0.00100331
-0.000995004
-0.000986769
-0.000978601
-0.000970501
-0.000962466
-0.000954498
-0.000946595
-0.000938757
-0.000930984
-0.000923274
-0.000915627
-0.000908044
-0.000900522
-0.000893062
-0.000885664
-0.000878326
-0.000871048
-0.000863831
-0.000856672
-0.000849572
-0.000842531
-0.000835548
-0.000828622
-0.000821753
-0.000814941
-0.000808184
-0.000801484
-0.000794838
-0.000788247
-0.00078171
-0.000775227
-0.000768797
-0.00076242
-0.000756096
-0.000749824
-0.000743603
-0.000737434
-0.000731316
-0.000725247
-0.000719229
-0.00071326
-0.000707341
-0.00070147
-0.000695648
-0.000689874
-0.000684147
-0.000678468
-0.000672835
-0.000667249
-0.000661709
-0.000656215
-0.000650766
-0.000645362
-0.000640003
-0.000634687
-0.000629416
-0.000624188
-0.000619004
-0.000613862
-0.000608762
-0.000603705
-0.000598689
-0.000593715
-0.000588777
-0.00058387
-0.000579038
-0.000574217
-0.000569454
-0.000564716
-0.000560027
-0.00055537
-0.000550756
-0.000546176
-0.000541637
-0.000537133
-0.000532668
-0.000528239
-0.000523846
-0.000519491
-0.000515171
-0.000510887
-0.000506639
-0.000502425
-0.000498246
-0.000494102
-0.000489993
-0.000485917
-0.000481875
-0.000477866
-0.000473891
-0.000469948
-0.000466038
-0.00046216
-0.000458315
-0.000454501
-0.000450719
-0.000446968
-0.000443248
-0.000439559
-0.000435901
-0.000432273
-0.000428675
-0.000425107
-0.000421568
-0.000418059
-0.000414578
-0.000411127
-0.000407704
-0.00040431
-0.000400944
-0.000397606
-0.000394295
-0.000391011
-0.000387755
-0.000384526
-0.000381323
-0.000378147
-0.000374998
-0.000371874
-0.000368777
-0.000365705
-0.000362658
-0.000359637
-0.000356641
-0.00035367
-0.000350724
-0.000347802
-0.000344904
-0.00034203
-0.00033918
-0.000336353
-0.000333551
-0.000330771
-0.000328015
-0.000325281
-0.00032257
-0.000319882
-0.000317216
-0.000314572
-0.00031195
-0.000309349
-0.000306771
-0.000304214
-0.000301679
-0.000299165
-0.000296667
-0.000294196
-0.000291743
-0.000289311
-0.000286897
-0.000284506
-0.000282133
-0.000279782
-0.000277446
-0.000275134
-0.000272838
-0.000270564
-0.000268306
-0.00026607
-0.000263849
-0.00026165
-0.000259466
-0.000257303
-0.000255155
-0.000253028
-0.000250916
-0.000248827
-0.000246749
-0.000244685
-0.000242649
-0.000240627
-0.00023862
-0.000236629
-0.000234654
-0.000232695
-0.000230753
-0.000228827
-0.000226917
-0.000225023
-0.000223144
-0.000221282
-0.000219435
-0.000217603
-0.000215787
-0.000213986
-0.000212199
-0.000210428
-0.000208671
-0.000206929
-0.000205202
-0.000203488
-0.000201789
-0.000200104
-0.000198433
-0.000196776
-0.000195133
-0.000193504
-0.000191888
-0.000190286
-0.000188697
-0.000187121
-0.000185559
-0.000184009
-0.000182472
-0.000180948
-0.000179437
-0.000177939
-0.000176453
-0.000174979
-0.000173517
-0.000172068
-0.000170631
-0.000169206
-0.000167793
-0.000166391
-0.000165001
-0.000163623
-0.000162256
-0.0001609
-0.000159556
-0.000158223
-0.000156901
-0.00015559
-0.00015429
-0.000153001
-0.000151722
-0.000150454
-0.000149197
-0.00014795
-0.000146713
-0.000145487
-0.000144271
-0.000143065
-0.000141869
-0.000140684
-0.000139508
-0.000138342
-0.000137185
-0.000136039
-0.000134901
-0.000133774
-0.000132655
-0.000131546
-0.000130446
-0.000129356
-0.000128274
-0.000127201
-0.000126138
-0.000125083
-0.000124037
-0.000123
-0.000121972
-0.000120952
-0.00011994
-0.000118937
-0.000117942
-0.000116956
-0.000115978
-0.000115008
-0.000114046
-0.000113092
-0.000112146
-0.000111208
-0.000110277
-0.000109355
-0.00010844
-0.000107533
-0.000106633
-0.000105741
-0.000104856
-0.000103979
-0.000103109
-0.000102246
-0.00010139
-0.000100542
-9.97005e-05
-9.88662e-05
-9.80043e-05
-9.71938e-05
-9.63943e-05
-9.55779e-05
-9.4788e-05
-9.39864e-05
-9.32076e-05
-9.24208e-05
-9.16536e-05
-9.0881e-05
-9.01254e-05
-8.93667e-05
-8.86228e-05
-8.78776e-05
-8.71454e-05
-8.64131e-05
-8.56923e-05
-8.49727e-05
-8.42635e-05
-8.35563e-05
-8.28586e-05
-8.21636e-05
-8.14778e-05
-8.07944e-05
-8.0119e-05
-7.94473e-05
-7.87831e-05
-7.81227e-05
-7.74693e-05
-7.68201e-05
-7.61775e-05
-7.55392e-05
-7.49071e-05
-7.42795e-05
-7.36579e-05
-7.30407e-05
-7.24293e-05
-7.18225e-05
-7.12212e-05
-7.06245e-05
-7.00331e-05
-6.94463e-05
-6.88647e-05
-6.82878e-05
-6.77159e-05
-6.71485e-05
-6.6586e-05
-6.6028e-05
-6.54748e-05
-6.49261e-05
-6.43821e-05
-6.38426e-05
-6.33076e-05
-6.2777e-05
-6.2251e-05
-6.17292e-05
-6.12119e-05
-6.06988e-05
-6.01901e-05
-5.96856e-05
-5.91853e-05
-5.86892e-05
-5.81972e-05
-5.77093e-05
-5.72255e-05
-5.67457e-05
-5.627e-05
-5.57983e-05
-5.53305e-05
-5.48666e-05
-5.44065e-05
-5.39503e-05
-5.3498e-05
-5.30494e-05
-5.26045e-05
-5.21634e-05
-5.17259e-05
-5.12921e-05
-5.08619e-05
-5.04354e-05
-5.00124e-05
-4.95929e-05
-4.91769e-05
-4.87644e-05
-4.83554e-05
-4.79497e-05
-4.75475e-05
-4.71486e-05
-4.67531e-05
-4.63609e-05
-4.59719e-05
-4.55862e-05
-4.52037e-05
-4.48245e-05
-4.44483e-05
-4.40754e-05
-4.37055e-05
-4.33388e-05
-4.29751e-05
-4.26144e-05
-4.22568e-05
-4.19022e-05
-4.15505e-05
-4.12018e-05
-4.0856e-05
-4.0513e-05
-4.0173e-05
-3.98358e-05
-3.95014e-05
-3.91698e-05
-3.88409e-05
-3.85148e-05
-3.81915e-05
-3.78708e-05
-3.75528e-05
-3.72375e-05
-3.69248e-05
-3.66148e-05
-3.63073e-05
-3.60018e-05
-3.57013e-05
-3.5402e-05
-3.5105e-05
-3.48103e-05
-3.4518e-05
-3.4228e-05
-3.39404e-05
-3.36553e-05
-3.33724e-05
-3.3092e-05
-3.28138e-05
-3.2538e-05
-3.22645e-05
-3.19933e-05
-3.17243e-05
-3.14576e-05
-3.11931e-05
-3.09308e-05
-3.06708e-05
-3.04128e-05
-3.01571e-05
-2.99035e-05
-2.9652e-05
-2.94027e-05
-2.91554e-05
-2.89102e-05
-2.86671e-05
-2.84261e-05
-2.8187e-05
-2.795e-05
-2.77149e-05
-2.74818e-05
-2.72507e-05
-2.70215e-05
-2.67943e-05
-2.65686e-05
-2.63452e-05
-2.61236e-05
-2.5904e-05
-2.56863e-05
-2.54703e-05
-2.52562e-05
-2.50438e-05
-2.48332e-05
-2.46243e-05
-2.44172e-05
-2.42118e-05
-2.40081e-05
-2.38061e-05
-2.36058e-05
-2.34072e-05
-2.32102e-05
-2.30149e-05
-2.28212e-05
-2.26292e-05
-2.24387e-05
-2.22499e-05
-2.20626e-05
-2.18769e-05
-2.16927e-05
-2.15101e-05
-2.1329e-05
-2.11494e-05
-2.09714e-05
-2.07948e-05
-2.06197e-05
-2.04461e-05
-2.0274e-05
-2.01032e-05
-1.9934e-05
-1.97661e-05
-1.95996e-05
-1.94346e-05
-1.92709e-05
-1.91086e-05
-1.89477e-05
-1.87881e-05
-1.86298e-05
-1.84729e-05
-1.83173e-05
-1.81629e-05
-1.80099e-05
-1.78582e-05
-1.77077e-05
-1.75585e-05
-1.74101e-05
-1.72616e-05
-1.71158e-05
-1.69713e-05
-1.68281e-05
-1.66861e-05
-1.65455e-05
-1.64061e-05
-1.62679e-05
-1.61308e-05
-1.5995e-05
-1.58602e-05
-1.57266e-05
-1.55941e-05
-1.54627e-05
-1.53324e-05
-1.52032e-05
-1.50751e-05
-1.49481e-05
-1.48222e-05
-1.46973e-05
-1.45735e-05
-1.44507e-05
-1.43289e-05
-1.42081e-05
-1.40884e-05
-1.39697e-05
-1.38519e-05
-1.37352e-05
-1.36194e-05
-1.35046e-05
-1.33907e-05
-1.32778e-05
-1.31658e-05
-1.30548e-05
-1.29446e-05
-1.28354e-05
-1.27271e-05
-1.26197e-05
-1.25132e-05
-1.24076e-05
-1.23029e-05
-1.21991e-05
-1.20961e-05
-1.19939e-05
-1.18927e-05
-1.17922e-05
-1.16926e-05
-1.15939e-05
-1.14959e-05
-1.13988e-05
-1.13025e-05
-1.1207e-05
-1.11123e-05
-1.10184e-05
-1.09253e-05
-1.0833e-05
-1.07414e-05
-1.06506e-05
-1.05606e-05
-1.04713e-05
-1.03827e-05
-1.0295e-05
-1.02079e-05
-1.01216e-05
-1.0036e-05
-9.95263e-06
-9.86824e-06
-9.78507e-06
-9.70258e-06
-9.6207e-06
-9.53941e-06
-9.45873e-06
-9.37867e-06
-9.29926e-06
-9.22052e-06
-9.14243e-06
-9.06501e-06
-8.98824e-06
-8.91212e-06
-8.83664e-06
-8.7618e-06
-8.68758e-06
-8.61398e-06
-8.541e-06
-8.46862e-06
-8.39684e-06
-8.32566e-06
-8.25508e-06
-8.18508e-06
-8.11567e-06
-8.04683e-06
-7.97858e-06
-7.91089e-06
-7.84377e-06
-7.77722e-06
-7.71123e-06
-7.64579e-06
-7.58091e-06
-7.51657e-06
-7.45278e-06
-7.38952e-06
-7.3268e-06
-7.26461e-06
-7.20292e-06
-7.14176e-06
-7.08113e-06
-7.02102e-06
-6.96143e-06
-6.90243e-06
-6.8439e-06
-6.78581e-06
-6.72823e-06
-6.67112e-06
-6.6145e-06
-6.55835e-06
-6.50267e-06
-6.44746e-06
-6.39271e-06
-6.33842e-06
-6.28459e-06
-6.23122e-06
-6.17749e-06
-6.12653e-06
-6.07412e-06
-6.02217e-06
-5.97078e-06
-5.91991e-06
-5.86952e-06
-5.81959e-06
-5.77009e-06
-5.721e-06
-5.67233e-06
-5.62407e-06
-5.57621e-06
-5.52876e-06
-5.4817e-06
-5.43505e-06
-5.38879e-06
-5.34292e-06
-5.29745e-06
-5.25236e-06
-5.20766e-06
-5.16334e-06
-5.1194e-06
-5.07584e-06
-5.03265e-06
-4.98983e-06
-4.94738e-06
-4.9053e-06
-4.86357e-06
-4.82221e-06
-4.78119e-06
-4.74053e-06
-4.70022e-06
-4.66025e-06
-4.62108e-06
-4.58181e-06
-4.54272e-06
-4.50388e-06
-4.46426e-06
-4.42542e-06
-4.38766e-06
-4.35024e-06
-4.31319e-06
-4.27653e-06
-4.24026e-06
-4.20434e-06
-4.16877e-06
-4.13352e-06
-4.09857e-06
-4.06391e-06
-4.03187e-06
-3.99658e-06
-3.96361e-06
-3.93073e-06
-3.89781e-06
-3.8649e-06
-3.8321e-06
-3.7974e-06
-3.76594e-06
-3.73308e-06
-3.70058e-06
-3.66856e-06
-3.63704e-06
-3.60593e-06
-3.57518e-06
-3.54473e-06
-3.51455e-06
-3.48463e-06
-3.45494e-06
-3.42548e-06
-3.39626e-06
-3.36727e-06
-3.33851e-06
-3.30998e-06
-3.28169e-06
-3.25363e-06
-3.2258e-06
-3.19822e-06
-3.17086e-06
-3.14374e-06
-3.11684e-06
-3.09017e-06
-3.06374e-06
-3.03753e-06
-3.01155e-06
-2.98579e-06
-2.96024e-06
-2.93491e-06
-2.90979e-06
-2.88489e-06
-2.8602e-06
-2.83571e-06
-2.81143e-06
-2.78736e-06
-2.76349e-06
-2.73983e-06
-2.71636e-06
-2.69309e-06
-2.67002e-06
-2.64714e-06
-2.62446e-06
-2.60197e-06
-2.57966e-06
-2.55755e-06
-2.53562e-06
-2.51388e-06
-2.49232e-06
-2.47095e-06
-2.44976e-06
-2.42874e-06
-2.40791e-06
-2.38725e-06
-2.36677e-06
-2.34646e-06
-2.32632e-06
-2.30636e-06
-2.28657e-06
-2.26694e-06
-2.24749e-06
-2.22819e-06
-2.20907e-06
-2.19011e-06
-2.1713e-06
-2.15266e-06
-2.13418e-06
-2.11586e-06
-2.10055e-06
-2.0813e-06
-2.06383e-06
-2.04659e-06
-2.02937e-06
-2.01213e-06
-1.99491e-06
-1.97775e-06
-1.96069e-06
-1.94376e-06
-1.92698e-06
-1.91033e-06
-1.89384e-06
-1.8775e-06
-1.86129e-06
-1.84523e-06
-1.8293e-06
-1.8135e-06
-1.79783e-06
-1.78229e-06
-1.76688e-06
-1.7516e-06
-1.73644e-06
-1.72141e-06
-1.7065e-06
-1.69172e-06
-1.67706e-06
-1.66253e-06
-1.64812e-06
-1.63383e-06
-1.61967e-06
-1.60563e-06
-1.59171e-06
-1.57792e-06
-1.56424e-06
-1.55069e-06
-1.53725e-06
-1.52393e-06
-1.51072e-06
-1.49764e-06
-1.48466e-06
-1.4718e-06
-1.45905e-06
-1.44642e-06
-1.43389e-06
-1.42147e-06
-1.40916e-06
-1.39695e-06
-1.38486e-06
-1.37286e-06
-1.36097e-06
-1.34919e-06
-1.3375e-06
-1.32592e-06
-1.31443e-06
-1.30304e-06
-1.29176e-06
-1.28057e-06
-1.26947e-06
-1.25847e-06
-1.24757e-06
-1.23675e-06
-1.22604e-06
-1.21541e-06
-1.20227e-06
-1.19331e-06
-1.18231e-06
-1.17141e-06
-1.16082e-06
-1.15053e-06
-1.14049e-06
-1.13064e-06
-1.12092e-06
-1.11131e-06
-1.10177e-06
-1.09231e-06
-1.08292e-06
-1.0736e-06
-1.06435e-06
-1.05518e-06
-1.04608e-06
-1.03706e-06
-1.02811e-06
-1.01924e-06
-1.01046e-06
-1.00174e-06
-9.9311e-07
-9.8455e-07
-9.76065e-07
-9.67652e-07
-9.59312e-07
-9.51042e-07
-9.42841e-07
-9.34709e-07
-9.26644e-07
-9.18646e-07
-9.10713e-07
-9.02845e-07
-8.95041e-07
-8.873e-07
-8.79623e-07
-8.72008e-07
-8.64454e-07
-8.56962e-07
-8.49531e-07
-8.4216e-07
-8.34849e-07
-8.27598e-07
-8.20407e-07
-8.13274e-07
-8.062e-07
-7.99184e-07
-7.92226e-07
-7.85326e-07
-7.78483e-07
-7.71696e-07
-7.64966e-07
-7.58292e-07
-7.51674e-07
-7.44965e-07
-7.38437e-07
-7.32032e-07
-7.25717e-07
-7.19469e-07
-7.13272e-07
-7.07116e-07
-7.00993e-07
-6.94904e-07
-6.88849e-07
-6.82831e-07
-6.76854e-07
-6.70919e-07
-6.65031e-07
-6.59191e-07
-6.534e-07
-6.47658e-07
-6.41967e-07
-6.36325e-07
-6.30733e-07
-6.25188e-07
-6.19692e-07
-6.14243e-07
-6.0884e-07
-6.03483e-07
-5.9817e-07
-5.92903e-07
-5.87679e-07
-5.82499e-07
-5.77362e-07
-5.72269e-07
-5.67218e-07
-5.6221e-07
-5.57244e-07
-5.52321e-07
-5.47439e-07
-5.42599e-07
-5.37801e-07
-5.33044e-07
-5.28328e-07
-5.23653e-07
-5.19019e-07
-5.14425e-07
-5.09871e-07
-5.05357e-07
-5.00882e-07
-4.96447e-07
-4.92051e-07
-4.87693e-07
-4.83373e-07
-4.79092e-07
-4.74848e-07
-4.70641e-07
-4.66471e-07
-4.62338e-07
4.58459e-07
4.57371e-07
4.5628e-07
4.55186e-07
4.54089e-07
4.52988e-07
4.51885e-07
4.50779e-07
4.4967e-07
4.48559e-07
4.47444e-07
4.46327e-07
4.45208e-07
4.44086e-07
4.42962e-07
4.41836e-07
4.40707e-07
4.39577e-07
4.38444e-07
4.37309e-07
4.36173e-07
4.35034e-07
4.33894e-07
4.32752e-07
4.31608e-07
4.30463e-07
4.29316e-07
4.28168e-07
4.27018e-07
4.25867e-07
4.24715e-07
4.23562e-07
4.22408e-07
4.21253e-07
4.20096e-07
4.18938e-07
4.17779e-07
4.1662e-07
4.15459e-07
4.14298e-07
4.13136e-07
4.11973e-07
4.1081e-07
4.09646e-07
4.08482e-07
4.07318e-07
4.06153e-07
4.04988e-07
4.03822e-07
4.02656e-07
4.0149e-07
4.00324e-07
3.99158e-07
3.97992e-07
3.96826e-07
3.9566e-07
3.94494e-07
3.93328e-07
3.92162e-07
3.90996e-07
3.89831e-07
3.88666e-07
3.87502e-07
3.86337e-07
3.85174e-07
3.8401e-07
3.82847e-07
3.81685e-07
3.80523e-07
3.79362e-07
3.78202e-07
3.77042e-07
3.75883e-07
3.74725e-07
3.73567e-07
3.7241e-07
3.71255e-07
3.701e-07
3.68946e-07
3.67793e-07
3.66641e-07
3.6549e-07
3.6434e-07
3.63192e-07
3.62044e-07
3.60898e-07
3.59752e-07
3.58609e-07
3.57466e-07
3.56324e-07
3.55184e-07
3.54045e-07
3.52908e-07
3.51772e-07
3.50637e-07
3.49504e-07
