393.099
2.21112
5.74964
8.85439
8.62914
8.26585
7.69129
7.18977
6.69848
6.25745
5.8217
5.44311
5.06463
4.83532
4.53052
4.38517
4.23873
4.06656
4.01329
3.85091
3.8482
3.78423
3.70066
3.69006
3.70311
3.61346
3.67892
3.60749
3.61212
3.61968
3.69198
3.60226
3.67416
3.61604
3.67341
3.73819
3.66692
3.75822
3.7375
3.74844
3.73441
3.81402
3.80751
3.88626
3.81168
3.88161
3.95757
3.9012
3.96007
4.0253
3.97367
4.02341
4.09459
4.03999
4.09835
4.17178
4.09572
4.1668
4.23929
4.18051
4.25624
4.3145
4.26694
4.32399
4.38525
4.34885
4.39091
4.46449
4.47016
4.46328
4.479
4.55171
4.54187
4.56914
4.62599
4.6502
4.6908
4.61418
4.76447
4.69513
4.76667
4.77503
4.84448
4.79046
4.91836
4.85474
4.92543
4.92354
4.98283
4.9867
4.98403
5.06077
5.06337
5.09419
5.13371
5.15136
5.1331
5.2141
5.21019
5.21391
5.28692
5.27977
5.30184
5.35198
5.38433
5.35189
5.42727
5.42865
5.499
5.50659
5.50253
5.51612
5.59725
5.58768
5.63973
5.63753
5.64729
5.72926
5.78035
5.77494
5.78879
5.865
5.85647
5.85828
5.93743
5.92139
5.93112
6.00611
6.00713
6.07828
6.07888
6.08335
6.14807
6.1475
6.1559
6.21336
6.21825
6.23192
6.28747
6.28991
6.36721
6.37228
6.38365
6.36776
6.44494
6.52743
6.4455
6.51839
6.59133
6.51065
6.60294
6.6553
6.67271
6.66974
6.75216
6.7336
6.72276
6.80484
6.8049
6.8109
6.88258
6.8819
6.88821
6.953
6.94579
7.02895
7.0205
7.02782
7.02658
7.09348
7.08996
7.19745
7.17318
7.16366
7.24306
7.26066
7.25196
7.32113
7.31364
7.31888
7.39673
7.3861
7.39127
7.46147
7.4648
7.46479
7.53268
7.52231
7.54897
7.62265
7.60646
7.60498
7.67057
7.68401
7.67937
7.7487
7.75384
7.74939
7.84933
7.8404
7.82907
7.91042
7.83423
7.90824
7.95716
7.97652
7.97278
7.97558
8.05598
8.03962
8.04762
8.11002
8.03372
8.11132
8.19662
8.11715
8.19892
8.18709
8.26493
8.26174
8.26838
8.25724
8.33108
8.33492
8.33122
8.33357
8.4027
8.39441
8.39074
8.40144
8.47212
8.47293
8.47713
8.47597
8.53911
8.4785
8.54871
8.54749
8.60591
8.5547
8.61849
8.61985
8.60919
8.68899
8.70989
8.68621
8.69844
8.69083
8.77526
8.69311
8.76694
8.76227
8.75993
8.83881
8.76871
8.83698
8.83699
8.83699
8.84634
8.90747
8.83632
8.91232
8.92828
8.90917
8.92014
8.91088
8.98872
8.9201
8.98912
8.98684
8.97279
8.99363
8.99244
8.98823
9.05959
8.98667
9.07749
9.06423
9.05227
9.06291
9.06712
9.0527
9.06026
9.06043
9.0682
9.13402
9.06997
9.1279
9.063
9.1217
9.12557
9.06999
9.13275
9.12112
9.13234
9.12549
9.13184
9.13085
9.13003
9.1304
9.12818
9.13505
9.13429
9.13551
9.12803
9.1196
9.1374
9.12456
9.13593
9.14343
9.12755
9.12584
9.13003
9.11764
9.1274
9.12397
9.11143
9.12139
9.04286
9.13934
9.13439
9.07058
9.13702
9.05889
9.13557
9.07262
9.0516
9.05905
9.04656
9.05935
9.05878
9.06369
9.06156
8.98611
9.05653
8.97974
8.99842
9.00748
8.98444
8.98316
9.00138
9.0092
8.91582
8.99062
8.91037
8.91718
8.91824
8.91747
8.91105
8.85359
8.92168
8.84447
8.83473
8.85798
8.84103
8.84212
8.77237
8.76645
8.75923
8.75422
8.76646
8.68918
8.76125
8.6844
8.69299
8.69304
8.61869
8.69779
8.63062
8.62137
8.63735
8.56629
8.61844
8.54706
8.54043
8.5418
8.45384
8.47823
8.47603
8.47454
8.40891
8.46521
8.39191
8.40472
8.32871
8.31641
8.31596
8.33021
8.32355
8.24732
8.23976
8.23985
8.17428
8.16586
8.17028
8.17119
8.09371
8.09827
8.08884
8.09712
8.02443
8.04004
8.03866
7.95249
7.96066
7.94624
7.95621
7.88433
7.88908
7.88054
7.83009
7.80537
7.8076
7.73404
7.81519
7.73338
7.66715
7.66655
7.67489
7.67122
7.586
7.59205
7.58249
7.52171
7.51402
7.51663
7.45172
7.4421
7.44174
7.44858
7.3658
7.36216
7.28936
7.3003
7.29215
7.30856
7.22154
7.22502
7.14521
7.1557
7.16727
7.14555
7.07918
7.07572
6.99529
7.00305
7.00792
6.95275
6.95416
6.9571
6.95426
6.8815
6.8798
6.80357
6.80533
6.81434
6.73354
6.74128
6.7348
6.66196
6.66185
6.66062
6.58164
6.57838
6.57158
6.49803
6.49049
6.41216
6.41942
6.41743
6.4087
6.34015
6.3558
6.27511
6.26752
6.27874
6.19966
6.19397
6.19946
6.11687
6.12483
6.1314
6.05345
6.06687
6.05325
5.98764
5.98358
5.90402
5.97698
5.90811
5.82829
5.83424
5.82953
5.77558
5.75856
5.76391
5.7611
5.69286
5.68115
5.60625
5.60527
5.62826
5.54703
5.54116
5.53716
5.45674
5.46844
5.46073
5.3902
5.39569
5.38664
5.31743
5.31462
5.30983
5.24141
5.23362
5.23178
5.17975
5.17042
5.16453
5.09557
5.092
5.09277
5.01854
5.03492
5.02019
4.94789
4.95271
4.95149
4.87908
4.87533
4.86799
4.8029
4.80519
4.80653
4.72987
4.72812
4.73531
4.7367
4.66172
4.66184
4.57704
4.59701
4.58345
4.58193
4.5095
4.50355
4.51849
4.44238
4.44037
4.43853
4.36218
4.4503
4.29634
4.36862
4.2799
4.29521
4.29706
4.21484
4.21763
4.21637
4.14467
4.22274
4.15476
4.08637
4.13938
4.07647
4.07652
4.00191
4.00001
4.00803
3.9985
3.92384
3.92787
3.92405
3.93153
3.85756
3.84558
3.85039
3.78176
3.78164
3.77902
3.78011
3.70473
3.70598
3.69966
3.70259
3.62861
3.63448
3.62506
3.56365
3.64024
3.55249
3.55183
3.49571
3.47863
3.48991
3.48895
3.48288
3.40797
3.41343
3.4085
3.33707
3.42994
3.34495
3.34386
3.26302
3.33769
3.26685
3.2599
3.19117
3.12132
3.18393
3.19607
3.12056
3.18499
3.11613
3.11457
3.04933
3.11761
3.0604
3.04607
3.05345
2.97087
3.04082
2.97418
2.9739
2.97317
2.89829
2.9015
2.89525
2.90699
2.90196
2.83069
2.8996
2.82645
2.82269
2.75094
2.82463
2.75616
2.60397
2.74668
2.67835
2.6826
2.75035
2.68068
2.59782
2.68063
2.60223
2.60969
2.60839
2.59653
2.61016
2.53003
2.61473
2.53628
2.53166
2.46281
2.53402
2.46282
2.53286
2.45446
2.45311
2.38345
2.45387
2.39384
2.45201
2.389
2.38612
2.31939
2.38589
2.31184
2.30998
2.38896
2.24024
2.30943
2.17139
2.22911
2.23327
2.23581
2.23266
2.23281
2.16729
2.24135
2.15977
2.16716
2.15922
2.15812
2.15913
2.08625
2.1602
2.08936
2.10128
2.10686
2.09452
2.09299
2.03005
2.09568
2.02997
2.03324
2.02539
2.0196
2.02814
2.01969
1.94929
1.94549
2.01582
1.94533
1.94463
1.94907
1.95006
1.86741
1.95059
1.87945
1.86243
1.95338
1.87449
1.86638
1.78896
1.86876
1.87188
1.79632
1.88017
1.79439
1.80277
1.79497
1.79559
1.79158
1.56703
1.79935
1.71951
1.72127
1.7873
1.72861
1.7309
1.71708
1.65162
1.72342
1.72196
1.64713
1.65136
1.7216
1.64958
1.64977
1.64759
1.64581
1.64294
1.57058
1.64573
1.65152
1.5748
1.58957
1.65432
1.57586
1.57612
1.57762
1.57596
1.58987
1.58372
1.50516
1.57398
1.51042
1.57598
1.52826
1.51586
1.50036
1.49968
1.50307
1.49695
1.50848
1.50751
1.50175
1.49586
1.43594
1.50397
1.42771
1.50031
1.4281
1.42491
1.43058
1.4291
1.44209
1.44245
1.42251
1.42616
1.42539
1.42365
1.42443
1.42841
1.35141
1.43629
1.35548
1.36189
1.35205
1.42332
1.34979
1.35569
1.35337
1.35943
1.35753
1.37405
1.35926
1.34993
1.36147
1.34829
1.35593
1.35652
1.35818
1.36056
1.35381
1.28231
1.28152
1.29184
1.28118
1.28025
1.28153
1.2735
1.26967
1.28698
1.28425
1.26738
1.27376
1.27365
1.27591
1.28026
1.27659
1.27336
1.27072
1.27046
1.26709
1.26839
1.27739
1.27479
1.29862
1.28137
1.27883
1.27639
1.19961
1.20473
1.19273
1.20445
1.1971
1.19909
1.19804
1.19665
1.20434
1.19975
1.20483
1.20067
1.20308
1.19259
1.20221
1.19996
1.19113
1.20971
1.20738
1.20952
1.20331
1.19274
1.20034
1.19911
1.19255
1.20465
1.19993
1.21151
1.20857
1.19909
1.19896
1.20578
1.19762
1.19194
1.19454
1.20166
1.20095
1.20257
1.19633
1.12559
1.12786
1.1218
1.13304
1.12504
1.13437
1.13123
1.12723
1.12617
1.1291
1.12608
1.12839
1.12898
1.12709
1.12658
1.12622
1.12638
1.13041
1.12624
1.11764
1.12712
1.12087
1.12182
1.12583
1.12688
1.12519
1.12056
1.12038
1.12324
1.12599
1.13487
1.13622
1.12569
1.12526
1.11576
1.12404
1.13293
1.11993
1.11622
1.118
1.12923
1.12292
1.11987
1.12309
1.11534
1.11991
1.1201
1.11912
1.11525
1.12727
1.124
1.13292
1.12045
1.04718
1.11937
1.06134
1.04918
1.05239
1.0424
1.05237
1.04781
1.05553
1.04263
1.05395
1.0518
1.05402
1.04256
1.0468
1.04526
1.06068
1.0411
1.04502
1.05497
1.04513
1.04723
1.04126
1.0507
1.05706
1.04402
1.06209
1.05154
1.04175
1.0447
1.04673
1.04336
1.04757
1.04453
1.053
1.06135
1.05388
1.05353
1.04582
1.0436
1.05012
1.05099
1.0668
1.06879
1.05714
1.04219
1.04546
1.05467
1.06119
1.04977
1.04491
1.04075
1.04103
1.03803
1.04333
1.03913
1.04663
1.05618
1.05114
1.05467
1.04103
1.05491
1.04398
1.04858
1.05606
1.04329
1.05181
1.05161
1.05111
1.04971
1.04818
1.04547
1.04667
1.0524
0.971975
0.975339
0.984638
0.971973
0.971124
0.974504
0.966052
0.968617
0.969294
0.967868
0.962033
0.973529
0.991403
0.977469
0.963685
0.964301
0.959669
0.978339
0.966906
0.975647
0.96281
0.96999
0.976677
0.975468
0.964394
0.964257
0.959977
0.956116
0.964742
0.9658
0.961376
0.965326
0.964931
0.972305
0.977622
0.977931
0.97568
0.975443
0.972333
0.961717
0.963739
0.959326
0.96477
0.963878
0.966262
0.969639
0.959237
0.960804
0.962167
0.954173
0.960789
0.961746
0.962873
0.965828
0.967053
0.970324
0.964022
0.964636
0.962435
0.963216
0.963001
0.961557
0.957355
0.969597
0.978275
0.972002
0.965071
0.960943
0.963655
0.961636
0.959116
0.96594
0.958816
0.960331
0.967096
0.963336
0.970286
0.963227
0.975957
0.982894
0.891761
0.962444
0.888099
0.967575
0.900648
0.960377
0.887284
0.966827
0.908243
0.964554
0.89163
0.964428
0.898715
0.961147
0.895076
0.963883
0.893817
0.963864
0.887201
0.96488
0.885957
0.965935
0.891375
0.887761
0.964566
0.886469
0.895036
0.889859
0.892917
0.886714
0.886722
0.891936
0.887536
0.886366
0.886213
0.885985
0.890626
0.883577
0.904522
0.906587
0.89517
0.884917
0.891649
0.883828
0.886387
0.891419
0.889083
0.883345
0.888426
0.886395
0.892631
0.888248
0.877395
0.884764
0.88141
0.886439
0.883557
0.887532
0.884812
0.879198
0.893384
0.884295
0.892622
0.891759
0.892905
0.905355
0.89278
0.896399
0.886978
0.878525
0.888135
0.885586
0.888579
0.881169
0.880258
0.884948
0.889105
0.884082
0.884144
0.890985
0.888651
0.892347
0.882768
0.885702
0.881301
0.885288
0.882205
0.879966
0.881357
0.88387
0.89068
0.908309
0.894704
0.883271
0.882049
0.887207
0.898479
0.888276
0.884704
0.88426
0.884727
0.880343
0.878897
0.877515
0.873402
0.877787
0.880641
0.872392
0.887489
0.872719
0.878261
0.875411
0.881561
0.888505
0.883171
0.882697
0.877872
0.886234
0.87737
0.880684
0.879102
0.878899
0.879354
0.882604
0.879215
0.887884
0.874673
0.876658
0.880105
0.882334
0.886311
0.898573
0.891743
0.877156
0.808705
0.808731
0.804075
0.808095
0.809186
0.820667
0.81104
0.803089
0.805338
0.807052
0.809957
0.80443
0.807139
0.805141
0.802175
0.80885
0.805202
0.81025
0.808071
0.799763
0.806615
0.805008
0.804357
0.812114
0.819755
0.802469
0.808798
0.796462
0.809065
0.799796
0.813842
0.801884
0.795444
0.80095
0.804799
0.800878
0.799366
0.7997
0.799162
0.806363
0.800529
0.804931
0.810252
0.800139
0.799604
0.808773
0.794952
0.797616
0.801055
0.796316
0.811367
0.80154
0.800212
0.795937
0.801445
0.803376
0.803378
0.809126
0.795238
0.807914
0.794091
0.798409
0.810146
0.797615
0.798509
0.811436
0.797633
0.812476
0.800243
0.80479
0.799429
0.809163
0.794133
0.795835
0.808954
0.803924
0.799301
0.803019
0.805657
0.806059
0.805313
0.80437
0.80014
0.796362
0.800826
0.797556
0.805517
0.806676
0.798705
0.797891
0.799577
0.79688
0.801853
0.806286
0.797495
0.798686
0.796028
0.797027
0.792077
0.806073
0.805358
0.799861
0.798041
0.798757
0.803215
0.795968
0.798033
0.79785
0.800954
0.815251
0.811026
0.806609
0.799779
0.808343
0.803708
0.805138
0.804834
0.797957
0.799223
0.798961
0.798068
0.804438
0.789294
0.79593
0.79767
0.800984
0.796917
0.789441
0.794245
0.800041
0.818193
0.814427
0.810924
0.80319
0.796764
0.801757
0.792616
0.800457
0.803953
0.79637
0.799573
0.799167
0.79736
0.797912
0.793698
0.789822
0.792614
0.793777
0.791751
0.794179
0.796106
0.804341
0.798852
0.799969
0.79919
0.790231
0.791454
0.793353
0.790594
0.785642
0.79133
0.786426
0.790435
0.786254
0.799302
0.788673
0.799085
0.791875
0.801046
0.801437
0.797073
0.792315
0.793377
0.788207
0.789786
0.79137
0.793392
0.787328
0.791902
0.798646
0.785659
0.791978
0.795103
0.788644
0.78305
0.796737
0.785515
0.787804
0.784827
0.786507
0.786348
0.788616
0.796581
0.786965
0.809288
0.794132
0.789152
0.799594
0.790606
0.796306
0.784283
0.783497
0.784744
0.793285
0.786965
0.784961
0.786535
0.791138
0.780414
0.790041
0.786821
0.784636
0.789491
0.788863
0.784924
0.779158
0.785203
0.794899
0.780308
0.788522
0.77861
0.785603
0.78835
0.795255
0.784535
0.791802
0.788907
0.792024
0.781242
0.789965
0.791824
0.786618
0.784916
0.781809
0.785418
0.792096
0.792882
0.787451
0.788102
0.780323
0.794004
0.791969
0.784478
0.784905
0.796506
0.789976
0.78723
0.796629
0.787973
0.790984
0.788167
0.792209
0.780314
0.79102
0.787505
0.779372
0.795812
0.797955
0.798502
0.791779
0.786914
0.78181
0.783028
0.778613
0.787465
0.788677
0.792111
0.785275
0.793586
0.780673
0.784412
0.784083
0.778321
0.77764
0.789217
0.78107
0.778575
0.781451
0.786439
0.781404
0.78251
0.776104
0.775073
0.780727
0.781126
0.776188
0.77436
0.786504
0.775523
0.783417
0.779719
0.788271
0.785993
0.776391
0.777034
0.775259
0.790063
0.78253
0.780306
0.775306
0.779354
0.782536
0.776002
0.772303
0.777293
0.791873
0.79254
0.783963
0.783909
0.77816
0.789774
0.77694
0.776989
0.778568
0.780681
0.776994
0.780657
0.783005
0.778942
0.778609
0.777792
0.775538
0.778959
0.7785
0.778256
0.783077
0.77604
0.772812
0.781605
0.77042
0.780543
0.787311
0.793537
0.795932
0.783135
0.766617
0.77748
0.774445
0.776248
0.796626
0.791319
0.782827
0.773561
0.775148
0.771765
0.774269
0.778527
0.769505
0.777906
0.76988
0.773165
0.780446
0.776492
0.779868
0.767983
0.778635
0.773898
0.783261
0.770363
0.773195
0.769173
0.770642
0.768379
0.766171
0.77194
0.762415
0.769033
0.758835
0.761518
0.767532
0.763193
0.76493
0.77245
0.766338
0.770332
0.767229
0.764968
0.76481
0.7537
0.756679
0.762538
0.75005
0.769598
0.761197
0.758942
0.767557
0.762206
0.762683
0.763331
0.767297
0.761301
0.76226
0.757238
0.759351
0.761278
0.765236
0.766222
0.761633
0.759553
0.761905
0.769861
0.761246
0.765594
0.790828
0.779507
0.762632
0.762886
0.764814
0.762884
0.758407
0.762905
0.768069
0.764803
0.768065
0.767146
0.765511
0.77308
0.766487
0.769558
0.760293
0.765732
0.754407
0.75385
0.760868
0.760781
0.759121
0.774818
0.766168
0.771354
0.765855
0.764837
0.775008
0.767615
0.768762
0.766123
0.766606
0.760133
0.766671
0.75593
0.769922
0.764945
0.765046
0.764643
0.775962
0.768531
0.766037
0.77129
0.764043
0.758091
0.773933
0.759502
0.759725
0.765698
0.765609
0.766166
0.765424
0.767429
0.770639
0.776708
0.767645
0.769092
0.76892
0.774982
0.768139
0.773254
0.769451
0.768336
0.765231
0.771114
0.774698
0.765315
0.766329
0.771408
0.76605
0.774658
0.775999
0.77595
0.767063
0.777585
0.773631
0.770029
0.778157
0.780824
0.771862
0.768701
0.769956
0.765719
0.780233
0.770904
0.764649
0.785457
0.771958
0.772976
0.764533
0.773148
0.769457
0.769894
0.769917
0.769573
0.762364
0.77002
0.762557
0.772647
0.773602
0.766591
0.769993
0.770792
0.772689
0.770662
0.779829
0.771973
0.771971
0.766246
0.777122
0.773408
0.765758
0.771147
0.759422
0.754827
0.772176
0.757126
0.767618
0.759654
0.786505
0.780249
0.767214
0.764211
0.763028
0.761416
0.758383
0.759274
0.761152
0.768716
0.763494
0.768054
0.760913
0.776689
0.764952
0.764183
0.767439
0.762028
0.762951
0.770406
0.765508
0.771791
0.769336
0.767107
0.770754
0.766355
0.77602
0.767582
0.764088
0.767572
0.762162
0.759821
0.762772
0.778724
0.765739
0.765863
0.762306
0.767039
0.759987
0.755332
0.764074
0.761844
0.771294
0.766299
0.76554
0.770149
0.76261
0.766959
0.758573
0.764122
0.755961
0.757216
0.7638
0.75153
0.766586
0.768671
0.767774
0.755762
0.759156
0.76128
0.761862
0.761031
0.761305
0.759372
0.756232
0.7616
0.754687
0.763098
0.750739
0.759247
0.764323
0.755362
0.754275
0.756859
0.754411
0.755796
0.756115
0.77289
0.770208
0.757991
0.764272
0.754023
0.754713
0.758947
0.764678
0.7627
0.762297
0.762695
0.760989
0.760431
0.762286
0.760047
0.752603
0.758238
0.761519
0.778114
0.779839
0.767224
0.76469
0.762868
0.764338
0.75799
0.769208
0.760267
0.758876
0.757967
0.759736
0.776131
0.761852
0.767064
0.759551
0.759696
0.760476
0.767946
0.762958
0.759937
0.761841
0.760344
0.762772
0.760904
0.764973
0.758802
0.760642
0.75726
0.767299
0.768708
0.768394
0.759423
0.76753
0.756379
0.758695
0.760769
0.763671
0.764
0.753259
0.757491
0.764227
0.761167
0.754156
0.758769
0.761953
0.763895
0.760288
0.759141
0.765451
0.756015
0.759367
0.762497
0.751284
0.759559
0.757009
0.760835
0.759949
0.756663
0.767279
0.757828
0.774505
0.766532
0.756394
0.767591
0.762161
0.754609
0.752942
0.758953
0.754469
0.752942
0.756997
0.754723
0.756215
0.756302
0.759318
0.757096
0.755842
0.755567
0.766737
0.757633
0.761676
0.755308
0.760092
0.762368
0.757893
0.759295
0.758882
0.754762
0.759619
0.762513
0.7653
0.765248
0.755195
0.756757
0.757396
0.76158
0.768291
0.767936
0.757767
0.751063
0.76072
0.761018
0.75757
0.755743
