0.848682
0.828856
0.795262
0.781988
0.762712
0.754302
0.746596
0.75076
0.750781
0.767457
0.764112
0.762067
0.751114
0.745633
0.740435
0.73314
0.740953
0.729275
0.738828
0.73659
0.736908
0.73461
0.741895
0.733336
0.747395
0.7345
0.725884
0.729158
0.733252
0.730946
0.735655
0.72633
0.728444
0.723374
0.726768
0.722954
0.719959
0.73102
0.725292
0.732042
0.723936
0.726585
0.718742
0.729729
0.725131
0.721566
0.724118
0.728627
0.718091
0.717445
0.719299
0.713412
0.709077
0.719039
0.714657
0.7129
0.710152
0.70852
0.710051
0.710841
0.714993
0.710195
0.719792
0.715391
0.704436
0.719066
0.705505
0.706967
0.715272
0.706506
0.7193
0.712209
0.706729
0.713515
0.713591
0.726806
0.708158
0.701569
0.705935
0.707666
0.708096
0.709059
0.710046
0.711331
0.710669
0.713341
0.71027
0.71503
0.700918
0.700433
0.699991
0.706274
0.702712
0.722531
0.702789
0.70811
0.700887
0.707198
0.707527
0.705971
0.710594
0.703261
0.713735
0.699786
0.719566
0.700265
0.70199
0.705072
0.701964
0.703761
0.700203
0.709191
0.717227
0.702823
0.696561
0.69289
0.697017
0.709819
0.690807
0.684613
0.697419
0.696049
0.693774
0.696615
0.704186
0.685203
0.693036
0.693386
0.697999
0.701829
0.698503
0.69966
0.69099
0.692216
0.702837
0.687097
0.688587
0.701522
0.688025
0.687215
0.690896
0.694661
0.70311
0.691399
0.693175
0.703911
0.695277
0.696001
0.697586
0.689197
0.702154
0.68689
0.706619
0.699361
0.708726
0.690933
0.683263
0.691794
0.685868
0.691714
0.695167
0.689347
0.695611
0.693983
0.686458
0.690137
0.683594
0.691387
0.691392
0.683071
0.683083
0.70672
0.694215
0.68164
0.683562
0.703235
0.695522
0.687247
0.682875
0.685991
0.692694
0.684225
0.690291
0.686204
0.690196
0.685765
0.684259
0.676288
0.697012
0.700723
0.687097
0.677903
0.682129
0.689844
0.685712
0.683276
0.689035
0.682295
0.69799
0.698335
0.689762
0.69571
0.694984
0.697942
0.679303
0.692784
0.686543
0.693963
0.692396
0.688349
0.694824
0.685169
0.676949
0.680399
0.689288
0.683566
0.69153
0.682629
0.687807
0.685363
0.692149
0.680587
0.682412
0.684761
0.675605
0.681201
0.674845
0.671162
0.670526
0.68103
0.672776
0.679332
0.677477
0.680934
0.672208
0.678152
0.683044
0.683372
0.669887
0.68861
0.671688
0.671296
0.668668
0.674812
0.689693
0.678673
0.681939
0.674436
0.682708
0.669818
0.681451
0.674464
0.676111
0.673125
0.679739
0.677684
0.673024
0.68218
0.674983
0.673693
0.672462
0.673275
0.694829
0.670457
0.683466
0.670978
0.67969
0.684781
0.682807
0.679033
0.668517
0.676416
0.682923
0.674328
0.684259
0.676832
0.690367
0.675995
0.674347
0.684373
0.677529
0.676164
0.688415
0.681715
0.682096
0.684997
0.679052
0.675003
0.67773
0.675144
0.673873
0.688017
0.681392
0.669103
0.675511
0.674531
0.672538
0.676044
0.66827
0.680362
0.670347
0.672065
0.675562
0.677384
0.671138
0.669386
0.678464
0.669767
0.679261
0.682395
0.674612
0.671396
0.668781
0.670164
0.670547
0.660427
0.657249
0.666612
0.665829
0.671148
0.669562
0.673547
0.668109
0.662733
0.66397
0.673546
0.666712
0.665199
0.662799
0.663655
0.66114
0.669929
0.66356
0.660965
0.662299
0.662005
0.674709
0.687129
0.673814
0.661733
0.676924
0.679013
0.672
0.670037
0.663591
0.672977
0.667909
0.674481
0.66241
0.677464
0.679172
0.669886
0.663708
0.677648
0.663036
0.669181
0.661745
0.664381
0.663376
0.664733
0.660915
0.666808
0.666246
0.662654
0.67567
0.664768
0.667259
0.665128
0.673399
0.666191
0.676171
0.682013
0.662954
0.662834
0.659062
0.662574
0.651881
0.668499
0.665872
0.664513
0.672479
0.66063
0.663579
0.667976
0.668407
0.656334
0.651031
0.660799
0.660551
0.656315
0.655829
0.647531
0.656106
0.650158
0.658056
0.65292
0.652629
0.652074
0.651173
0.656218
0.65436
0.663306
0.664078
0.656222
0.660895
0.645992
0.656047
0.658347
0.65531
0.657202
0.670283
0.653301
0.653538
0.655463
0.662352
0.653117
0.662575
0.6557
0.666783
0.664414
0.65414
0.656505
0.652298
0.657956
0.654924
0.653709
0.659492
0.657054
0.657529
0.660647
0.652373
0.65107
0.648558
0.658694
0.65238
0.663601
0.656374
0.659899
0.649272
0.665289
0.670559
0.656327
0.662835
0.656413
0.646905
0.651226
0.657481
0.675547
0.677046
0.677782
0.675332
0.676082
0.678395
0.67715
0.675407
0.679938
0.675499
0.676466
0.679155
0.674954
0.675361
0.678404
0.674326
0.665218
0.654438
0.657826
0.654672
0.647666
0.654785
0.650902
0.64725
0.648822
0.660575
0.654523
0.649006
0.65524
0.654075
0.649144
0.65204
0.647589
0.651133
0.659907
0.654625
0.66336
0.65456
0.657402
0.654756
0.64765
0.648163
0.652786
0.647079
0.651542
0.651184
0.665367
0.647842
0.644764
0.650721
0.658237
0.647175
0.647431
0.64553
0.663352
0.65453
0.648034
0.650935
0.644618
0.654419
0.647355
0.64919
0.648977
0.6425
0.645506
0.644036
0.635555
0.642144
0.635139
0.637978
0.653123
0.64818
0.642218
0.645734
0.638828
0.639621
0.637656
0.65462
0.64041
0.641451
0.645863
0.644323
0.647998
0.644768
0.638622
0.648538
0.645961
0.645861
0.645634
0.64122
0.648828
0.650224
0.646454
0.649787
0.639376
0.649944
0.643592
0.643817
0.642873
0.63817
0.649717
0.647983
0.645627
0.644608
0.637658
0.650115
0.646864
0.646237
0.634829
0.648199
0.648762
0.642116
0.641409
0.640832
0.643782
0.650076
0.655041
0.656653
0.638176
0.645539
0.647079
0.64334
0.644215
0.648201
0.643599
0.639057
0.643811
0.63869
0.648015
0.644896
0.633933
0.6417
0.640531
0.643534
0.642944
0.63977
0.639017
0.641365
0.636717
0.63794
0.635399
0.640282
0.635508
0.642589
0.64238
0.634552
0.632479
0.648536
0.631873
0.644373
0.642591
0.634395
0.634427
0.641571
0.634995
0.638086
0.657768
0.645146
0.645845
0.63726
0.636375
0.64169
0.630599
0.638117
0.638896
0.62899
0.642045
0.639152
0.630895
0.6348
0.634185
0.641077
0.637069
0.65352
0.635856
0.64468
0.637142
0.630734
0.637322
0.638942
0.639109
0.635086
0.640351
0.634297
0.645863
0.638943
0.641326
0.63633
0.633488
0.633026
0.633001
0.636198
0.636552
0.634336
0.630095
0.631981
0.639447
0.632738
0.636854
0.627304
0.638364
0.628877
0.639633
0.637528
0.627362
0.638784
0.632171
0.642021
0.638772
0.631819
0.639555
0.634976
0.637383
0.632319
0.629691
0.628623
0.632421
0.628448
0.639042
0.625896
0.63819
0.634951
0.638796
0.631886
0.633519
0.631307
0.637114
0.634045
0.630945
0.63945
0.62354
0.627757
0.63006
0.628244
0.627614
0.634716
0.63563
0.627929
0.634886
0.626464
0.626022
0.626707
0.62531
0.627837
0.629809
0.641048
0.647985
0.635243
0.633437
0.642355
0.635664
0.644299
0.64535
0.638052
0.631858
0.641198
0.631176
0.63369
0.630576
0.629323
0.631934
0.631787
0.63629
0.635694
0.626622
0.636836
0.638455
0.62185
0.639063
0.632143
0.622643
0.621607
0.627559
0.631269
0.627508
0.637129
0.626503
0.634764
0.628171
0.628387
0.623555
0.617873
0.632273
0.625625
0.626973
0.619578
0.634523
0.635024
0.622022
0.629806
0.628083
0.627375
0.626183
0.630014
0.627359
0.628215
0.628471
0.625735
0.62476
0.621327
0.621819
0.623891
0.627808
0.62565
0.641247
0.632335
0.627677
0.62717
0.629373
0.627347
0.638029
0.632851
0.625094
0.624569
0.634489
0.627024
0.651597
0.639101
0.624177
0.623037
0.627497
0.62072
0.633645
0.629768
0.627015
0.621286
0.631025
0.628348
0.624602
0.62316
0.625299
0.623361
0.627834
0.626219
0.639663
0.639417
0.620569
0.623816
0.622458
0.619667
0.621972
0.624003
0.622011
0.632916
0.625303
0.630494
0.622551
0.620106
0.619504
0.626517
0.623615
0.627773
0.626033
0.642849
0.627671
0.620508
0.632416
0.619011
0.625541
0.626619
0.628893
0.631125
0.623592
0.62511
0.625065
0.634895
0.62222
0.623421
0.624857
0.617081
0.612301
0.62937
0.627354
0.610915
0.616993
0.616782
0.619659
0.623329
0.619007
0.616011
0.613627
0.613078
0.610435
0.611449
0.620315
0.618234
0.635664
0.625585
0.622235
0.618671
0.616075
0.621228
0.609149
0.620599
0.613136
0.616193
0.614506
0.612919
0.619949
0.615893
0.620808
0.616476
0.619563
0.609288
0.618313
0.616377
0.607329
0.625419
0.623864
0.625888
0.619127
0.609068
0.616609
0.615676
0.608891
0.62068
0.616048
0.62708
0.624645
0.615265
0.615008
0.621646
0.61313
0.608421
0.610433
0.617093
0.617423
0.618008
0.613047
0.61329
0.61524
0.611467
0.622283
0.614207
0.623835
0.620423
0.61641
0.615782
0.618386
0.614061
0.617131
0.618842
0.616781
0.616271
0.615579
0.615846
0.620043
0.615647
0.607491
0.615772
0.610109
0.610152
0.615485
0.615946
0.614824
0.609894
0.609799
0.612521
0.615552
0.62354
0.625695
0.614475
0.614449
0.605374
0.613656
0.620557
0.608098
0.604775
0.607409
0.617689
0.612488
0.609297
0.612577
0.604885
0.609257
0.609031
0.606889
0.604994
0.61685
0.613332
0.622563
0.610112
0.608955
0.608849
0.621908
0.61114
0.614239
0.604986
0.614709
0.610412
0.616504
0.604392
0.615999
0.613314
0.614592
0.604903
0.608835
0.607927
0.623055
0.603583
0.607372
0.615768
0.606093
0.609982
0.603512
0.612182
0.619619
0.6045
0.624675
0.613704
0.604161
0.605274
0.607553
0.604664
0.609634
0.606498
0.615161
0.622609
0.614795
0.615366
0.608016
0.605355
0.612626
0.612046
0.628946
0.631427
0.619501
0.605
0.606921
0.616747
0.62117
0.609672
0.606986
0.603153
0.60363
0.598811
0.605599
0.601501
0.608762
0.618743
0.611749
0.616586
0.603209
0.617195
0.606282
0.610404
0.61825
0.603701
0.614329
0.613908
0.613216
0.612006
0.608213
0.60636
0.608588
0.612916
0.607251
0.610094
0.619226
0.606692
0.606351
0.609601
0.601297
0.603828
0.604611
0.602565
0.597082
0.607145
0.625784
0.610786
0.597766
0.599003
0.594182
0.613437
0.602819
0.611411
0.597949
0.604818
0.611734
0.609552
0.600043
0.599734
0.59522
0.59156
0.600194
0.6012
0.59652
0.59898
0.599366
0.607665
0.612822
0.613167
0.610961
0.610796
0.607268
0.596921
0.599431
0.594486
0.600082
0.599314
0.601401
0.605459
0.594577
0.595886
0.597611
0.589619
0.596197
0.596865
0.598525
0.601188
0.602053
0.602309
0.599177
0.599406
0.597453
0.598746
0.598385
0.596196
0.591115
0.6053
0.613504
0.607278
0.600504
0.596932
0.598786
0.596769
0.592784
0.600841
0.594097
0.595838
0.602644
0.598773
0.605878
0.598783
0.611461
0.618155
0.60017
0.597877
0.596151
0.602257
0.607342
0.595424
0.595593
0.601609
0.616525
0.598605
0.600061
0.599958
0.607278
0.59646
0.603339
0.5991
0.602178
0.599008
0.595041
0.599931
0.592922
0.60139
0.599432
0.595982
0.599195
0.594369
0.603553
0.59828
0.5997
0.594737
0.595122
0.600011
0.596033
0.594806
0.594608
0.594416
0.599175
0.591626
0.612891
0.615188
0.60335
0.591466
0.598071
0.592551
0.595087
0.599638
0.598154
0.59055
0.597069
0.594703
0.600902
0.595189
0.586161
0.59371
0.588456
0.59446
0.591892
0.596574
0.593704
0.587922
0.601499
0.592815
0.60112
0.600906
0.600874
0.611787
0.601522
0.603421
0.59562
0.585365
0.596547
0.593967
0.596298
0.590067
0.588843
0.593511
0.597539
0.592797
0.5929
0.598084
0.59714
0.601209
0.590763
0.593605
0.589788
0.593473
0.591144
0.588612
0.590132
0.592406
0.599599
0.616878
0.601745
0.5901
0.590422
0.59631
0.606893
0.596977
0.593232
0.593167
0.593302
0.589109
0.587862
0.586369
0.58203
0.585843
0.587903
0.579453
0.596106
0.57961
0.586101
0.582715
0.589961
0.597433
0.591601
0.591708
0.585833
0.594323
0.58559
0.589486
0.587429
0.587527
0.58821
0.591267
0.58805
0.593218
0.583143
0.583383
0.58865
0.590697
0.593639
0.607465
0.598533
0.584206
0.590209
0.589988
0.585722
0.588871
0.590165
0.602086
0.592843
0.584354
0.586793
0.588024
0.59128
0.584546
0.588365
0.586769
0.583405
0.590027
0.587054
0.590152
0.589438
0.581353
0.588603
0.587026
0.586061
0.593612
0.600103
0.584318
0.590328
0.578209
0.590191
0.580016
0.595933
0.583643
0.575589
0.582123
0.586294
0.581593
0.580398
0.579856
0.580838
0.587785
0.581117
0.586509
0.59204
0.582079
0.581578
0.58998
0.576662
0.577586
0.581347
0.578098
0.592461
0.583449
0.581644
0.577261
0.583297
0.584691
0.58531
0.590754
0.576775
0.588294
0.575889
0.57988
0.591715
0.578569
0.58047
0.592841
0.578962
0.592709
0.580131
0.586477
0.581426
0.589913
0.575478
0.577081
0.590497
0.585237
0.580697
0.584617
0.586899
0.587579
0.585375
0.585765
0.581274
0.578262
0.581605
0.579395
0.586308
0.588326
0.580239
0.579515
0.580967
0.578709
0.582172
0.587881
0.577487
0.580159
0.575935
0.578284
0.573381
0.586925
0.58664
0.581725
0.579962
0.57997
0.583075
0.577288
0.579928
0.579462
0.582241
0.596893
0.590359
0.588209
0.581503
0.588417
0.585462
0.586903
0.585028
0.57991
0.581091
0.58075
0.579817
0.58454
0.570861
0.575563
0.579584
0.582027
0.578287
0.571022
0.575156
0.581738
0.598758
0.595667
0.59245
0.585074
0.57815
0.583559
0.573844
0.581628
0.583107
0.578237
0.580426
0.580424
0.578757
0.579301
0.575176
0.570195
0.574447
0.575047
0.573167
0.575616
0.577931
0.58502
0.578707
0.581362
0.580457
0.572035
0.573049
0.574914
0.571926
0.567103
0.572817
0.567912
0.571774
0.567791
0.580695
0.570296
0.579748
0.573154
0.582486
0.583093
0.577095
0.573391
0.575097
0.569319
0.570913
0.573299
0.575291
0.569118
0.573581
0.579866
0.566912
0.573863
0.576855
0.570098
0.563844
0.578168
0.567293
0.569573
0.566878
0.567771
0.568157
0.570524
0.577949
0.568843
0.588589
0.576004
0.570906
0.58155
0.572144
0.576784
0.56591
0.563858
0.566296
0.57371
0.568778
0.566415
0.56824
0.571804
0.562039
0.570161
0.568114
0.566289
0.571053
0.570529
0.566025
0.560807
0.567167
0.576469
0.560867
0.56919
0.560126
0.567298
0.569373
0.576522
0.565396
0.572806
0.570521
0.574025
0.562578
0.570149
0.571762
0.567849
0.565879
0.563077
0.567159
0.573667
0.574489
0.568981
0.569344
0.561086
0.574389
0.573055
0.565845
0.565427
0.577862
0.570374
0.569083
0.578287
0.569752
0.571948
0.569479
0.572203
0.561608
0.572288
0.56907
0.561195
0.577397
0.579483
0.580342
0.572919
0.568255
0.563352
0.564026
0.560323
0.568833
0.570111
0.572049
0.567289
0.572963
0.562401
0.566565
0.565675
0.559791
0.559185
0.57071
0.562745
0.560109
0.563159
0.566134
0.56311
0.56287
0.557964
0.556808
0.562284
0.563072
0.557862
0.555161
0.568321
0.556822
0.565032
0.561433
0.569559
0.567932
0.556543
0.558787
0.55665
0.57039
0.564463
0.562054
0.556996
0.560766
0.564155
0.557239
0.554404
0.558676
0.573497
0.568413
0.565352
0.565816
0.559697
0.569686
0.558566
0.55819
0.560008
0.561275
0.558676
0.562052
0.563952
0.560712
0.56051
0.559291
0.557265
0.559772
0.558815
0.55907
0.564073
0.55622
0.554051
0.562369
0.551671
0.560858
0.569019
0.575376
0.576859
0.564925
0.548308
0.559331
0.556133
0.55776
0.576631
0.572868
0.563757
0.555348
0.556753
0.553572
0.555877
0.560257
0.549702
0.55923
0.551695
0.554172
0.561816
0.556501
0.561569
0.549249
0.559777
0.555483
0.565196
0.551583
0.554584
0.550381
0.552364
0.549911
0.545775
0.552194
0.542384
0.549544
0.540203
0.542905
0.549378
0.54447
0.546928
0.552637
0.546494
0.550558
0.548833
0.545021
0.546161
0.535328
0.538622
0.543928
0.531459
0.551506
0.543112
0.540501
0.549137
0.544063
0.543973
0.542919
0.549321
0.54256
0.544263
0.538738
0.541246
0.542757
0.545244
0.547642
0.543335
0.541191
0.543558
0.551316
0.543172
0.547348
0.571252
0.56103
0.54419
0.543196
0.546863
0.542859
0.540077
0.544791
0.549604
0.546346
0.549856
0.549007
0.547057
0.554427
0.548353
0.551333
0.541893
0.547351
0.536197
0.535773
0.542791
0.542648
0.540864
0.556396
0.547816
0.552127
0.547641
0.546516
0.554079
0.549436
0.550515
0.547749
0.548376
0.542058
0.548201
0.537507
0.551588
0.546678
0.546713
0.544794
0.55788
0.550345
0.547702
0.552927
0.545403
0.538189
0.555714
0.541389
0.539943
0.547057
0.545709
0.547763
0.547228
0.549076
0.55255
0.558326
0.549417
0.550991
0.550866
0.556097
0.549635
0.553453
0.551214
0.549546
0.546067
0.553042
0.556351
0.546656
0.547386
0.552598
0.547902
0.556083
0.557258
0.557696
0.548557
0.559202
0.555646
0.551839
0.559489
0.562333
0.553354
0.549523
0.551063
0.54751
0.561499
0.552492
0.545761
0.566426
0.552141
0.554287
0.54641
0.55442
0.5506
0.549928
0.551701
0.550377
0.544333
0.549968
0.544337
0.553713
0.554979
0.54801
0.551859
0.55263
0.554568
0.552376
0.561502
0.553257
0.553784
0.546442
0.557772
0.554251
0.547628
0.552959
0.541212
0.536512
0.553274
0.538893
0.549482
0.541186
0.566737
0.561736
0.54815
0.544418
0.544586
0.542838
0.539895
0.540423
0.542804
0.550287
0.544621
0.549831
0.542218
0.558153
0.546722
0.545606
0.548691
0.543536
0.544187
0.551957
0.546926
0.553405
0.549593
0.548634
0.550759
0.547848
0.55693
0.548463
0.545171
0.547924
0.543778
0.541261
0.544867
0.559812
0.547268
0.547687
0.543796
0.547129
0.541433
0.536746
0.54566
0.543027
0.553021
0.548044
0.547434
0.551948
0.544151
0.548944
0.540122
0.54549
0.537634
0.539022
0.545462
0.532344
0.548335
0.548898
0.549094
0.537376
0.541094
0.542756
0.543791
0.542339
0.541436
0.54121
0.538032
0.54293
0.536367
0.544735
0.532451
0.539688
0.544942
0.536997
0.53563
0.538524
0.535795
0.537504
0.537963
0.55422
0.549705
0.539592
0.545192
0.535189
0.536404
0.54024
0.546017
0.544323
0.542023
0.542362
0.542054
0.540686
0.54365
0.539954
0.534104
0.539717
0.542879
0.559195
0.561226
0.548122
0.544449
0.54431
0.545784
0.53971
0.550631
0.541359
0.539791
0.539032
0.540996
0.556006
0.543197
0.54682
0.540983
0.541068
0.541939
0.547604
0.542872
0.541252
0.54286
0.541906
0.542414
0.542509
0.546372
0.540099
0.542212
0.537688
0.548402
0.550274
0.550009
0.540527
0.548258
0.537146
0.540307
0.541774
0.544934
0.544173
0.534839
0.538787
0.544107
0.541534
0.53528
0.54047
0.54305
0.544537
0.541819
0.539308
0.546405
0.536997
0.5407
0.542104
0.532757
0.54012
0.538198
0.541243
0.541137
0.537375
0.548458
0.539026
0.556172
0.546593
0.537891
0.54839
0.541753
0.535734
0.534219
0.53937
0.53582
0.53454
0.538363
0.535984
0.536793
0.53572
0.540789
0.539068
0.536935
0.537094
0.548024
0.537586
0.54096
0.536502
0.541505
0.543653
0.538685
0.540096
0.540114
0.536394
0.541051
0.543634
0.544829
0.544957
0.536441
0.538153
0.538717
0.542981
0.547551
0.547255
0.538839
0.532427
0.542041
0.5424
0.538655
0.536673
