4.69953
3.49677
2.59211
1.76251
1.161
0.747363
0.465554
-0.457782
-0.450882
-0.444415
-0.438333
-0.432595
-0.427166
-0.422013
-0.417108
-0.412428
-0.407949
-0.403654
-0.399524
-0.395546
-0.391706
-0.387992
-0.384394
-0.380902
-0.377509
-0.374208
-0.370991
-0.367854
-0.36479
-0.361795
-0.358865
-0.355997
-0.353186
-0.350431
-0.347727
-0.345073
-0.342466
-0.339904
-0.337385
-0.334908
-0.33247
-0.33007
-0.327708
-0.32538
-0.323087
-0.320828
-0.3186
-0.316403
-0.314237
-0.3121
-0.309991
-0.30791
-0.305855
-0.303827
-0.301825
-0.299847
-0.297893
-0.295963
-0.294056
-0.292171
-0.290308
-0.288467
-0.286646
-0.284846
-0.283066
-0.281305
-0.279564
-0.277841
-0.276136
-0.27445
-0.272781
-0.271129
-0.269493
-0.267875
-0.266272
-0.264685
-0.263114
-0.261558
-0.260017
-0.2585
-0.257003
-0.25548
-0.254038
-0.252524
-0.251121
-0.249685
-0.248247
-0.246779
-0.245442
-0.24399
-0.242705
-0.241216
-0.239856
-0.238508
-0.237171
-0.235861
-0.234582
-0.233352
-0.231949
-0.230646
-0.229417
-0.228157
-0.226918
-0.225609
-0.224374
-0.223148
-0.22197
-0.220836
-0.219635
-0.218363
-0.217225
-0.216118
-0.214951
-0.213827
-0.212639
-0.211453
-0.210299
-0.20921
-0.208151
-0.207027
-0.205948
-0.204797
-0.203642
-0.202565
-0.20152
-0.200468
-0.199401
-0.198306
-0.197246
-0.196209
-0.195179
-0.194155
-0.193138
-0.192127
-0.191123
-0.190125
-0.189133
-0.188239
-0.187262
-0.186277
-0.185254
-0.184295
-0.183412
-0.182478
-0.181546
-0.180558
-0.179613
-0.17864
-0.177786
-0.176874
-0.175953
-0.175034
-0.174087
-0.17322
-0.172368
-0.171453
-0.170601
-0.16974
-0.168852
-0.16797
-0.167067
-0.166196
-0.165342
-0.164541
-0.163753
-0.162916
-0.162079
-0.16124
-0.160397
-0.159544
-0.158757
-0.157997
-0.1572
-0.156393
-0.155589
-0.154846
-0.153992
-0.153192
-0.152465
-0.151644
-0.15087
-0.15015
-0.149355
-0.148617
-0.147833
-0.147058
-0.146304
-0.145562
-0.144831
-0.144095
-0.143364
-0.14264
-0.141919
-0.141202
-0.140489
-0.139818
-0.139153
-0.138445
-0.137755
-0.137017
-0.136364
-0.135681
-0.135034
-0.134318
-0.133643
-0.132965
-0.132345
-0.131654
-0.130947
-0.130249
-0.129578
-0.128923
-0.128274
-0.127628
-0.126986
-0.126347
-0.125711
-0.125079
-0.12445
-0.123825
-0.123202
-0.122583
-0.122011
-0.121416
-0.120836
-0.120228
-0.119575
-0.119031
-0.118431
-0.117847
-0.117228
-0.11665
-0.11606
-0.115506
-0.114854
-0.114253
-0.113729
-0.113111
-0.112533
-0.111965
-0.111403
-0.110844
-0.110288
-0.109747
-0.109188
-0.108638
-0.108094
-0.107552
-0.10706
-0.10657
-0.10601
-0.105493
-0.104925
-0.104436
-0.103941
-0.103362
-0.102867
-0.102333
-0.101863
-0.101307
-0.10081
-0.100284
-0.0997472
-0.0992449
-0.0987473
-0.0982527
-0.0977606
-0.0972709
-0.0967837
-0.0962989
-0.0958165
-0.0953366
-0.0948594
-0.0943847
-0.0939124
-0.0934425
-0.0929749
-0.0925096
-0.0920466
-0.0916144
-0.0912121
-0.0907298
-0.0902973
-0.0898426
-0.0893791
-0.0889473
-0.0884491
-0.0879836
-0.0875781
-0.0871908
-0.0867088
-0.0862628
-0.0858889
-0.0854012
-0.08499
-0.084544
-0.0841001
-0.0836769
-0.0832578
-0.0828412
-0.0824267
-0.0820285
-0.081607
-0.081196
-0.0807897
-0.0803858
-0.0800352
-0.0796573
-0.079283
-0.0788078
-0.0783965
-0.0780343
-0.0776868
-0.0773099
-0.0768767
-0.0764931
-0.0761547
-0.0757772
-0.0753747
-0.0749635
-0.0746013
-0.0742012
-0.0738657
-0.0735091
-0.0731336
-0.0727805
-0.0724282
-0.0720152
-0.0716599
-0.0712712
-0.0709124
-0.070558
-0.0702052
-0.069854
-0.0695046
-0.0691569
-0.068811
-0.0684667
-0.0681241
-0.0677835
-0.0674446
-0.0671075
-0.066772
-0.0664382
-0.066106
-0.0657754
-0.0654465
-0.0651192
-0.0647934
-0.0644693
-0.0641468
-0.0638258
-0.0635066
-0.0631893
-0.0628736
-0.0625594
-0.0622467
-0.0619356
-0.061626
-0.0613466
-0.0610128
-0.0607065
-0.0604431
-0.0601324
-0.0598018
-0.0595014
-0.0592421
-0.0589577
-0.0587109
-0.0583785
-0.0581321
-0.0578221
-0.0575252
-0.0572216
-0.0569511
-0.0566925
-0.0563812
-0.0561012
-0.0557744
-0.0555219
-0.0552654
-0.0549706
-0.0546616
-0.0543668
-0.0540951
-0.0538246
-0.053582
-0.0533448
-0.0531008
-0.0528137
-0.0525368
-0.0522506
-0.0519679
-0.0517084
-0.05145
-0.0511929
-0.0509667
-0.0506876
-0.050509
-0.0502544
-0.0500293
-0.0497045
-0.0494654
-0.0491953
-0.048934
-0.0486897
-0.0484763
-0.0482093
-0.0480424
-0.0478003
-0.047594
-0.0472823
-0.0470136
-0.0467759
-0.0465417
-0.0463089
-0.0460773
-0.0458468
-0.0456174
-0.0453891
-0.0451624
-0.0449368
-0.0447123
-0.0444889
-0.0442665
-0.0440453
-0.0438252
-0.0436061
-0.0433881
-0.0431712
-0.0429553
-0.0427405
-0.0425267
-0.0423139
-0.0421025
-0.0418923
-0.0416831
-0.0414749
-0.0412677
-0.0410615
-0.0408563
-0.0406521
-0.0404488
-0.0402465
-0.0400452
-0.0398449
-0.0396455
-0.0394471
-0.03925
-0.0390541
-0.0388591
-0.038665
-0.0385131
-0.038351
-0.0381609
-0.0379803
-0.037727
-0.0375895
-0.0374373
-0.0372147
-0.0370219
-0.0368603
-0.0366842
-0.036437
-0.0362733
-0.0360594
-0.0358624
-0.0356841
-0.0355061
-0.0353287
-0.0351523
-0.0350007
-0.0348084
-0.0346832
-0.0344682
-0.0342819
-0.0341097
-0.0339393
-0.0337697
-0.0336136
-0.0334374
-0.0332667
-0.0331002
-0.0329348
-0.0327703
-0.0326357
-0.0324454
-0.0323542
-0.0322009
-0.0320434
-0.0318628
-0.0317421
-0.0315518
-0.0313949
-0.0311956
-0.0310465
-0.0309405
-0.0307296
-0.0305807
-0.0304777
-0.0303048
-0.0301694
-0.0299714
-0.0298263
-0.0297302
-0.0295361
-0.0293898
-0.0292182
-0.0290555
-0.0289109
-0.0287666
-0.0286229
-0.0284799
-0.0283603
-0.0282041
-0.0281178
-0.027973
-0.0278183
-0.0276522
-0.0274964
-0.0273591
-0.0272226
-0.0271158
-0.0269537
-0.026884
-0.0267094
-0.0265503
-0.0264168
-0.0262847
-0.0261668
-0.0260273
-0.0258924
-0.0257625
-0.0256731
-0.0255232
-0.0253783
-0.0252508
-0.0251246
-0.0249991
-0.0248742
-0.0247682
-0.0246274
-0.0245038
-0.0243815
-0.0243127
-0.0242002
-0.0240627
-0.0239092
-0.0238584
-0.0237256
-0.0236281
-0.0234805
-0.0233863
-0.023269
-0.0231718
-0.0230434
-0.0229007
-0.0228215
-0.0227061
-0.0225278
-0.0224265
-0.0223568
-0.0222476
-0.0221001
-0.0219867
-0.0218789
-0.0217737
-0.0217009
-0.0215466
-0.0214155
-0.0213609
-0.0212901
-0.0211225
-0.0209801
-0.0208722
-0.0207675
-0.0206635
-0.0205601
-0.0204572
-0.0203547
-0.020253
-0.0201519
-0.0200514
-0.0199514
-0.0198519
-0.0197528
-0.0196542
-0.019556
-0.0194583
-0.019367
-0.0192677
-0.019168
-0.0190719
-0.0189769
-0.0188823
-0.0187882
-0.0186945
-0.0186342
-0.018589
-0.0184975
-0.018426
-0.0182563
-0.0181799
-0.0180643
-0.0179578
-0.0178687
-0.0177796
-0.0176909
-0.0176256
-0.0175192
-0.0174281
-0.0174061
-0.017313
-0.0171837
-0.0170799
-0.0169948
-0.0169101
-0.0168494
-0.0167461
-0.0167139
-0.0166455
-0.0165522
-0.0164497
-0.0163504
-0.0162455
-0.0161643
-0.0160836
-0.0160034
-0.0159235
-0.0158646
-0.0157687
-0.0156871
-0.0156672
-0.0155445
-0.0154504
-0.0153742
-0.0152977
-0.0152519
-0.0151497
-0.0151106
-0.0150076
-0.0149187
-0.0148443
-0.0147703
-0.0146966
-0.0146422
-0.014554
-0.0144781
-0.0144057
-0.0143894
-0.0142789
-0.014189
-0.0141187
-0.0140483
-0.0139782
-0.0139084
-0.013857
-0.0137728
-0.0137009
-0.0136321
-0.013564
-0.0135268
-0.0135041
-0.0134373
-0.0133724
-0.0132935
-0.0132347
-0.0132024
-0.0131025
-0.0130359
-0.0129268
-0.0128888
-0.0128397
-0.0127227
-0.0126454
-0.0125816
-0.0125191
-0.0124884
-0.012399
-0.0123749
-0.0123214
-0.0122276
-0.0121484
-0.0120879
-0.0120675
-0.0120317
-0.0119588
-0.0119083
-0.0118517
-0.0117525
-0.0116705
-0.0116126
-0.0115546
-0.0114969
-0.0114557
-0.011385
-0.0113252
-0.0112684
-0.0112515
-0.0111771
-0.0111018
-0.0110446
-0.0109892
-0.0109343
-0.0108797
-0.0108254
-0.0107783
-0.0107198
-0.010664
-0.0106108
-0.010558
-0.0105055
-0.0104961
-0.010463
-0.0104329
-0.0103724
-0.0103035
-0.0102288
-0.0101869
-0.0101441
-0.0100647
-0.00999056
-0.0099407
-0.00989124
-0.00984195
-0.00981622
-0.00974852
-0.00974737
-0.00971644
-0.00963888
-0.00959267
-0.00957739
-0.0094923
-0.00945867
-0.00941483
-0.00936858
-0.0093263
-0.00930859
-0.00926391
-0.0091609
-0.00913466
-0.00905928
-0.0089923
-0.00894829
-0.00893607
-0.00893554
-0.00889295
-0.00885716
-0.00876393
-0.00868601
-0.00864
-0.0085966
-0.00855352
-0.00851064
-0.00846794
-0.00842542
-0.00838315
-0.00834147
-0.00829999
-0.00825869
-0.00821759
-0.00817666
-0.00813591
-0.00809533
-0.0080658
-0.00801803
-0.00797492
-0.00793511
-0.00789571
-0.00785649
-0.0078571
-0.00786406
-0.00778379
-0.00777273
-0.00769976
-0.00771173
-0.00768436
-0.00759657
-0.00756575
-0.0075313
-0.00750867
-0.00748232
-0.00737534
-0.0073597
-0.00735295
-0.00733315
-0.00728918
-0.00729182
-0.00720618
-0.00722043
-0.00712724
-0.00705781
-0.00703428
-0.00700504
-0.00702292
-0.00696648
-0.00698362
-0.00688622
-0.00691006
-0.00683913
-0.00673228
-0.00669183
-0.00665796
-0.0066247
-0.00659161
-0.00655867
-0.00652588
-0.00649323
-0.00646073
-0.00642837
-0.00639615
-0.00636407
-0.00633213
-0.00630034
-0.00626868
-0.00623746
-0.00620647
-0.00617562
-0.0061449
-0.00611433
-0.00608389
-0.00605358
-0.0060234
-0.00599334
-0.00596342
-0.00593361
-0.00590393
-0.00587437
-0.00584494
-0.00581562
-0.00578643
-0.00575736
-0.00572843
-0.00569993
-0.00567157
-0.00564334
-0.00561524
-0.00558728
-0.00555945
-0.00553174
-0.00550416
-0.00547671
-0.00544938
-0.00542217
-0.00539509
-0.00536813
-0.00537235
-0.00532351
-0.00529054
-0.00526342
-0.00523713
-0.00521101
-0.00518499
-0.00515908
-0.00513326
-0.00510755
-0.00508194
-0.00505642
-0.00503101
-0.00502404
-0.00509336
-0.00504206
-0.00499719
-0.00494708
-0.00489266
-0.00488448
-0.00489029
-0.0049349
-0.00481758
-0.00488513
-0.00484658
-0.00476053
-0.00469236
-0.00466573
-0.00466446
-0.0047127
-0.00468218
-0.00464404
-0.00465008
-0.00460514
-0.00460614
-0.00454657
-0.00447387
-0.0044409
-0.00445054
-0.00443712
-0.00447049
-0.00443094
-0.00440411
-0.00436439
-0.00433634
-0.00428322
-0.00424176
-0.00422026
-0.00419966
-0.00417888
-0.00415814
-0.00415824
-0.00412073
-0.00409658
-0.00412856
-0.00411914
-0.00407969
-0.00409526
-0.00406928
-0.00407685
-0.00402156
-0.00401827
-0.00399212
-0.00399729
-0.00395992
-0.0039147
-0.00393087
-0.00390766
-0.00382444
-0.00381952
-0.00384622
-0.00382577
-0.00376959
-0.00374822
-0.00373304
-0.00376285
-0.0037522
-0.00370929
-0.00364682
-0.00364804
-0.0035984
-0.00355989
-0.00354254
-0.00356311
-0.00355359
-0.00358506
-0.00355827
-0.00349071
-0.00344009
-0.00341981
-0.00340247
-0.00338541
-0.00336841
-0.00335146
-0.00333456
-0.00331773
-0.00330138
-0.0032851
-0.00326887
-0.00325269
-0.00323658
-0.00322049
-0.00320445
-0.00318847
-0.0031725
-0.00315658
-0.0031407
-0.00312486
-0.00310906
-0.0030933
-0.00307797
-0.00306276
-0.00304759
-0.00303246
-0.00301738
-0.00300233
-0.00298732
-0.00297234
-0.00295739
-0.00294248
-0.0029278
-0.00291316
-0.00289857
-0.00288403
-0.00286954
-0.00285528
-0.00284128
-0.00282735
-0.00284769
-0.00287862
-0.00288671
-0.00280669
-0.00279832
-0.00280374
-0.00277668
-0.00271999
-0.00270205
-0.00270731
-0.00272525
-0.00272825
-0.00267946
-0.00271912
-0.0026791
-0.00267337
-0.00265751
-0.00260218
-0.00257091
-0.00255827
-0.00254559
-0.00255834
-0.00252432
-0.00255961
-0.00260327
-0.00256951
-0.00250754
-0.00246076
-0.00244519
-0.0024327
-0.00242049
-0.00240832
-0.00239617
-0.00238406
-0.00237197
-0.00236028
-0.00234871
-0.00233718
-0.00232567
-0.00231419
-0.00230274
-0.0022913
-0.00227988
-0.00226848
-0.00225709
-0.00224571
-0.00223435
-0.00222301
-0.00221168
-0.00220067
-0.00218986
-0.00217907
-0.00216829
-0.00215754
-0.0021468
-0.00213607
-0.00212536
-0.00211466
-0.00210397
-0.0020933
-0.00208509
-0.00207257
-0.00206204
-0.00205182
-0.00204169
-0.00203176
-0.00205904
-0.00209385
-0.00210669
-0.00202624
-0.00201899
-0.00202298
-0.00205692
-0.00205051
-0.00197959
-0.00193305
-0.00192134
-0.00191202
-0.00190262
-0.00189323
-0.00188387
-0.00187454
-0.00186523
-0.00185594
-0.00184667
-0.00183742
-0.0018282
-0.00181898
-0.0018098
-0.00180062
-0.00179148
-0.00178238
-0.0017736
-0.00176483
-0.00175609
-0.00174738
-0.00173868
-0.00173001
-0.00172136
-0.00171273
-0.00170411
-0.00169551
-0.00168694
-0.00167838
-0.00167009
-0.00166193
-0.0016538
-0.00164569
-0.0016376
-0.00162952
-0.00162146
-0.00161341
-0.00160538
-0.00159735
-0.00158933
-0.00158132
-0.00157331
-0.00156532
-0.00155745
-0.00154992
-0.00154241
-0.0015349
-0.00152741
-0.00151992
-0.00151243
-0.00150494
-0.00149745
-0.00148996
-0.00148246
-0.00147496
-0.00146745
-0.00145994
-0.00145242
-0.00144525
-0.00143822
-0.0014312
-0.00142418
-0.00141715
-0.00141013
-0.00140309
-0.00139606
-0.00138901
-0.00138196
-0.0013749
-0.00136783
-0.00136076
-0.0013539
-0.00134738
-0.00134092
-0.00133448
-0.00136601
-0.00140256
-0.00134672
-0.0013737
-0.0013448
-0.00139753
-0.00137001
-0.00134824
-0.00132879
-0.00135561
-0.00138293
-0.00133593
-0.00131842
-0.00134579
-0.00134089
-0.00132879
-0.00133049
-0.00128403
-0.00129167
-0.00134667
-0.00126465
-0.0012728
-0.00125239
-0.00128477
-0.00124159
-0.00121672
-0.00122865
-0.00126745
-0.001233
-0.00128225
-0.00123963
-0.00122231
-0.00121517
-0.00119348
-0.00120475
-0.00121246
-0.00115397
-0.00115184
-0.00118007
-0.00119712
-0.00113603
-0.00111571
-0.00113539
-0.00114303
-0.0011191
-0.00108695
-0.00111049
-0.00110801
-0.00109236
-0.00107247
-0.00104253
-0.00106631
-0.0011268
-0.00107065
-0.00101791
-0.0010081
-0.00100305
-0.000998053
-0.000993072
-0.000988107
-0.000983157
-0.000978217
-0.000973289
-0.000968372
-0.000963465
-0.000958649
-0.000954041
-0.000949447
-0.000944866
-0.000940295
-0.000935735
-0.000931183
-0.000926639
-0.000922101
-0.000917568
-0.000913039
-0.000908515
-0.000903995
-0.000899477
-0.000894961
-0.000890446
-0.000885933
-0.000881422
-0.000876913
-0.000872404
-0.000867897
-0.000863624
-0.000859516
-0.000855412
-0.000851311
-0.000847212
-0.000843111
-0.000839009
-0.000834903
-0.00083079
-0.000826671
-0.000856518
-0.000828147
-0.000815683
-0.000810582
-0.000835733
-0.000881358
-0.000882074
-0.000882034
-0.000859093
-0.000828054
-0.000784284
-0.000777174
-0.000773048
-0.000769101
-0.000765156
-0.000761212
-0.000757262
-0.000753616
-0.000750068
-0.000746518
-0.00074296
-0.000739393
-0.000735813
-0.00073222
-0.00072861
-0.000724983
-0.000721338
-0.000717676
-0.000713996
-0.000710301
-0.000706597
-0.000703126
-0.000699764
-0.000696406
-0.00069305
-0.000689693
-0.000686333
-0.000682971
-0.000679603
-0.000676228
-0.000672847
-0.000671847
-0.000666192
-0.000662564
-0.000659388
-0.00065639
-0.000653388
-0.000650377
-0.000647353
-0.000644312
-0.000641253
-0.000656058
-0.000646543
-0.000637569
-0.000696591
-0.000724725
-0.000686321
-0.000717546
-0.000638675
-0.000646097
-0.000686031
-0.00063748
-0.000638977
-0.000684458
-0.00065408
-0.000670552
-0.000663538
-0.000692911
-0.000617915
-0.00058379
-0.000578807
-0.000575808
-0.000572884
-0.000569952
-0.000567014
-0.000564064
-0.000561103
-0.000558435
-0.000555853
-0.000553269
-0.00055068
-0.000548085
-0.00054548
-0.000542863
-0.000540233
-0.000537588
-0.000534927
-0.000532247
-0.000529549
-0.000526838
-0.000524112
-0.000521444
-0.000519128
-0.000516798
-0.00051445
-0.00051208
-0.000509686
-0.000507266
-0.000504815
-0.000502333
-0.000499818
-0.00049727
-0.000494688
-0.000492085
-0.000489454
-0.000486914
-0.000484805
-0.000482671
-0.000480508
-0.000520176
-0.0005508
-0.000544373
-0.000552136
-0.000488119
-0.000555384
-0.000551504
-0.000550727
-0.000491685
-0.00045839
-0.000453979
-0.000451579
-0.000449254
-0.000446909
-0.00044454
-0.000442164
-0.000439766
-0.000437428
-0.000435399
-0.000433356
-0.000431295
-0.000429215
-0.000427113
-0.000439955
-0.00042618
-0.000421891
-0.000419798
-0.00046364
-0.000433925
-0.000412427
-0.000410733
-0.000409027
-0.000407159
-0.000422806
-0.000409862
-0.000401838
-0.000399427
-0.000446012
-0.000452062
-0.000453705
-0.000483009
-0.000454
-0.000466161
-0.000458926
-0.000459764
-0.000446087
-0.000451231
-0.000481078
-0.000446769
-0.000441191
-0.000453188
-0.000456711
-0.000405213
-0.000376183
-0.00040143
-0.000440954
-0.000429936
-0.000435572
-0.000418571
-0.000368009
-0.000356663
-0.00038963
-0.000435794
-0.00040184
-0.000422897
-0.000385067
-0.000415624
-0.000447931
-0.00042556
-0.000372497
-0.000340107
-0.000335648
-0.000333791
-0.000332101
-0.000330377
-0.000328617
-0.000326822
-0.000325
-0.000323709
-0.000322397
-0.000321056
-0.000319682
-0.000318273
-0.000350135
-0.000381052
-0.000378902
-0.000415434
-0.000376839
-0.000379928
-0.000374077
-0.000403493
-0.000367109
-0.000383077
-0.000377004
-0.000375717
-0.0003625
-0.000371153
-0.000399851
-0.000365635
-0.000360973
-0.000372686
-0.000376756
-0.000314996
-0.000290237
-0.000319365
-0.000355172
-0.000341875
-0.000358987
-0.000304846
-0.0003401
-0.000334638
-0.000335222
-0.000325191
-0.000330556
-0.000339886
-0.000348681
-0.000354917
-0.00034423
-0.000332444
-0.000362794
-0.000327698
-0.000332312
-0.000329525
-0.000358381
-0.000337822
-0.000337341
-0.000308231
-0.000349188
-0.00033676
-0.000336948
-0.000307493
-0.000340623
-0.000328625
-0.000330133
-0.000301496
-0.000334122
-0.000322791
-0.000324089
-0.000308708
-0.000339901
-0.000301147
-0.000307598
-0.000305516
-0.000334228
-0.000298543
-0.000317112
-0.000312609
-0.000265961
-0.000231224
-0.000227086
-0.0002258
-0.000224673
-0.000223529
-0.000222362
-0.000221176
-0.000219966
-0.000218796
-0.000217926
-0.000217038
-0.000216129
-0.000215196
-0.000214245
-0.000213271
-0.000212267
-0.000211231
-0.000210167
-0.000209089
-0.000207977
-0.000206842
-0.000205676
-0.000204478
-0.000203458
-0.000202602
-0.000201722
-0.000200818
-0.000199894
-0.00019894
-0.000197953
-0.000196934
-0.000195885
-0.00019482
-0.000193729
-0.000192621
-0.000191641
-0.000190643
-0.00018971
-0.00018894
-0.000188249
-0.00018754
-0.000186808
-0.000211879
-0.000252319
-0.000267277
-0.000248461
-0.000228621
-0.000200501
-0.000180054
-0.000179493
-0.000178783
-0.000202418
-0.000181378
-0.000242368
-0.00023657
-0.000217948
-0.000193167
-0.00017187
-0.00017147
-0.000170816
-0.000197373
-0.000237699
-0.000184217
-0.000168144
-0.000167066
-0.000190122
-0.000168922
-0.00020654
-0.000227132
-0.000228067
-0.000214876
-0.000173893
-0.000158911
-0.000158464
-0.000157995
-0.000157314
-0.000174092
-0.000159341
-0.000156272
-0.00015546
-0.000194366
-0.000224493
-0.000196255
-0.000161109
-0.000196853
-0.000168634
-0.000151693
-0.000149094
-0.000148193
-0.000147505
-0.000146811
-0.00014609
-0.000145342
-0.000147131
-0.000143802
-0.000142731
-0.000141861
-0.000141426
-0.00014097
-0.00014049
-0.000139976
-0.000139427
-0.000138839
-0.000138211
-0.000155141
-0.000139835
-0.000136333
-0.000135389
-0.000134781
-0.000178349
-0.000189543
-0.000210326
-0.000179524
-0.000188876
-0.000208994
-0.000216791
-0.000202774
-0.000193861
-0.000221395
-0.000186991
-0.000204412
-0.000203565
-0.000220072
-0.00020567
-0.000184063
-0.000215616
-0.0002106
-0.000146616
-0.000124959
-0.000152287
-0.000196369
-0.00019486
-0.000161337
-0.000152514
-0.0001732
-0.000168149
-0.000174855
-0.000191601
-0.000201494
-0.000204032
-0.00014571
-0.000156702
-0.000192895
-0.000188046
-0.000195898
-0.000179027
-0.000196572
-0.000189124
-0.000201482
-0.000152271
-0.00011268
-0.000108892
-0.000108049
-0.000107391
-0.000106724
-0.00010603
-0.000105305
-0.000104623
-0.00010432
-0.000104032
-0.000103725
-0.000103398
-0.000103048
-0.000102671
-0.00012078
-0.000105656
-0.000102427
-0.000153186
-0.000124125
-0.000100019
-9.91512e-05
-0.000117948
-0.00010231
-9.80821e-05
-9.75168e-05
-9.72077e-05
-0.000140238
-0.000180693
-0.000169436
-0.000128396
-9.91768e-05
-0.000121681
-0.000165663
-0.000159077
-0.000147243
-0.000142727
-0.000152884
-0.000110852
-8.95e-05
-9.02536e-05
-9.01223e-05
-8.98175e-05
-8.94597e-05
-0.000109972
-8.96269e-05
-8.79513e-05
-0.000128601
-0.000107475
-8.80174e-05
-8.59399e-05
-8.54277e-05
-8.50538e-05
-0.000101741
-8.84228e-05
-0.000136108
-0.000141753
-0.000135389
-0.000138342
-0.00011543
-0.000119388
-0.000115616
-8.23311e-05
-8.15975e-05
-8.11389e-05
-0.000115853
-0.000127458
-0.000121259
-0.000118197
-0.000119098
-8.02398e-05
-7.86622e-05
-0.000119305
-0.000134951
-0.000163691
-0.000163289
-0.000108251
-7.94882e-05
-7.52088e-05
-7.49565e-05
-0.000100341
-7.82038e-05
-0.000126972
-0.000139753
-0.000140171
-0.000128165
-0.000181388
-0.00014007
-0.000144538
-9.74347e-05
-0.000106914
-8.89247e-05
-6.98175e-05
-6.94627e-05
-6.92993e-05
-9.38556e-05
-7.3688e-05
-0.000128578
-8.25187e-05
-6.73303e-05
-6.74448e-05
-6.74252e-05
-6.72115e-05
-8.74189e-05
-6.98433e-05
-6.63013e-05
-0.000102429
-0.000148084
-9.89736e-05
-9.52099e-05
-0.000147695
-8.80451e-05
-0.000105193
-8.06237e-05
-6.45451e-05
-6.32997e-05
-6.29791e-05
-6.27483e-05
-6.24952e-05
-6.22051e-05
-6.18743e-05
-6.15027e-05
-6.10904e-05
-6.06371e-05
-6.0144e-05
-6.01417e-05
-6.01206e-05
-6.00646e-05
-5.99951e-05
-0.000104882
-0.000113948
-0.000112438
-9.16194e-05
-0.000125607
-0.000113616
-0.000145751
-0.000129679
-0.00013359
-0.000133152
-0.000143069
-9.1776e-05
-6.48148e-05
-8.81262e-05
-0.000127857
-0.000120057
-0.000144372
-0.000114621
-0.000139417
-0.000137536
-0.000138648
-0.000111553
-0.000146985
-0.000137529
-0.000139119
-0.000109764
-0.000147575
-0.000136487
-0.000139443
-0.000107788
-0.000142068
-0.000133467
-0.000136872
-0.000106017
-0.000139358
-0.000131406
-0.000135287
-0.00010648
-0.000141572
-0.000132215
-0.000136737
-8.14407e-05
-6.44633e-05
-0.000105871
-0.000122977
-0.000151866
-0.000121765
-8.02604e-05
-0.000102434
-9.65814e-05
-6.58171e-05
-4.77418e-05
-4.64483e-05
-6.97751e-05
-5.02258e-05
-4.63767e-05
-9.47397e-05
-6.93161e-05
-4.4713e-05
-4.4364e-05
-4.42546e-05
-5.83241e-05
-4.87638e-05
-4.39159e-05
-4.36395e-05
-8.61405e-05
-0.000114715
-6.36376e-05
-4.55363e-05
-4.32097e-05
-6.27744e-05
-4.70398e-05
-0.00010773
-0.000100134
-8.49953e-05
-6.09519e-05
-4.04221e-05
-4.00143e-05
-4.0241e-05
-6.68005e-05
-4.84947e-05
-9.57045e-05
-6.3186e-05
-4.11325e-05
-3.98974e-05
-3.96618e-05
-3.94823e-05
-3.92885e-05
-3.90618e-05
-3.87973e-05
-3.84934e-05
-3.81515e-05
-3.77922e-05
-3.74152e-05
-3.71448e-05
-3.71234e-05
-3.70743e-05
-3.69953e-05
-3.68847e-05
-6.13534e-05
-0.000104705
-0.00013177
-0.000102713
-0.000104377
-0.000116487
-0.000138563
-0.000107824
-0.00010565
-0.000117829
-0.000127794
-6.61643e-05
-7.86974e-05
-5.07546e-05
-3.29027e-05
-3.41557e-05
-3.43905e-05
-3.44196e-05
-3.44272e-05
-3.442e-05
-3.43726e-05
-5.24195e-05
-3.79381e-05
-3.43517e-05
-8.6858e-05
-4.72093e-05
-3.26666e-05
-3.18337e-05
-3.19074e-05
-3.1826e-05
-3.17025e-05
-3.15483e-05
-3.5495e-05
-3.30593e-05
-3.09877e-05
-3.09563e-05
-3.10168e-05
-3.10583e-05
-3.10702e-05
-3.10495e-05
-3.09947e-05
-3.09023e-05
-3.07713e-05
-3.86137e-05
-3.06166e-05
-2.98924e-05
-3.00045e-05
-3.01354e-05
-3.02617e-05
-3.03464e-05
-7.21358e-05
-0.000100995
-0.00011653
-4.81012e-05
-3.05997e-05
-5.75008e-05
-9.24235e-05
-0.000122341
-9.99242e-05
-9.83482e-05
-9.10981e-05
-6.1008e-05
-6.58588e-05
-5.23024e-05
-2.65752e-05
-2.71161e-05
-2.71825e-05
-2.71195e-05
-4.12516e-05
-3.11194e-05
-2.70118e-05
-2.68316e-05
-7.01943e-05
-0.000103208
-6.28279e-05
-6.47371e-05
-0.000109352
-5.47536e-05
-5.95927e-05
-5.53466e-05
-2.58042e-05
-2.47858e-05
-2.47706e-05
-2.47558e-05
-2.47165e-05
-4.20753e-05
-2.85983e-05
-6.90101e-05
-9.2598e-05
-7.10842e-05
-6.67659e-05
-9.41494e-05
-0.00012249
-9.40522e-05
-0.000114129
-8.48656e-05
-0.000106873
-0.000102247
-0.000106982
-8.23242e-05
-0.000111086
-0.000103202
-0.000105039
-8.0117e-05
-0.000107909
-9.80239e-05
-0.000118035
-8.68805e-05
-9.6428e-05
-9.22332e-05
-0.000132564
-9.48219e-05
-6.32369e-05
-3.4016e-05
-9.49058e-05
-0.000102804
-0.000111111
-8.51601e-05
-9.81764e-05
-8.86659e-05
-0.000129604
-6.03964e-05
-2.28255e-05
-2.04271e-05
-2.0444e-05
-2.03544e-05
-2.02259e-05
-2.00687e-05
-1.98841e-05
-1.96715e-05
-1.94339e-05
-1.92423e-05
-1.92818e-05
-1.93057e-05
-1.93122e-05
-1.93428e-05
-1.93614e-05
-1.93588e-05
-1.93341e-05
-1.92857e-05
-1.92125e-05
-1.91135e-05
-1.89881e-05
-1.88361e-05
-1.88019e-05
-1.89111e-05
-1.89954e-05
-1.90526e-05
-1.908e-05
-1.91229e-05
-1.91786e-05
-1.92014e-05
-1.91881e-05
-1.91364e-05
-1.9046e-05
-1.89168e-05
-1.87452e-05
-1.85361e-05
-1.83553e-05
-1.84975e-05
-1.86061e-05
-1.86769e-05
-1.87074e-05
-1.86953e-05
-4.47718e-05
-8.01456e-05
-8.35726e-05
-3.1948e-05
-1.69794e-05
-1.78177e-05
-1.79887e-05
-4.28001e-05
-2.25697e-05
-9.24845e-05
-7.13248e-05
-8.761e-05
-6.68222e-05
-8.40369e-05
-7.19355e-05
-1.80044e-05
-1.60745e-05
-1.58717e-05
-1.57141e-05
-1.55668e-05
-1.54032e-05
-1.52214e-05
-1.50218e-05
-1.48041e-05
-1.46087e-05
-1.45988e-05
-1.45706e-05
-1.45229e-05
-1.44552e-05
-1.43732e-05
-1.42722e-05
-1.42044e-05
-1.41626e-05
-1.42259e-05
-1.43788e-05
-1.45146e-05
-1.46297e-05
-1.47197e-05
-1.47857e-05
-1.48227e-05
-1.48304e-05
-1.4808e-05
-1.47653e-05
-1.46897e-05
-1.45822e-05
-1.44417e-05
-1.43022e-05
-1.4268e-05
-1.42053e-05
-1.41148e-05
-1.40172e-05
-1.39823e-05
-1.40492e-05
-1.40872e-05
-1.4104e-05
-1.40899e-05
-1.40416e-05
-1.39613e-05
-1.38464e-05
-1.37137e-05
-1.37041e-05
-1.36652e-05
-1.35969e-05
-1.35217e-05
-1.34175e-05
-1.32855e-05
-1.31575e-05
-1.31463e-05
-1.31111e-05
-1.30479e-05
-1.29581e-05
-1.52612e-05
-1.59376e-05
-1.35801e-05
-1.33264e-05
-1.32678e-05
-1.34213e-05
-1.35432e-05
-1.36299e-05
-1.36785e-05
-4.06967e-05
-2.17006e-05
-7.55478e-05
9.1319e-05
-6.47395e-05
4.61488e-05
-8.21338e-05
-0.000100189
9.0835e-05
-9.17768e-05
-7.34938e-05
-3.90501e-05
-0.000103786
-7.34349e-05
-1.6041e-05
-4.51464e-05
-1.9206e-05
-5.13106e-05
-7.77529e-05
-7.94241e-05
-1.78622e-05
-1.13055e-05
-1.07774e-05
-1.07506e-05
-1.06899e-05
-1.06119e-05
-1.07424e-05
-1.08626e-05
-1.0974e-05
-1.10731e-05
-1.11584e-05
-1.12292e-05
-1.12844e-05
-1.13232e-05
-1.13449e-05
-1.13489e-05
-3.94864e-05
-1.84563e-05
-1.32837e-05
-2.44844e-05
-9.07308e-05
-7.33775e-05
-6.20364e-05
-4.25106e-05
-1.11411e-05
-1.09386e-05
-1.09739e-05
-1.10266e-05
-1.10531e-05
-3.88326e-05
-8.58118e-05
-0.000100809
-8.76416e-05
7.29658e-05
-8.56853e-05
-3.6321e-05
-9.44314e-06
-9.82128e-06
-9.95921e-06
-3.66633e-05
-1.62265e-05
-7.34496e-05
-0.000103299
-8.26151e-05
-3.60129e-05
-5.65026e-05
-3.43205e-05
-9.26215e-06
-9.63396e-06
-9.72393e-06
-9.7466e-06
-9.74312e-06
-9.70997e-06
-9.64637e-06
-1.42441e-05
-1.15368e-05
-9.51168e-06
-9.47162e-06
-9.55562e-06
-4.32699e-05
-7.44137e-05
-6.51754e-05
-6.97058e-05
-7.02639e-05
-6.69334e-05
-3.46641e-05
-7.48193e-06
-8.85843e-06
-9.21546e-06
-9.36663e-06
-9.47001e-06
-9.53593e-06
-9.56277e-06
-2.8094e-05
-1.03119e-05
-9.03294e-06
-8.99557e-06
5.3371e-05
-8.86447e-05
-3.32928e-05
-1.1085e-05
-1.90335e-05
-1.05684e-05
-8.80396e-06
-8.81234e-06
-8.9594e-06
-9.08592e-06
-9.17592e-06
-9.22715e-06
-3.16143e-05
-1.35887e-05
-7.40178e-05
9.47554e-05
-9.326e-05
7.82647e-05
-5.23355e-05
-2.02903e-05
-6.23206e-05
-7.21397e-05
-5.87043e-05
-7.56978e-05
-3.27211e-05
-4.90043e-05
-9.12129e-05
-9.2575e-05
-4.09466e-05
-1.52176e-05
-3.18756e-05
-6.04114e-05
-3.61135e-05
-7.24403e-06
