-1.75154
-1.54409
-1.37197
-1.24502
-1.15043
-1.07751
-1.0194
-0.971825
-0.932001
-0.898066
-0.868721
-0.84303
-0.820298
-0.804822
-0.794613
-0.782729
-0.770672
-0.758761
-0.747211
-0.736072
-0.725364
-0.714127
-0.705845
-0.695205
-0.687213
-0.6775
-0.66991
-0.661066
-0.652879
-0.646789
-0.638741
-0.631291
-0.625535
-0.618314
-0.611797
-0.605647
-0.600854
-0.594447
-0.588656
-0.583065
-0.577813
-0.572746
-0.568908
-0.563466
-0.558463
-0.55384
-0.549328
-0.544982
-0.540662
-0.536535
-0.532474
-0.528706
-0.525174
-0.521234
-0.517261
-0.513535
-0.509856
-0.506397
-0.502922
-0.499578
-0.4962
-0.492941
-0.489709
-0.486556
-0.483495
-0.48034
-0.477273
-0.474388
-0.471465
-0.468486
-0.465753
-0.462814
-0.460063
-0.457245
-0.454579
-0.451937
-0.44927
-0.446559
-0.443993
-0.441503
-0.43901
-0.436427
-0.433965
-0.431403
-0.429059
-0.426695
-0.424281
-0.421806
-0.41959
-0.417158
-0.415003
-0.412521
-0.410182
-0.407917
-0.405692
-0.403533
-0.401397
-0.399401
-0.397066
-0.394862
-0.392783
-0.390702
-0.38868
-0.386497
-0.384407
-0.382355
-0.38039
-0.378522
-0.376505
-0.374397
-0.372438
-0.370615
-0.368674
-0.366788
-0.364808
-0.362839
-0.360881
-0.359083
-0.35726
-0.355412
-0.353596
-0.351677
-0.349756
-0.347939
-0.346177
-0.34439
-0.342637
-0.340798
-0.33902
-0.337269
-0.335535
-0.33381
-0.332094
-0.33039
-0.328696
-0.327012
-0.325338
-0.323772
-0.322139
-0.320492
-0.318772
-0.317147
-0.315603
-0.314031
-0.312467
-0.310784
-0.309212
-0.30757
-0.306068
-0.304536
-0.302993
-0.301438
-0.299839
-0.298336
-0.296872
-0.295357
-0.293858
-0.292399
-0.290908
-0.289422
-0.287894
-0.286418
-0.284964
-0.283569
-0.282221
-0.280778
-0.279341
-0.277929
-0.27651
-0.27506
-0.273693
-0.272385
-0.270997
-0.269627
-0.268271
-0.266942
-0.265557
-0.264188
-0.2629
-0.261543
-0.260214
-0.258935
-0.257602
-0.256333
-0.255016
-0.253697
-0.25241
-0.251139
-0.249882
-0.248623
-0.247369
-0.246125
-0.244888
-0.243658
-0.242433
-0.241254
-0.240129
-0.23888
-0.237682
-0.236451
-0.235307
-0.23412
-0.23302
-0.231778
-0.230618
-0.229471
-0.228349
-0.227231
-0.22602
-0.224827
-0.223682
-0.222556
-0.221439
-0.220329
-0.219224
-0.218125
-0.217031
-0.215943
-0.214861
-0.213784
-0.212712
-0.211646
-0.210636
-0.209609
-0.208555
-0.207561
-0.206432
-0.205474
-0.204466
-0.203439
-0.202372
-0.201401
-0.200367
-0.199366
-0.198302
-0.197289
-0.196362
-0.195324
-0.194329
-0.193351
-0.192382
-0.191419
-0.19046
-0.189519
-0.188562
-0.187615
-0.186675
-0.185741
-0.184859
-0.184019
-0.183029
-0.18216
-0.181175
-0.180301
-0.17944
-0.17847
-0.177608
-0.176713
-0.175841
-0.174968
-0.174081
-0.173168
-0.172277
-0.171412
-0.170553
-0.1697
-0.168851
-0.168006
-0.167166
-0.166329
-0.165497
-0.164669
-0.163845
-0.163025
-0.16221
-0.161398
-0.16059
-0.159787
-0.158988
-0.158217
-0.157493
-0.156666
-0.15589
-0.155181
-0.154328
-0.153577
-0.152768
-0.151974
-0.151246
-0.150542
-0.149734
-0.148992
-0.148297
-0.147497
-0.146789
-0.14601
-0.145268
-0.144539
-0.143815
-0.143096
-0.14238
-0.141685
-0.140966
-0.140256
-0.139554
-0.138856
-0.138225
-0.137546
-0.136876
-0.136121
-0.135421
-0.134781
-0.13415
-0.133499
-0.132782
-0.132121
-0.131494
-0.130825
-0.130166
-0.12948
-0.128857
-0.12817
-0.127588
-0.126917
-0.126297
-0.125712
-0.125048
-0.124393
-0.123763
-0.123114
-0.122497
-0.121885
-0.121276
-0.120669
-0.120066
-0.119465
-0.118868
-0.118273
-0.117682
-0.117093
-0.116508
-0.115925
-0.115345
-0.114768
-0.114194
-0.113623
-0.113055
-0.11249
-0.111928
-0.111368
-0.110812
-0.110258
-0.109706
-0.109158
-0.108612
-0.108069
-0.107528
-0.10699
-0.106455
-0.105957
-0.105397
-0.104868
-0.104394
-0.103861
-0.103304
-0.102787
-0.102322
-0.101802
-0.101372
-0.100808
-0.100344
-0.099879
-0.0993051
-0.0988136
-0.0983251
-0.0978905
-0.0973246
-0.0968958
-0.0963217
-0.0958737
-0.0954324
-0.0949409
-0.0944129
-0.0939176
-0.0934481
-0.0929807
-0.0925509
-0.0920979
-0.0916854
-0.091217
-0.0907344
-0.0902466
-0.0897738
-0.0893246
-0.088878
-0.0884336
-0.088017
-0.0875582
-0.0872266
-0.0867788
-0.0863401
-0.0858445
-0.0854349
-0.0849721
-0.0845325
-0.0841096
-0.0837131
-0.0832767
-0.0829605
-0.0825376
-0.0821373
-0.0816709
-0.0812162
-0.0808051
-0.0804004
-0.0799984
-0.0795985
-0.0792005
-0.0788045
-0.0784104
-0.0780183
-0.0776281
-0.0772398
-0.0768534
-0.0764691
-0.0760869
-0.0757065
-0.075328
-0.0749513
-0.0745766
-0.0742039
-0.0738331
-0.0734641
-0.073097
-0.0727316
-0.072368
-0.0720062
-0.0716462
-0.071288
-0.0709315
-0.0705768
-0.0702238
-0.069873
-0.0695239
-0.0691765
-0.0688309
-0.0684869
-0.0681446
-0.067804
-0.067465
-0.0671277
-0.066792
-0.0665059
-0.0662181
-0.065844
-0.0655754
-0.0651546
-0.0648812
-0.0646111
-0.0642154
-0.063945
-0.0636013
-0.0633128
-0.0629231
-0.0626255
-0.0622769
-0.0619523
-0.061643
-0.0613349
-0.0610282
-0.0607229
-0.0604453
-0.0601293
-0.0598867
-0.0595309
-0.0592203
-0.0589243
-0.0586296
-0.0583365
-0.0580609
-0.057761
-0.057466
-0.0571784
-0.0568924
-0.0566079
-0.0563575
-0.0560471
-0.0558479
-0.0555914
-0.0552724
-0.0550053
-0.054766
-0.0544643
-0.0542141
-0.0538741
-0.0536159
-0.0533885
-0.0530609
-0.0528139
-0.0525977
-0.0523161
-0.052093
-0.0517612
-0.0515033
-0.0512988
-0.0509812
-0.0507528
-0.0504577
-0.0501908
-0.0499413
-0.0496918
-0.0494434
-0.0491961
-0.048974
-0.0487173
-0.0485342
-0.0483045
-0.04804
-0.0477557
-0.0474983
-0.0472611
-0.0470249
-0.0468155
-0.0465586
-0.0463947
-0.0461213
-0.0458659
-0.0456338
-0.0454053
-0.0451956
-0.0449623
-0.0447291
-0.0445044
-0.0443277
-0.0440788
-0.0438392
-0.0436191
-0.0434009
-0.0431838
-0.0429679
-0.0427722
-0.0425419
-0.0423284
-0.0421168
-0.0419649
-0.0417745
-0.0415365
-0.0412963
-0.0411639
-0.0409849
-0.0407864
-0.0405281
-0.0403275
-0.0401621
-0.0399366
-0.0397468
-0.0395406
-0.0393747
-0.0391369
-0.0388993
-0.0387211
-0.0385707
-0.0383836
-0.0381504
-0.0379537
-0.0377822
-0.0375868
-0.0374282
-0.0371843
-0.0369886
-0.0368752
-0.0367307
-0.0364754
-0.0362425
-0.0360561
-0.0358752
-0.0356959
-0.0355174
-0.0353399
-0.0351631
-0.0349873
-0.0348122
-0.034638
-0.0344646
-0.0342922
-0.0341208
-0.0339503
-0.0337806
-0.0336117
-0.0334482
-0.0332801
-0.0331111
-0.0329456
-0.032781
-0.0326172
-0.0324542
-0.0322919
-0.0321595
-0.0320978
-0.0319003
-0.0317501
-0.0315144
-0.0313882
-0.0311908
-0.0310201
-0.0308661
-0.0307119
-0.0305584
-0.030426
-0.03026
-0.0301045
-0.0300248
-0.0298865
-0.0296655
-0.0295041
-0.0293579
-0.0292111
-0.029096
-0.0289242
-0.0288304
-0.0287164
-0.028573
-0.0284029
-0.0282254
-0.028063
-0.0279222
-0.0277824
-0.0276434
-0.0275052
-0.027389
-0.0272372
-0.0270968
-0.0270274
-0.0268408
-0.0266903
-0.026558
-0.0264253
-0.0263306
-0.0261702
-0.0260846
-0.0259089
-0.0257695
-0.0256413
-0.0255131
-0.0253855
-0.0252764
-0.0251383
-0.0250087
-0.0248835
-0.0248201
-0.0246552
-0.0245116
-0.0243893
-0.0242671
-0.0241456
-0.0240248
-0.0239276
-0.0237923
-0.0236679
-0.0235488
-0.0234307
-0.0233535
-0.0232813
-0.0232115
-0.0230348
-0.0229263
-0.0228049
-0.022755
-0.0225584
-0.0225074
-0.0223023
-0.0222277
-0.0221458
-0.0219659
-0.0218422
-0.0217336
-0.0216251
-0.0215552
-0.0214181
-0.0213572
-0.0212556
-0.0211078
-0.0209844
-0.0208794
-0.0208187
-0.0207476
-0.0206329
-0.020538
-0.0204414
-0.0202869
-0.0201612
-0.0200594
-0.0199587
-0.019859
-0.0197813
-0.0196679
-0.019564
-0.0194654
-0.0194186
-0.0192928
-0.019175
-0.0190773
-0.0189815
-0.0188867
-0.0187925
-0.0186988
-0.0186136
-0.0185167
-0.018421
-0.0183287
-0.018237
-0.0181458
-0.0181033
-0.0180404
-0.0179524
-0.0178665
-0.0177726
-0.0176436
-0.0175804
-0.0174806
-0.0173682
-0.0172591
-0.0171714
-0.0170852
-0.0169995
-0.016939
-0.0168355
-0.0168023
-0.0167219
-0.0166209
-0.0165493
-0.0164726
-0.016368
-0.0163114
-0.0162373
-0.0161453
-0.0160945
-0.0160306
-0.015923
-0.0158076
-0.0157584
-0.0156317
-0.0155338
-0.0154572
-0.0154219
-0.0153903
-0.0153577
-0.0152737
-0.015124
-0.0150037
-0.0149246
-0.0148496
-0.0147754
-0.0147016
-0.0146281
-0.0145549
-0.0144821
-0.0144096
-0.0143374
-0.0142655
-0.014194
-0.0141231
-0.0140526
-0.0139824
-0.0139221
-0.013847
-0.0137748
-0.0137058
-0.0136374
-0.0135692
-0.0135368
-0.0135663
-0.0134103
-0.0133861
-0.0132619
-0.0132316
-0.0132048
-0.013081
-0.0130181
-0.0129839
-0.0129012
-0.0128793
-0.0127251
-0.0126787
-0.0126945
-0.0126298
-0.0125767
-0.0124843
-0.0124262
-0.0123872
-0.0122968
-0.0121814
-0.0121224
-0.0121007
-0.0120867
-0.0120472
-0.0119531
-0.0118716
-0.0118939
-0.0117635
-0.0116253
-0.0115582
-0.0114992
-0.0114414
-0.0113842
-0.0113274
-0.011271
-0.0112148
-0.0111589
-0.0111033
-0.0110479
-0.0109928
-0.010938
-0.0108834
-0.0108291
-0.010775
-0.0107212
-0.0106677
-0.0106143
-0.0105613
-0.0105084
-0.0104558
-0.0104035
-0.0103514
-0.0102995
-0.0102479
-0.0101965
-0.0101458
-0.0100952
-0.0100449
-0.00999487
-0.00994503
-0.00989541
-0.00984601
-0.00979682
-0.00974786
-0.0096991
-0.00965057
-0.00960224
-0.00955413
-0.00950622
-0.00945853
-0.00941105
-0.00936395
-0.00931721
-0.00927068
-0.00924779
-0.00918431
-0.00913385
-0.00908782
-0.00904243
-0.0089973
-0.00895237
-0.00890764
-0.00886308
-0.00881871
-0.00877451
-0.00873049
-0.00868701
-0.00866058
-0.00873084
-0.00865618
-0.00854999
-0.0085353
-0.00844332
-0.00841317
-0.00841233
-0.00838886
-0.00828463
-0.00838062
-0.00826175
-0.00820693
-0.00810405
-0.00805854
-0.00804412
-0.00803484
-0.00803629
-0.00799256
-0.00793615
-0.00791373
-0.00789897
-0.00783401
-0.00771864
-0.00766506
-0.00766513
-0.00763469
-0.00764649
-0.0076093
-0.00757148
-0.00749007
-0.00746602
-0.0073793
-0.0073248
-0.0072881
-0.00725191
-0.00721562
-0.00717977
-0.00716618
-0.00711533
-0.00707505
-0.00710198
-0.00707729
-0.00700856
-0.00705467
-0.00699725
-0.00697415
-0.00690596
-0.00686752
-0.00686393
-0.0068129
-0.00677982
-0.00674113
-0.00673937
-0.00666269
-0.00658941
-0.00657637
-0.00658525
-0.0065532
-0.00648432
-0.00644501
-0.00643533
-0.00641552
-0.00641922
-0.00636606
-0.00627155
-0.00627194
-0.00620392
-0.00614823
-0.0061182
-0.00613554
-0.00612575
-0.006127
-0.00610618
-0.00600794
-0.00593809
-0.00590542
-0.0058759
-0.00584672
-0.00581765
-0.00578869
-0.00575985
-0.00573111
-0.00570248
-0.00567396
-0.00564554
-0.00561723
-0.00558902
-0.00556091
-0.00553338
-0.00550598
-0.00547868
-0.00545149
-0.0054244
-0.00539739
-0.00537047
-0.00534364
-0.0053169
-0.00529023
-0.00526365
-0.00523714
-0.00521072
-0.00518492
-0.00515921
-0.00513359
-0.00510805
-0.00508259
-0.00505721
-0.0050319
-0.00500666
-0.0049815
-0.0049564
-0.00493138
-0.00490676
-0.00488237
-0.00488745
-0.00489576
-0.00491462
-0.00483404
-0.00482674
-0.00479209
-0.00475928
-0.00469455
-0.00466646
-0.00467032
-0.00467271
-0.00466673
-0.00460923
-0.00466172
-0.0046063
-0.00458464
-0.00455981
-0.00448061
-0.00444052
-0.00441796
-0.00439548
-0.00440635
-0.00436033
-0.00438543
-0.00441783
-0.00439946
-0.00430831
-0.00424577
-0.00422154
-0.00420047
-0.00417967
-0.00415895
-0.0041383
-0.00411771
-0.0040972
-0.00407675
-0.00405636
-0.00403605
-0.00401579
-0.00399559
-0.00397546
-0.00395575
-0.00393626
-0.00391683
-0.00389746
-0.00387815
-0.00385889
-0.00383968
-0.00382052
-0.0038014
-0.00378232
-0.00376329
-0.0037443
-0.00372535
-0.00370686
-0.00368856
-0.0036703
-0.0036521
-0.00363393
-0.00361581
-0.00360113
-0.00357992
-0.00356153
-0.00354345
-0.00352565
-0.00350817
-0.00352391
-0.00353511
-0.00356709
-0.00348994
-0.00345988
-0.00348076
-0.00346816
-0.00348364
-0.00338966
-0.00333656
-0.00331906
-0.00330262
-0.00328609
-0.00326961
-0.00325319
-0.00323682
-0.00322058
-0.00320468
-0.00318882
-0.00317302
-0.00315727
-0.00314157
-0.00312592
-0.00311031
-0.00309475
-0.00307923
-0.00306375
-0.00304831
-0.00303292
-0.00301761
-0.00300264
-0.00298771
-0.00297283
-0.002958
-0.00294321
-0.00292846
-0.00291376
-0.0028991
-0.00288448
-0.00286991
-0.00285539
-0.00284099
-0.00282675
-0.00281256
-0.0027986
-0.00278483
-0.00277112
-0.00275746
-0.00274385
-0.00273028
-0.00271675
-0.00270327
-0.00268981
-0.00267639
-0.002663
-0.00264965
-0.00263632
-0.00262302
-0.00260993
-0.00259719
-0.00258449
-0.00257181
-0.00255917
-0.00254655
-0.00253394
-0.00252136
-0.00250878
-0.00249622
-0.00248368
-0.00247113
-0.00245861
-0.00244608
-0.002434
-0.00242207
-0.00241017
-0.00239828
-0.0023864
-0.00237453
-0.00236267
-0.00235081
-0.00233895
-0.0023271
-0.00231525
-0.00230341
-0.00232625
-0.00236101
-0.00229622
-0.00232134
-0.00231388
-0.00231957
-0.00232717
-0.00225722
-0.00225778
-0.0023006
-0.00227626
-0.0022682
-0.00223077
-0.00228551
-0.00223041
-0.00219302
-0.00221682
-0.0021697
-0.00215651
-0.00225599
-0.00215464
-0.00215305
-0.00214489
-0.00210986
-0.00212985
-0.00207678
-0.00207649
-0.00212005
-0.00208695
-0.00206657
-0.00207211
-0.00204882
-0.00202962
-0.00200606
-0.0020324
-0.00203174
-0.00194859
-0.00199332
-0.00197728
-0.00198947
-0.00192744
-0.00190578
-0.00193544
-0.00193762
-0.00190006
-0.00186065
-0.00187878
-0.00187753
-0.00182393
-0.00185244
-0.00179668
-0.00182179
-0.00184144
-0.00184243
-0.00175798
-0.00173998
-0.00173124
-0.00172245
-0.0017137
-0.001705
-0.00169632
-0.00168768
-0.00167907
-0.00167068
-0.00166245
-0.00165426
-0.0016461
-0.00163797
-0.00162988
-0.00162181
-0.00161377
-0.00160576
-0.00159778
-0.00158982
-0.00158189
-0.00157399
-0.00156611
-0.00155826
-0.00155043
-0.00154268
-0.00153519
-0.00152773
-0.00152029
-0.00151287
-0.00150547
-0.00149809
-0.00149073
-0.00148339
-0.00147606
-0.00146875
-0.00146145
-0.00145416
-0.00144689
-0.00143963
-0.00143238
-0.00142514
-0.0014586
-0.00142505
-0.00140684
-0.00139836
-0.0014346
-0.00147126
-0.00143387
-0.00142176
-0.00147733
-0.00141275
-0.00135331
-0.00134152
-0.00133436
-0.00132772
-0.00132116
-0.00131461
-0.00130807
-0.00130153
-0.001295
-0.00128846
-0.00128193
-0.00127539
-0.00126887
-0.00126265
-0.00125659
-0.00125053
-0.00124447
-0.00123841
-0.00123234
-0.00122626
-0.00122017
-0.00121407
-0.00120796
-0.00120183
-0.00119568
-0.00118954
-0.00118338
-0.00117749
-0.00117179
-0.00116607
-0.00116035
-0.00115711
-0.00114907
-0.00114306
-0.00113741
-0.00113185
-0.00112629
-0.00112074
-0.00111519
-0.00110964
-0.00110409
-0.00111167
-0.00110683
-0.00109478
-0.00115378
-0.00118743
-0.00115811
-0.00116347
-0.0010871
-0.00110058
-0.00113118
-0.00106883
-0.00108597
-0.00112011
-0.00109677
-0.00113629
-0.00111014
-0.00112225
-0.00105891
-0.00100857
-0.000999002
-0.000993547
-0.000988612
-0.000983748
-0.000978886
-0.000974013
-0.000969126
-0.000964226
-0.000959315
-0.000954393
-0.000949464
-0.000944521
-0.0009399
-0.000935278
-0.000930648
-0.000926008
-0.000921435
-0.000917063
-0.000912694
-0.00090832
-0.000903947
-0.000899565
-0.000895176
-0.000890778
-0.000886369
-0.000881946
-0.000877509
-0.00087306
-0.000868601
-0.0008644
-0.000860395
-0.000856376
-0.000852341
-0.000848284
-0.000844204
-0.000840097
-0.00083596
-0.000831792
-0.000827593
-0.000870514
-0.000915997
-0.000860984
-0.000919644
-0.000822477
-0.00091184
-0.000939141
-0.000911581
-0.000832186
-0.000789714
-0.00078271
-0.000778634
-0.000774847
-0.000771074
-0.000767279
-0.000763457
-0.000759605
-0.000755725
-0.000751818
-0.000747884
-0.000743943
-0.000740154
-0.000736591
-0.000751746
-0.000732859
-0.00072596
-0.000722222
-0.000761447
-0.000729289
-0.000710358
-0.000706841
-0.000703408
-0.000699958
-0.000714634
-0.000703538
-0.000692322
-0.000688202
-0.000744875
-0.000736673
-0.000779191
-0.000792823
-0.000745321
-0.000735167
-0.00078268
-0.000727477
-0.000732166
-0.00072278
-0.000775646
-0.000695395
-0.000752107
-0.000709259
-0.000733937
-0.000664773
-0.000645583
-0.000673679
-0.000708078
-0.000743944
-0.000684993
-0.000685974
-0.000618456
-0.000609803
-0.000644924
-0.00072978
-0.000643256
-0.000698564
-0.000623475
-0.000652816
-0.00070811
-0.000733113
-0.000616412
-0.000580441
-0.000576182
-0.000573722
-0.000571188
-0.000568583
-0.000565941
-0.000563269
-0.000560568
-0.000557836
-0.000555072
-0.000552274
-0.000549443
-0.000546577
-0.00058248
-0.000621106
-0.000609502
-0.000633821
-0.000609394
-0.000634846
-0.000612191
-0.000633792
-0.000593933
-0.000586899
-0.000639966
-0.000582859
-0.000587963
-0.000581622
-0.000635254
-0.000553708
-0.000612715
-0.000568955
-0.000594529
-0.000524247
-0.00049452
-0.0005259
-0.000606463
-0.000540622
-0.000591796
-0.000494413
-0.000539283
-0.000551539
-0.000548505
-0.000522999
-0.000557593
-0.000577921
-0.000569
-0.000601584
-0.000528328
-0.000535465
-0.00056098
-0.00052644
-0.000553074
-0.000534193
-0.000551065
-0.000582258
-0.000509019
-0.000513856
-0.000535208
-0.000548091
-0.000500531
-0.000509936
-0.000520646
-0.000540476
-0.000490928
-0.000499716
-0.000509445
-0.000530849
-0.000481502
-0.000493308
-0.000519372
-0.000482279
-0.000512572
-0.000492978
-0.000509811
-0.000476158
-0.000472802
-0.000519175
-0.000438676
-0.000395108
-0.000390149
-0.000388217
-0.000386448
-0.000384672
-0.000382878
-0.000381065
-0.000379243
-0.000377399
-0.00037554
-0.000373668
-0.000371772
-0.000369855
-0.000367917
-0.000366022
-0.000364462
-0.000362881
-0.000361276
-0.000359644
-0.00035799
-0.000356312
-0.000354598
-0.000352848
-0.000351064
-0.000349264
-0.000347425
-0.00034556
-0.000343658
-0.000342019
-0.000340508
-0.000338964
-0.000337392
-0.000335795
-0.000334159
-0.000332482
-0.000330763
-0.000329009
-0.000327234
-0.000325429
-0.000323596
-0.000322108
-0.000320591
-0.000341413
-0.000371779
-0.000411347
-0.000400893
-0.000374445
-0.000327472
-0.000308995
-0.000307514
-0.000305899
-0.000327866
-0.000309528
-0.000372251
-0.000382706
-0.000359523
-0.000316222
-0.000295535
-0.000293762
-0.000292209
-0.000317242
-0.00035582
-0.000307237
-0.000289556
-0.000286508
-0.000315644
-0.00029136
-0.000337901
-0.000348344
-0.00036138
-0.000349783
-0.000282683
-0.000273237
-0.000273187
-0.000271923
-0.000270516
-0.000291749
-0.000271703
-0.000266478
-0.000265079
-0.000301954
-0.0003429
-0.000299578
-0.000274141
-0.000319059
-0.000272579
-0.000258004
-0.000255027
-0.000253431
-0.000252204
-0.000251224
-0.000250223
-0.000249201
-0.000251378
-0.000247424
-0.000246081
-0.000244888
-0.000243674
-0.000242435
-0.000241159
-0.000239843
-0.000238488
-0.000237101
-0.000236201
-0.000257491
-0.000241069
-0.000234389
-0.000232513
-0.000231044
-0.000288374
-0.000303024
-0.000307207
-0.000257291
-0.000322031
-0.000334174
-0.000358587
-0.000287134
-0.000297638
-0.00032254
-0.00028519
-0.00028355
-0.00031669
-0.000292869
-0.000295514
-0.000291219
-0.000320062
-0.000275932
-0.0002381
-0.000211997
-0.000246378
-0.000292844
-0.000295942
-0.000250164
-0.000260774
-0.000262561
-0.000254979
-0.000244451
-0.000321673
-0.000264849
-0.000296828
-0.000232731
-0.000238519
-0.000314136
-0.0002614
-0.000315999
-0.000234228
-0.000285252
-0.000299455
-0.000306829
-0.000244905
-0.000192899
-0.000187008
-0.000185534
-0.000184593
-0.000183706
-0.000182797
-0.000181853
-0.000180869
-0.000179842
-0.000178771
-0.000177659
-0.000176734
-0.000175969
-0.00017517
-0.000191325
-0.000177887
-0.000173642
-0.000216012
-0.000191696
-0.000170989
-0.000168518
-0.000186778
-0.000172775
-0.000168027
-0.000166941
-0.000166003
-0.000217027
-0.000233521
-0.000246512
-0.000201402
-0.000163854
-0.000191619
-0.000234428
-0.000244715
-0.000218983
-0.000222466
-0.000234045
-0.000179027
-0.000155125
-0.000154973
-0.000154104
-0.000153156
-0.000152212
-0.000179077
-0.000154638
-0.000151361
-0.000203661
-0.000174956
-0.000149271
-0.000145977
-0.000144978
-0.000144455
-0.000164135
-0.000148368
-0.000198337
-0.000203234
-0.000198924
-0.000207072
-0.000176565
-0.000185869
-0.000177646
-0.00014093
-0.000139643
-0.000138518
-0.000183144
-0.000180946
-0.000184107
-0.00018992
-0.000174855
-0.000136858
-0.000134336
-0.000186054
-0.000188626
-0.000234152
-0.00020462
-0.000172021
-0.000129421
-0.00012614
-0.000125865
-0.000151995
-0.000131152
-0.000187117
-0.000224678
-0.000201752
-0.000197267
-0.000225594
-0.00020152
-0.000226538
-0.000152462
-0.000168252
-0.000138324
-0.000119642
-0.000117949
-0.000117173
-0.000140454
-0.000121932
-0.000181951
-0.000132789
-0.000115379
-0.00011519
-0.000114595
-0.000113848
-0.000138523
-0.000119878
-0.000113788
-0.000157781
-0.000198433
-0.000133288
-0.000150212
-0.000194313
-0.000133655
-0.000163256
-0.000118906
-0.000107679
-0.000106447
-0.000105734
-0.000105385
-0.000105142
-0.000104872
-0.000104574
-0.000104245
-0.000103916
-0.000103556
-0.000103155
-0.000102713
-0.000102227
-0.000101696
-0.000101118
-0.000152327
-0.000168662
-0.000159462
-0.000126564
-0.000163602
-0.000176086
-0.000194009
-0.000138714
-0.000208237
-0.000158897
-0.000193847
-0.000121723
-0.0001074
-0.000133958
-0.000175294
-0.000205669
-0.000210839
-0.000165216
-0.000168991
-0.000211291
-0.000158115
-0.000171236
-0.000185167
-0.000204653
-0.000157736
-0.000168691
-0.000185329
-0.000202845
-0.000156991
-0.000165937
-0.000181554
-0.000197767
-0.000154917
-0.000162706
-0.000177726
-0.00019422
-0.000152683
-0.000162774
-0.000178228
-0.000195261
-0.000152408
-0.000111793
-0.000101321
-0.00017228
-0.000153893
-0.000208219
-0.000133954
-0.000127101
-0.00013115
-0.000135947
-9.93356e-05
-7.88008e-05
-7.74206e-05
-0.000102337
-8.38096e-05
-7.83653e-05
-0.00013646
-9.97436e-05
-7.5782e-05
-7.50724e-05
-7.49634e-05
-9.2864e-05
-8.15689e-05
-7.41633e-05
-7.29935e-05
-0.000114641
-0.000155119
-8.98261e-05
-7.25327e-05
-7.09795e-05
-9.30309e-05
-7.68259e-05
-0.000144678
-0.000145884
-0.000119823
-9.17412e-05
-6.78157e-05
-6.77944e-05
-6.71766e-05
-8.90012e-05
-7.4739e-05
-0.000127419
-9.04609e-05
-6.95437e-05
-6.7377e-05
-6.65019e-05
-6.6183e-05
-6.60771e-05
-6.59466e-05
-6.57752e-05
-6.55569e-05
-6.52917e-05
-6.49757e-05
-6.46095e-05
-6.41907e-05
-6.3729e-05
-6.32564e-05
-6.27387e-05
-6.23754e-05
-9.27085e-05
-0.000118887
-0.00018648
-0.000107252
-0.000167007
-0.000126343
-0.00019782
-0.000111143
-0.000170406
-0.00013208
-0.000162879
-9.14132e-05
-0.000103576
-6.94274e-05
-5.61736e-05
-5.70961e-05
-5.70722e-05
-5.68184e-05
-5.65015e-05
-5.62924e-05
-5.63365e-05
-7.64218e-05
-6.2751e-05
-5.7581e-05
-0.000121394
-6.80169e-05
-5.4444e-05
-5.40601e-05
-5.38492e-05
-5.36814e-05
-5.35366e-05
-5.33536e-05
-5.83605e-05
-5.5756e-05
-5.25395e-05
-5.18811e-05
-5.14471e-05
-5.11676e-05
-5.08655e-05
-5.05537e-05
-5.04765e-05
-5.0524e-05
-5.05496e-05
-5.97546e-05
-5.14065e-05
-5.07912e-05
-5.05665e-05
-5.03047e-05
-4.99908e-05
-4.96274e-05
-9.70815e-05
-0.000106875
-0.000128309
-7.12636e-05
-5.05127e-05
-8.46225e-05
-0.000117596
-0.000189854
-0.000147176
-0.000130576
-0.000122949
-8.38623e-05
-9.64861e-05
-6.94342e-05
-4.51039e-05
-4.55071e-05
-4.54508e-05
-4.53967e-05
-6.33331e-05
-5.21032e-05
-4.47145e-05
-4.37023e-05
-8.41597e-05
-0.000132712
-7.11731e-05
-8.84093e-05
-0.000127975
-6.33107e-05
-8.88147e-05
-7.13742e-05
-4.48031e-05
-4.17301e-05
-4.13001e-05
-4.08147e-05
-4.04294e-05
-6.11688e-05
-4.50038e-05
-8.74301e-05
-8.58828e-05
-0.00010081
-9.39417e-05
-0.000100757
-0.000131498
-0.000151128
-0.000158098
-0.000111429
-0.000112763
-0.000158361
-0.000110876
-0.000119499
-0.000129582
-0.000150126
-0.000107438
-0.000115626
-0.000125203
-0.000147865
-0.000156138
-0.000114092
-0.000146582
-0.000124323
-0.000147185
-0.000122196
-8.77092e-05
-5.21174e-05
-0.000113573
-0.000159224
-0.000147175
-0.00011206
-0.000140913
-0.000117592
-0.000136349
-8.71237e-05
-3.87429e-05
-3.44449e-05
-3.40376e-05
-3.38852e-05
-3.3841e-05
-3.37714e-05
-3.36691e-05
-3.35318e-05
-3.33585e-05
-3.3149e-05
-3.29029e-05
-3.26213e-05
-3.23056e-05
-3.19622e-05
-3.18221e-05
-3.17348e-05
-3.16368e-05
-3.15091e-05
-3.13511e-05
-3.11622e-05
-3.10993e-05
-3.11012e-05
-3.10818e-05
-3.10391e-05
-3.09711e-05
-3.08765e-05
-3.07538e-05
-3.06021e-05
-3.04209e-05
-3.02098e-05
-3.0228e-05
-3.02888e-05
-3.03191e-05
-3.03161e-05
-3.03536e-05
-3.03857e-05
-3.03795e-05
-3.03323e-05
-3.02422e-05
-3.01077e-05
-2.99279e-05
-2.97022e-05
-5.9258e-05
-0.000104788
-8.54629e-05
-3.96727e-05
-2.67744e-05
-2.78345e-05
-2.78033e-05
-5.06397e-05
-3.46039e-05
-0.00014282
-8.14315e-05
-0.000122249
-6.95717e-05
-8.51824e-05
-8.30412e-05
-3.0221e-05
-2.65932e-05
-2.65077e-05
-2.6379e-05
-2.62149e-05
-2.6038e-05
-2.58369e-05
-2.56105e-05
-2.53593e-05
-2.50847e-05
-2.47878e-05
-2.44702e-05
-2.41338e-05
-2.37805e-05
-2.36475e-05
-2.36213e-05
-2.35778e-05
-2.35155e-05
-2.34333e-05
-2.33301e-05
-2.32051e-05
-2.30645e-05
-2.29053e-05
-2.27686e-05
-2.2936e-05
-2.30859e-05
-2.32149e-05
-2.33196e-05
-2.3397e-05
-2.34445e-05
-2.34596e-05
-2.34404e-05
-2.33935e-05
-2.33158e-05
-2.32006e-05
-2.30475e-05
-2.28566e-05
-2.26285e-05
-2.25697e-05
-2.24776e-05
-2.23568e-05
-2.23653e-05
-2.24251e-05
-2.24613e-05
-2.24611e-05
-2.24208e-05
-2.23389e-05
-2.22153e-05
-2.20501e-05
-2.18461e-05
-2.18186e-05
-2.17545e-05
-2.167e-05
-2.15638e-05
-2.14217e-05
-2.12799e-05
-2.39203e-05
-2.41861e-05
-2.14189e-05
-2.1161e-05
-2.10487e-05
-2.09172e-05
-2.08153e-05
-2.08871e-05
-2.09281e-05
-5.1501e-05
-3.26317e-05
-9.60275e-05
-0.00010242
-8.51726e-05
-7.26032e-05
-0.000107312
-0.000125938
0.000100071
-0.000112348
-6.74985e-05
-4.84904e-05
-0.000129402
-6.0084e-05
-1.90404e-05
-5.55287e-05
-2.88767e-05
-6.35337e-05
-8.98945e-05
-0.000107395
-2.56179e-05
-1.90811e-05
-1.87876e-05
-1.86717e-05
-1.8551e-05
-1.84012e-05
-1.82206e-05
-1.80095e-05
-1.78649e-05
-1.77976e-05
-1.77137e-05
-1.76126e-05
-1.7494e-05
-1.73573e-05
-1.73879e-05
-1.7422e-05
-4.76753e-05
-2.35281e-05
-1.84932e-05
-2.6603e-05
-9.46315e-05
-9.87376e-05
-6.16616e-05
-4.81071e-05
-1.7942e-05
-1.79507e-05
-1.77397e-05
-1.7399e-05
-1.74357e-05
-5.44191e-05
0.000108231
-0.000141836
-0.00013242
-8.68117e-05
-0.000109945
-5.13915e-05
-1.60095e-05
-1.56048e-05
-1.54357e-05
-4.21743e-05
-2.0526e-05
-7.82513e-05
-0.000140664
9.43686e-05
-4.93513e-05
-7.30855e-05
-4.27206e-05
-1.58751e-05
-1.56243e-05
-1.54168e-05
-1.53549e-05
-1.54191e-05
-1.54477e-05
-1.54388e-05
-2.14656e-05
-1.85755e-05
-1.50824e-05
-1.45535e-05
-1.4216e-05
-5.35551e-05
-9.71103e-05
-5.95914e-05
-8.502e-05
7.80875e-05
-7.76079e-05
-4.2743e-05
-1.36412e-05
-1.49267e-05
-1.49146e-05
-1.4735e-05
-1.4503e-05
-1.42245e-05
-1.42224e-05
-3.83331e-05
-1.75122e-05
-1.5246e-05
-1.46903e-05
-6.2069e-05
-9.0119e-05
-3.50861e-05
-1.36292e-05
-2.63953e-05
-1.69496e-05
-1.32123e-05
-1.29662e-05
-1.2913e-05
-1.2841e-05
-1.27416e-05
-1.26899e-05
-3.88256e-05
-1.96227e-05
-8.61885e-05
-0.000114307
0.000131922
-9.81127e-05
-6.46832e-05
-2.91105e-05
7.47118e-05
-9.11348e-05
-7.85065e-05
8.81025e-05
-3.81074e-05
-6.25033e-05
0.000113373
-0.000110889
5.27564e-05
-2.1928e-05
-4.09094e-05
-6.67546e-05
-3.84285e-05
-9.71679e-06
