173.368
210.259
143.456
88.833
53.4931
43.7098
10.5589
12.9462
39.3806
34.8279
32.5795
30.2767
13.2368
8.52232
8.598
26.0594
23.6217
23.815
22.9564
21.8973
20.766
19.5521
9.81806
23.5114
9.64556
21.1183
9.2953
18.6227
8.86312
6.99136
19.3884
8.32092
6.24707
16.0554
6.14996
6.17467
5.99992
15.6606
6.10137
5.94655
4.50246
4.69043
4.64826
14.3285
5.35686
4.29758
4.64229
4.21253
4.2263
3.35139
3.64704
3.39687
5.14808
7.6702
5.30661
3.44636
3.38913
2.64146
3.42137
3.02385
3.48905
2.84235
3.12684
2.91433
3.06062
3.55088
2.55181
2.37516
3.41259
3.28903
2.47457
3.96317
2.42503
3.11212
2.35375
3.08752
3.35422
3.12124
2.27177
2.8388
3.53784
3.78423
2.92209
3.43047
2.25872
3.6057
3.87417
3.47046
2.30244
4.23276
2.50163
4.728
1.73417
1.53473
1.5287
1.60726
2.1769
2.65887
4.75248
1.70231
1.54699
2.32655
2.4852
3.27657
1.52481
1.52558
1.52225
2.10812
4.25433
3.34555
1.68049
2.33559
4.31475
3.79098
4.54837
3.43183
2.76248
1.96285
3.70741
4.11524
4.1365
4.67046
2.99066
1.63621
1.7593
2.89453
2.07627
3.25593
1.528
1.52981
1.51965
1.57622
1.54845
1.52045
1.55463
1.5259
1.52322
1.52758
2.39654
3.69351
3.23314
1.5281
1.76447
2.44807
4.11575
4.65523
2.10047
3.24998
1.51903
2.41462
3.7028
3.61284
3.17909
1.56256
1.9182
2.74343
3.39202
2.37453
3.71521
3.60905
3.17851
1.52628
1.51946
1.52595
1.85622
2.36464
4.64266
2.14243
3.58885
3.21017
1.54411
1.91844
2.3628
4.60711
2.1318
3.64806
4.48295
3.4476
1.77663
2.79874
3.40085
1.77995
2.77736
2.98702
2.02504
3.27446
1.51506
1.50929
1.52125
1.55726
1.53483
1.51679
1.51874
1.50931
1.51606
1.51498
1.77535
2.36003
4.68876
2.15929
2.84173
2.40858
3.72795
4.12861
4.63623
2.10335
3.65143
4.08853
4.16163
5.03914
1.51281
1.50267
1.51012
1.50967
1.50389
1.51809
1.51048
1.50707
1.51208
1.51363
1.49843
1.50961
1.51038
1.82012
1.91811
4.52565
2.57442
3.3321
2.30869
4.16068
4.22693
4.61923
2.56933
3.76722
4.50631
2.99134
1.59502
1.93049
3.16345
1.50549
1.50495
1.49863
1.51146
1.50195
1.61273
1.52898
1.50809
1.49959
1.52552
1.811
2.34209
4.63838
2.4965
2.91578
2.00402
4.54792
2.95697
2.16626
3.06332
2.07814
3.59107
1.83526
3.16412
1.50041
1.50293
1.49568
1.50307
1.49948
1.49244
1.50533
1.496
1.49572
1.49982
1.50206
1.49374
1.5014
1.51925
1.49273
1.50618
1.49088
1.67368
2.77798
3.53813
2.11949
4.13317
4.58675
2.1754
3.21283
1.4976
1.7805
2.75515
3.44803
1.74889
2.68748
3.40201
1.81476
3.15905
1.48529
1.48614
1.48992
1.4922
1.48335
1.61434
1.51115
1.48162
1.49443
1.48567
1.84137
2.7327
3.80133
3.22785
1.48318
1.73344
2.34857
4.58929
2.56341
2.8538
2.06821
4.53194
2.9166
2.15668
3.07848
1.53796
1.89448
3.57272
2.65823
2.46804
4.58601
1.6602
3.20875
1.4829
1.47129
1.48457
1.49301
1.4744
1.47983
1.48072
1.47069
1.47819
1.47753
1.4708
1.48361
1.47841
1.4812
1.47918
1.47555
1.46632
1.47224
1.4778
1.47087
1.48361
1.47344
1.46882
1.47495
1.47662
1.46565
1.47216
1.47274
1.47128
1.48385
1.69802
1.46924
1.48108
1.80285
3.17499
1.46682
1.46724
1.75442
2.41034
3.68798
3.61855
3.9824
4.1374
4.62074
2.02249
3.64019
4.01136
4.56116
2.48677
3.33011
1.77385
3.6056
3.55058
3.14895
1.46741
1.46055
1.4735
1.70912
1.93066
3.59899
3.57704
3.51287
3.11033
1.46807
1.46062
1.47432
1.47222
1.70313
1.48481
2.28876
3.69654
4.43486
3.39827
1.76016
3.14788
1.45251
1.45287
1.72379
1.48146
2.31114
3.68521
4.01549
4.95478
1.46538
1.46984
1.45268
1.45755
1.45922
1.44905
1.45668
1.45589
1.44949
1.46305
1.4557
1.46031
1.45737
1.45419
1.4493
1.4554
1.45647
1.44976
1.46247
1.45619
1.4533
1.46099
1.46044
1.44448
1.45022
1.4517
1.44397
1.45657
1.44799
1.44734
1.44719
1.45393
1.45573
1.446
1.44653
1.43852
1.45167
1.4418
1.44209
1.44648
1.72723
1.86977
4.45477
2.53475
3.25906
1.85116
4.00659
4.49186
2.50636
3.71714
4.41342
3.35301
1.7575
3.11988
1.44656
1.43786
1.43712
1.45225
1.45972
1.61613
1.49049
1.84598
3.1258
1.45143
1.44273
1.44333
1.46436
1.5769
1.47813
1.43922
1.43975
1.43323
1.44012
1.65983
1.43653
1.87
4.00986
4.54656
2.03345
4.0488
4.53737
2.51246
3.25764
1.74849
2.70096
3.34661
1.72697
2.26151
4.54458
2.49951
3.30613
1.71557
2.65401
3.36596
1.74957
3.09321
1.43797
1.43071
1.42249
1.43966
1.42633
1.5816
1.47445
1.79399
3.62475
3.46731
3.09613
1.42244
1.43494
1.42613
1.68773
1.42392
1.83785
3.15009
1.42873
1.43456
1.42254
1.5464
1.47139
1.42617
1.43085
1.78749
3.11744
1.4235
1.42374
1.41715
1.42912
1.42078
1.59837
1.42449
1.43181
1.42196
1.7854
2.6915
2.83812
1.54037
2.25368
4.06846
4.1593
4.55602
2.01696
3.61146
3.9881
4.50159
2.47273
3.68969
4.4338
3.31102
1.69419
2.26136
4.56256
2.46867
3.26
1.78004
3.50355
2.66734
2.82447
1.53868
2.23323
4.08585
4.96115
1.42157
1.42419
1.41516
1.41484
1.41901
1.42206
1.41174
1.41779
1.41931
1.41675
1.43845
1.41537
1.41515
1.41985
1.4215
1.41154
1.45728
1.43627
1.40639
1.41984
1.41914
1.4098
1.41379
1.41599
1.59994
2.30667
3.72571
4.38806
3.32636
1.74327
3.07519
1.41342
1.41622
1.40719
1.42966
1.58469
1.42735
1.41731
1.8155
3.53821
3.07447
1.41689
1.42125
1.41175
1.65599
1.4274
1.79499
3.53446
3.49586
3.49153
3.05211
1.39932
1.4054
1.40696
1.40043
1.41286
1.57597
1.42211
1.40267
1.79271
3.08916
1.41093
1.41195
1.40494
1.68382
1.43147
1.75374
3.08501
1.40438
1.39446
1.401
1.41064
1.54984
1.42869
1.39786
1.39811
1.76251
3.09614
1.41084
1.40002
1.40183
1.39439
1.40687
1.55392
1.42009
1.40159
1.41506
1.39548
1.68761
2.24362
4.05443
4.53079
2.01789
3.54751
3.94489
4.47686
2.43305
3.22687
1.71178
3.49255
3.066
1.41159
1.39766
1.40133
1.67148
1.41817
1.7476
3.5175
3.05764
1.40087
1.39284
1.68533
1.82122
3.52987
3.4827
3.47879
3.05509
1.39454
1.40673
1.39727
1.39833
1.53427
1.42063
1.38902
1.39521
1.77114
3.06522
1.40161
1.39314
1.39207
1.39749
1.39875
1.38997
1.45549
1.41186
1.38334
1.39644
1.39357
1.38634
1.69942
1.79078
3.93993
4.4665
2.42562
3.23449
1.68375
3.48283
3.03923
1.39118
1.38802
1.37764
1.38327
1.62676
1.40017
1.72616
2.63725
3.29944
1.65706
2.60709
3.27331
1.69955
2.62407
2.79353
2.37029
3.67819
4.31145
3.30759
1.72477
3.02989
1.38376
1.38554
1.68651
2.2494
4.02762
4.07486
4.90664
1.38756
1.37851
1.38314
1.38602
1.37729
1.38982
1.38234
1.38651
1.38999
1.38849
1.37861
1.38444
1.385
1.37801
1.38985
1.47001
1.40483
1.38532
1.38857
1.37893
1.38325
1.62281
2.259
4.47357
2.39767
2.79278
1.90703
4.43912
2.81356
2.04494
2.42124
3.1721
2.85915
1.60281
1.80241
2.21862
2.99562
2.5654
4.39835
2.52335
2.80484
3.43196
1.55002
1.8765
2.36495
2.53952
2.83786
3.33391
2.08871
2.64357
3.39055
1.51163
1.36595
1.37644
1.38489
1.36425
1.36901
1.38224
1.36396
1.38138
1.37916
1.36691
1.3766
1.38497
1.36493
1.37407
1.37739
1.35226
1.37577
1.37398
1.36197
1.36519
1.37515
1.35431
1.36372
1.37267
1.35195
1.37086
1.36864
1.35466
1.36553
1.37365
1.35469
1.36383
1.36867
1.35253
1.37079
1.36883
1.35461
1.36586
1.37218
1.34805
1.36696
1.36703
1.35291
1.36985
1.36745
1.64417
1.3878
1.37398
1.35406
1.3636
1.37205
1.34706
1.36523
1.36869
1.35547
1.36506
1.37366
1.34761
1.47358
2.51851
3.53796
1.9171
3.00476
1.47176
1.66421
1.78319
3.09401
1.51824
2.37358
4.0369
3.14838
1.36258
1.34937
1.53177
2.10355
4.51338
2.40715
2.86249
1.89835
2.90621
3.54098
1.54789
1.38273
1.67796
1.69597
2.16607
5.25973
3.41129
3.45033
3.4032
2.99954
1.35466
1.36476
1.3428
1.35234
1.36082
1.49644
1.38174
1.36127
1.74187
2.59714
2.76992
2.37274
3.5449
3.89044
4.41686
1.97102
3.49018
3.88252
4.41074
2.39479
3.58103
4.31938
3.22884
1.62268
2.19268
4.46475
2.35744
3.18047
1.73383
3.84566
3.54962
4.30385
3.25516
1.66347
3.00496
1.33911
1.34939
1.64568
2.23649
3.57367
3.88552
4.81358
1.34948
1.34601
1.33421
1.34347
1.35263
1.32734
1.33684
1.34386
1.33096
1.34887
1.34544
1.33418
1.3452
1.35212
1.33221
1.34156
1.34917
1.33164
1.34897
1.34721
1.33373
1.34423
1.35263
1.33682
1.34732
1.34859
1.3312
1.34911
1.35231
1.3391
1.33836
1.35276
1.32634
1.33608
1.34358
1.32558
1.34279
1.34191
1.32884
1.33771
1.59007
1.74636
4.30918
2.42339
2.70776
2.68105
3.1838
1.32623
1.33689
1.67607
1.67581
2.53657
3.16294
2.15878
3.50937
3.44082
3.39579
2.9835
1.34499
1.32411
1.33511
1.54221
1.34966
2.17698
3.58611
3.86631
4.80829
1.34184
1.32123
1.33138
1.33891
1.31476
1.33239
1.33007
1.31765
1.32777
1.33647
1.32059
1.33167
1.33854
1.32136
1.33882
1.33522
1.32349
1.33242
1.34094
1.32187
1.33139
1.33872
1.32055
1.34328
1.33222
1.31897
1.32696
1.33766
1.31984
1.32635
1.33222
1.31478
1.33296
1.35314
1.31821
1.32713
1.33716
1.31419
1.32791
1.5975
1.7343
4.3076
2.43165
3.10886
1.72331
3.89523
3.4975
4.67378
1.32762
1.31647
1.33205
1.33008
1.31924
1.3266
1.33669
1.3144
1.32783
1.33163
1.31623
1.33231
1.33058
1.31953
1.32752
1.33621
1.31379
1.32798
1.33214
1.31517
1.33312
1.32982
1.31549
1.32681
1.33615
1.31443
1.3279
1.3215
1.3044
1.32131
1.31858
1.30878
1.31067
1.32034
1.30347
1.31711
1.32655
1.30675
1.32158
1.3186
1.30813
1.31066
1.32602
1.30358
1.31672
1.31654
1.30595
1.32132
1.31996
1.30929
1.31577
1.32031
1.30397
1.31727
1.32073
1.30476
1.32142
1.3198
1.30795
1.311
1.32551
1.29815
1.31726
1.32107
1.30526
1.32132
1.31314
1.30948
1.31217
1.31993
1.29906
1.31173
1.31579
1.29921
1.31629
1.60027
2.60547
2.76436
1.98236
2.44652
2.26059
4.47247
2.77208
2.00226
2.19117
2.9601
2.9844
1.99948
2.39097
3.21915
2.11162
4.2215
2.81046
1.94274
2.73452
3.94559
2.24253
2.7709
3.0262
2.93997
1.99507
1.96742
2.33978
3.2363
2.38411
4.05509
2.58939
2.02967
3.78373
2.01687
4.41348
2.40441
2.59538
2.38446
4.30985
3.2081
1.61569
2.89587
1.77971
3.13546
1.50307
1.6688
3.40053
2.57278
2.74358
1.38334
1.61472
2.12721
4.76231
1.30246
1.28679
1.30084
1.30907
1.2874
1.30055
1.30515
1.28869
1.29993
1.29319
1.28413
1.29004
1.2995
1.27902
1.2917
1.2956
1.27943
1.29529
1.29382
1.28675
1.2969
1.30744
1.28348
1.29102
1.29605
1.28534
1.296
1.29953
1.28504
1.29139
1.29485
1.27904
1.28634
1.29065
1.27481
1.29146
1.29344
1.27874
1.2845
1.30028
1.27901
1.29278
1.56021
1.31961
1.29792
1.28887
1.51633
1.92059
3.7041
2.04582
3.84882
4.78174
1.27429
1.29047
1.28864
1.27358
1.28033
1.28931
1.27405
1.28129
1.28524
1.26857
1.2904
1.28338
1.27929
1.28567
1.29443
1.27324
1.28582
1.28999
1.27433
1.29079
1.28814
1.27213
1.2855
1.28903
1.26826
1.27996
1.28987
1.26896
1.29021
1.28247
1.27942
1.30777
1.28985
1.26843
1.27579
1.28541
1.26885
1.2795
1.28249
1.26727
1.27954
1.39999
1.33383
1.3027
1.6526
3.83606
3.42496
4.22229
3.15883
1.58666
2.51098
3.12338
1.56018
2.13629
4.30736
2.30987
3.5093
3.78894
4.73045
1.28344
1.2632
1.27541
1.28045
1.26889
1.27983
1.28266
1.27369
1.27674
1.28386
1.2631
1.27594
1.27921
1.26379
1.27964
1.27725
1.26881
1.27498
1.28426
1.26291
1.27532
1.28072
1.25832
1.28021
1.27273
1.25793
1.26412
1.27349
1.25754
1.26484
1.27411
1.25313
1.27468
1.27234
1.26222
1.26942
1.27365
1.25314
1.26491
1.2691
1.51649
1.70833
4.22309
2.33197
3.05675
2.01798
3.92823
3.93551
4.78183
1.25298
1.27432
1.26669
1.25652
1.26394
1.27394
1.25191
1.26458
1.26834
1.25271
1.27371
1.26731
1.25795
1.26433
1.42686
1.27878
1.25934
1.26416
1.54982
2.97205
1.26613
1.25197
1.25283
1.26783
1.37811
1.30517
1.26432
1.24753
1.64277
2.47093
2.26049
3.90337
4.35012
1.84003
3.79946
4.35522
1.83376
3.40396
3.77466
4.29195
2.28549
3.47395
4.19659
2.742
1.36787
1.52724
2.11238
3.86172
4.36047
1.82197
2.99234
1.24145
1.49436
2.09363
4.30813
2.26604
2.6578
1.77305
3.76743
3.91328
4.73887
1.24861
1.25333
1.24216
1.24707
1.24477
1.24149
1.24244
1.25171
1.23157
1.24337
1.24752
1.2367
1.25311
1.47535
1.65245
3.39673
3.74198
4.29664
2.28297
3.46718
3.76307
4.31165
1.86879
3.78981
4.33001
1.85017
3.37726
3.76616
4.29939
2.27235
3.45833
4.19992
3.09846
1.24187
1.49222
2.06424
4.32936
2.25637
3.04987
1.61979
3.30368
2.46409
2.61966
2.21517
3.85734
3.91393
3.94499
4.31956
1.86107
3.8055
4.30361
2.29285
3.45955
3.75322
3.89605
4.34015
2.25653
3.4803
3.75661
4.30431
2.25974
3.46329
3.7655
4.30644
2.26792
3.44315
3.78093
4.30884
1.83943
3.77715
4.32789
2.26048
3.44945
3.76907
4.28629
1.86056
3.80056
4.69794
1.23151
1.24051
1.22104
1.23209
1.23627
1.22108
1.23726
1.23424
1.22479
1.23115
1.24008
1.22025
1.23206
1.23708
1.2207
1.23597
1.2346
1.22583
1.22558
1.23387
1.22219
1.23192
1.23599
1.22206
1.23681
1.23536
1.22522
1.23508
1.24024
1.22138
1.23142
1.23698
1.22102
1.23695
1.23386
1.22518
1.23098
1.24005
1.21279
1.22515
1.23027
1.21394
1.42727
1.61633
3.39549
3.27988
3.30902
2.85039
1.22141
1.22461
1.20924
1.42176
1.24419
1.60919
3.34113
3.28659
2.85078
1.22073
1.22503
1.20884
1.4659
1.63778
2.92298
1.21846
1.22296
1.40785
1.24175
1.62144
3.31161
3.28189
3.25806
2.85769
1.21859
1.22838
1.20846
1.21929
1.42111
1.231
1.21845
1.21672
1.49248
2.4653
2.69728
1.29563
1.59272
2.86895
1.20333
1.21336
1.21107
1.2034
1.20795
1.21624
1.19821
1.23219
1.21291
1.19789
1.21317
1.21228
1.20137
1.20776
1.21973
1.19786
1.20874
1.21301
1.3322
1.23586
1.21202
1.20259
1.2083
1.58978
3.23241
2.3916
2.6172
2.16207
3.86221
3.90255
4.29249
1.81588
3.75773
4.27369
1.80025
3.36289
3.68881
4.25706
2.23998
3.42656
4.15751
3.07976
1.18663
1.45005
2.01497
4.30789
2.19398
2.64543
1.63522
3.27936
2.48306
2.17855
3.38817
4.16859
3.07166
1.48752
2.03304
4.28693
2.22531
3.37567
3.33722
3.6734
3.85671
4.69065
1.20297
1.2008
1.19129
1.19792
1.20736
1.18668
1.19807
1.20267
1.18779
1.20258
1.20019
1.19306
1.19772
1.20625
1.34201
1.21413
1.19556
1.48927
2.94832
1.19422
1.18491
1.34358
1.22866
1.18162
1.19114
1.19576
1.53841
1.98527
4.22019
3.07062
1.18512
1.4188
1.62502
3.29353
3.27464
3.23384
3.23295
2.80809
1.1791
1.18638
1.19465
1.17491
1.1859
1.36556
1.17497
1.19023
1.58198
2.86779
1.17923
1.18854
1.16988
1.18091
1.36068
1.19145
1.5431
2.43202
2.60222
2.12015
3.03303
1.43957
2.84729
1.19056
1.17506
1.19164
1.44809
2.0928
3.00197
1.52372
2.7956
1.20229
1.18423
1.47671
2.08487
3.35798
4.15165
2.71134
1.27706
1.16408
1.17475
1.40464
1.19278
1.60335
2.36896
3.43004
3.27484
3.66768
4.21292
2.23007
2.97521
1.49565
2.84689
1.17791
1.16661
1.17381
1.42689
1.18778
1.54705
2.84546
1.16405
1.17606
1.17621
1.16214
1.3484
1.20618
1.1654
1.51986
2.42923
3.04854
1.46216
2.3613
3.05109
1.49193
2.84448
1.16004
1.1696
1.1739
1.15936
1.17007
1.16631
1.15638
1.1627
1.1795
1.16067
1.16457
1.16894
1.15395
1.17117
1.17131
1.47017
2.411
2.62489
1.77451
2.39505
2.11713
3.3486
4.13052
2.22003
3.36746
4.1434
2.66183
1.26546
1.42642
2.02309
3.75934
3.84605
4.25203
1.77565
3.72382
4.23605
2.18027
3.39407
3.68839
4.21997
2.18942
3.40264
3.67106
4.22069
2.2129
3.36872
3.67287
4.23469
2.19645
3.37726
3.67821
4.21772
2.18173
3.4006
3.6708
4.22465
2.58688
1.28578
1.95039
3.37735
3.69272
4.20035
2.63423
1.58868
2.44365
3.00369
1.14313
1.16036
1.33091
1.16812
1.15173
1.53581
2.83248
1.15304
1.152
1.14311
1.29204
1.19444
1.14568
1.15817
1.51329
2.39404
2.98461
1.15305
1.13786
1.3086
1.17146
1.56329
3.25291
3.19374
2.78922
1.15285
1.15241
1.13744
1.41695
1.19417
1.47502
2.83189
1.15709
1.14044
1.14726
1.15216
1.1385
1.15477
1.14375
1.14084
1.14597
1.15687
1.13749
1.14808
1.15233
1.13886
1.14827
1.14898
1.37715
1.58406
3.68962
4.18065
2.17102
3.38619
3.67274
4.22398
2.17589
3.36909
4.0788
3.03365
1.42418
2.80886
1.14109
1.12731
1.1435
1.14126
1.13312
1.13905
1.15026
1.26905
1.16315
1.14611
1.533
2.82093
1.13781
1.13364
1.13945
1.14997
1.13188
1.14045
1.18928
1.15261
1.14778
1.14287
1.1333
1.13969
1.14463
1.12592
1.14014
1.14581
1.13043
1.21396
1.14232
1.12825
1.14133
1.14486
1.13181
1.14024
1.42663
2.35913
3.45836
2.88482
1.13374
1.35485
2.0035
3.86482
3.771
4.2428
2.1676
2.99141
1.39629
2.82984
1.1328
1.13849
1.12535
1.12955
1.27273
1.16567
1.13648
1.13212
1.48236
2.38738
2.59664
1.59061
2.37171
3.05615
1.42967
2.79285
1.1356
1.12262
1.12837
1.13957
1.12089
1.32777
1.15671
1.42903
2.39202
3.09934
1.38764
2.31672
3.43329
3.68131
3.81659
4.23538
1.71531
3.7067
4.21313
2.1747
3.35172
3.66979
4.20513
2.17976
3.33396
3.67328
3.79901
4.234
2.15843
3.36868
3.69023
4.1784
2.57562
1.24053
1.90759
3.7716
3.81553
4.24375
2.158
3.37172
3.62836
4.58993
1.1244
1.11528
1.12038
1.12755
1.11303
1.11768
1.12347
1.111
1.11357
1.11816
1.10973
1.12105
1.1206
1.11255
1.11244
1.12957
1.10992
1.11953
1.12357
1.11029
1.12589
1.11523
1.10794
1.11234
1.12891
1.10608
1.11465
1.1189
1.11092
1.12072
1.11598
1.10693
1.1175
1.12317
1.11118
1.11372
1.12401
1.10431
1.12044
1.11587
1.10661
1.1124
1.29999
1.54596
3.26713
2.79283
1.10416
1.12123
1.11505
1.28373
1.12833
1.93901
4.16669
2.16902
2.53067
1.64951
4.46444
1.11653
1.10657
1.10678
1.11771
1.10017
1.10897
1.10762
1.09354
1.10981
1.1099
1.09658
1.10744
1.11732
1.0953
1.10889
1.10812
1.09417
1.1094
1.10536
1.09795
1.10198
1.11244
1.09525
1.10106
1.10812
1.09375
1.10969
1.10451
1.09678
1.09648
1.11329
1.09519
1.10144
1.1097
1.09408
1.10907
1.10506
1.09814
1.10129
1.11282
1.09419
1.10198
1.10806
1.09377
1.10459
1.10453
1.09709
1.10169
1.11175
1.09487
1.0962
1.10299
1.08859
1.10409
1.09503
1.08739
1.11898
1.1242
1.08361
1.09617
1.09742
1.0829
1.0993
1.09916
1.08664
1.29058
1.15244
1.47091
4.12816
2.57702
1.76629
2.57907
1.74359
4.29768
2.17374
2.95422
1.25959
2.35434
3.03444
1.08272
1.40811
1.13842
1.3737
1.53093
4.64802
1.08399
1.08535
1.09782
1.08472
1.09771
1.09523
1.08764
1.09022
1.10164
1.08501
1.08516
1.09659
1.07765
1.09422
1.08958
1.07595
1.35759
1.11837
1.07768
1.1517
1.648
3.21798
1.60468
2.78929
1.0768
1.08544
1.09507
1.07224
1.07998
1.33443
1.96433
3.6911
3.82627
4.2317
2.1412
2.80668
1.07317
1.08015
1.08114
1.33731
1.10933
1.45936
3.64165
4.04661
3.02661
1.38267
2.79454
1.08629
1.07233
1.08811
1.08294
1.06996
1.08074
1.08569
1.11194
1.09668
1.08082
1.06639
1.08717
1.43598
2.29005
2.52603
1.5918
3.23086
3.14623
2.68764
1.06664
1.08336
1.07924
1.07027
1.07526
1.08443
1.06792
1.22879
1.08134
1.06753
1.07637
1.43287
2.37959
2.9214
1.07958
1.17387
1.09077
1.07489
1.06209
1.07717
1.07243
1.06583
1.06951
1.25759
1.08404
1.47125
3.63442
3.73081
4.14571
2.55231
1.17203
1.48701
3.17607
3.1211
2.25701
2.9481
1.35329
1.91547
4.16387
2.58955
1.1805
1.29988
1.46144
2.71854
1.07028
