1.60111
1.57223
1.3592
1.49206
1.38771
1.36496
1.36607
1.39025
1.41007
1.42762
1.46236
1.47362
1.4637
1.42541
1.40675
1.40311
1.36742
1.36208
1.35839
1.34919
1.36126
1.34885
1.34341
1.34701
1.34511
1.35212
1.3425
1.36568
1.3477
1.35706
1.35586
1.35655
1.34962
1.36496
1.37269
1.36678
1.37538
1.3673
1.37865
1.37084
1.35958
1.38069
1.36925
1.37335
1.37666
1.37845
1.36642
1.37993
1.37038
1.37809
1.38099
1.38191
1.37459
1.37109
1.38293
1.39398
1.38544
1.37962
1.38348
1.39385
1.38104
1.37954
1.39882
1.38191
1.37712
1.37507
1.37796
1.37813
1.37462
1.37961
1.38802
1.39609
1.38401
1.38386
1.38004
1.38975
1.38123
1.39207
1.38657
1.39233
1.38641
1.36871
1.39296
1.38834
1.3962
1.38992
1.383
1.37632
1.37408
1.39561
1.37965
1.37968
1.38205
1.38408
1.37801
1.38691
1.38149
1.37523
1.38428
1.3732
1.37331
1.37549
1.3786
1.37025
1.3743
1.37506
1.37191
1.38398
1.37196
1.3728
1.37437
1.38488
1.37129
1.37775
1.3749
1.3721
1.38753
1.36737
1.38024
1.36944
1.38709
1.36528
1.37469
1.37433
1.36424
1.38974
1.37417
1.37204
1.37756
1.37912
1.36911
1.38131
1.37564
1.37004
1.38948
1.3752
1.37267
1.37722
1.37817
1.36865
1.37349
1.37388
1.36929
1.38725
1.36661
1.37261
1.3723
1.38348
1.3685
1.37601
1.3748
1.36648
1.37622
1.36719
1.36734
1.37236
1.37304
1.3649
1.36513
1.37057
1.36352
1.37578
1.36891
1.37183
1.37229
1.36805
1.36397
1.36995
1.37196
1.36925
1.37132
1.36743
1.36725
1.37315
1.36992
1.35776
1.35924
1.36454
1.35927
1.36814
1.36208
1.36205
1.36152
1.36827
1.36336
1.36915
1.36451
1.35878
1.37088
1.362
1.36197
1.36635
1.36802
1.35817
1.36564
1.36445
1.35809
1.36563
1.3623
1.36367
1.36319
1.36796
1.35812
1.35968
1.36158
1.35287
1.37078
1.36172
1.36266
1.36169
1.36206
1.35211
1.35971
1.3592
1.35328
1.36758
1.3591
1.35652
1.36157
1.3628
1.34797
1.35926
1.35984
1.35848
1.36759
1.35862
1.35655
1.36181
1.35687
1.35408
1.34859
1.35964
1.35295
1.3718
1.35728
1.35129
1.35554
1.35678
1.34782
1.35503
1.35425
1.34815
1.36107
1.35138
1.35081
1.35622
1.35733
1.34904
1.3566
1.34894
1.34745
1.35964
1.34587
1.34252
1.35041
1.35181
1.34147
1.34953
1.3573
1.34722
1.35497
1.35066
1.34605
1.35
1.35227
1.34518
1.35195
1.34895
1.34201
1.35496
1.34537
1.34516
1.34945
1.35131
1.34324
1.35101
1.3508
1.34219
1.35565
1.34011
1.34508
1.34007
1.34177
1.33207
1.33889
1.34847
1.33672
1.3533
1.3443
1.34026
1.33961
1.34074
1.33157
1.338
1.33975
1.33104
1.34407
1.33456
1.33562
1.33963
1.34143
1.33294
1.33456
1.3382
1.33105
1.34397
1.33508
1.33465
1.3393
1.33763
1.33124
1.33272
1.33814
1.33179
1.33328
1.34233
1.32439
1.34017
1.3355
1.32322
1.33819
1.32726
1.32084
1.3442
1.33431
1.32898
1.33031
1.33544
1.33177
1.32692
1.3323
1.32082
1.33411
1.3277
1.32379
1.32939
1.33009
1.32024
1.32776
1.32699
1.32024
1.33317
1.32772
1.32789
1.32873
1.32492
1.31588
1.32188
1.32722
1.32033
1.33323
1.32275
1.31837
1.32395
1.32536
1.31509
1.32171
1.32218
1.32065
1.33335
1.3247
1.31867
1.33073
1.32198
1.31513
1.31654
1.3168
1.31503
1.32721
1.31586
1.3188
1.3242
1.31933
1.31554
1.31672
1.31199
1.30994
1.3223
1.31255
1.3127
1.31237
1.32002
1.31441
1.31627
1.31679
1.31006
1.32289
1.31366
1.31277
1.31869
1.32047
1.29851
1.31698
1.31737
1.31014
1.32389
1.31807
1.30746
1.31212
1.31475
1.3046
1.31114
1.31109
1.29849
1.3113
1.3019
1.30213
1.30667
1.30837
1.30643
1.30573
1.31037
1.29838
1.31488
1.30473
1.30206
1.3071
1.3085
1.29859
1.30622
1.30544
1.29903
1.31256
1.30507
1.30695
1.30689
1.30362
1.29884
1.30499
1.30584
1.29933
1.31199
1.30568
1.30266
1.31001
1.30981
1.29396
1.29983
1.30115
1.29344
1.30618
1.29735
1.29676
1.29684
1.30335
1.28757
1.29561
1.29599
1.28814
1.30124
1.29129
1.29155
1.29602
1.30891
1.29714
1.2946
1.29506
1.28854
1.30059
1.29772
1.29772
1.29047
1.2983
1.2892
1.29454
1.29547
1.28251
1.29603
1.28722
1.28637
1.29861
1.29252
1.28798
1.29554
1.29488
1.28844
1.30091
1.29202
1.29283
1.2994
1.29242
1.28301
1.28871
1.28923
1.28276
1.28968
1.28649
1.28605
1.29731
1.29918
1.28381
1.28338
1.29845
1.27779
1.29624
1.28599
1.28616
1.28506
1.29552
1.27728
1.28967
1.28368
1.28315
1.29854
1.2755
1.28097
1.28471
1.28712
1.27784
1.28751
1.27875
1.27203
1.28917
1.27568
1.27519
1.27954
1.28683
1.27711
1.27317
1.27911
1.27203
1.28456
1.27546
1.27014
1.27348
1.28625
1.27244
1.27819
1.28413
1.27201
1.28463
1.27606
1.27548
1.28057
1.28049
1.26621
1.27293
1.27332
1.26665
1.27882
1.27022
1.26956
1.27424
1.28117
1.26912
1.27936
1.2739
1.26691
1.27864
1.28022
1.27016
1.28013
1.27067
1.2668
1.27552
1.27275
1.26636
1.27871
1.27256
1.26976
1.27436
1.27619
1.26692
1.28036
1.27316
1.26706
1.27383
1.26439
1.2716
1.27508
1.27643
1.2604
1.27318
1.26993
1.26117
1.27374
1.26452
1.26437
1.26864
1.27138
1.26122
1.26729
1.26871
1.26625
1.27345
1.26472
1.26453
1.26943
1.27081
1.26108
1.26211
1.26325
1.2559
1.26941
1.26505
1.25915
1.26341
1.26531
1.2495
1.26757
1.26561
1.2617
1.2678
1.25906
1.25846
1.26333
1.2653
1.25694
1.26285
1.25635
1.25477
1.26705
1.26455
1.25926
1.26286
1.26674
1.25645
1.26178
1.26207
1.25523
1.26773
1.25848
1.2617
1.25735
1.26082
1.24924
1.25545
1.25709
1.25046
1.26288
1.24849
1.24839
1.25284
1.26482
1.25553
1.26108
1.2621
1.25507
1.26768
1.25845
1.24789
1.25152
1.2543
1.24464
1.25068
1.25218
1.24444
1.25663
1.24785
1.24812
1.25769
1.26056
1.24615
1.25023
1.25203
1.24457
1.25702
1.24827
1.2477
1.25187
1.26211
1.24432
1.24984
1.25205
1.24641
1.25683
1.2478
1.24796
1.25207
1.2487
1.24438
1.245
1.25199
1.2445
1.2599
1.24791
1.24791
1.25179
1.25466
1.24632
1.24476
1.24572
1.24626
1.25118
1.24297
1.24744
1.25158
1.25447
1.23892
1.25093
1.25078
1.24442
1.25715
1.24751
1.24862
1.252
1.24864
1.23935
1.24476
1.24621
1.23932
1.25199
1.243
1.24232
1.24749
1.24879
1.24043
1.2396
1.24024
1.23379
1.24687
1.2385
1.23667
1.24103
1.24321
1.2341
1.25182
1.24038
1.23359
1.24562
1.23863
1.2359
1.24184
1.23813
1.22778
1.23358
1.23462
1.22821
1.24562
1.23213
1.23105
1.24235
1.23941
1.22825
1.24073
1.24055
1.23324
1.24614
1.23771
1.23128
1.24151
1.2435
1.22907
1.2342
1.23611
1.22807
1.24072
1.23266
1.23792
1.23644
1.23772
1.22894
1.23376
1.2363
1.22784
1.24023
1.23271
1.23711
1.23908
1.2387
1.22898
1.23495
1.23541
1.22838
1.24025
1.23175
1.23244
1.23597
1.23867
1.22945
1.23372
1.23029
1.22891
1.24092
1.23264
1.23179
1.22513
1.23812
1.22872
1.23369
1.2356
1.23345
1.23133
1.23231
1.23186
1.23014
1.23323
1.22369
1.23087
1.22692
1.22163
1.23179
1.22376
1.21787
1.22244
1.24066
1.2105
1.22462
1.23346
1.21441
1.23329
1.22954
1.21641
1.22711
1.23519
1.21473
1.21954
1.23268
1.21393
1.23185
1.22942
1.21731
1.22725
1.23506
1.21538
1.22449
1.22769
1.20264
1.22639
1.22433
1.21254
1.21565
1.22531
1.20479
1.21422
1.22303
1.20256
1.22137
1.21894
1.20522
1.21602
1.22387
1.20527
1.21428
1.21904
1.20313
1.22133
1.21911
1.20498
1.21629
1.22224
1.19829
1.2173
1.21685
1.2033
1.22031
1.21775
1.20653
1.2162
1.22408
1.20457
1.21407
1.22245
1.19766
1.21552
1.21894
1.20581
1.21546
1.22377
1.198
1.21353
1.22199
1.20304
1.21557
1.22385
1.21127
1.20545
1.21325
1.20538
1.21453
1.2114
1.2027
1.2158
1.21301
1.19992
1.20559
1.22433
1.19488
1.20256
1.21618
1.19791
1.21551
1.21354
1.19954
1.21104
1.21907
1.19341
1.20294
1.21602
1.19236
1.20971
1.20719
1.19493
1.20514
1.21494
1.19337
1.20285
1.21146
1.19233
1.21025
1.21164
1.19437
1.21161
1.2084
1.18801
1.19768
1.21087
1.18661
1.20487
1.20671
1.19464
1.2
1.20838
1.18711
1.19831
1.20954
1.18667
1.20414
1.20787
1.18994
1.20078
1.20773
1.18195
1.19769
1.20045
1.18731
1.20459
1.20194
1.1895
1.19982
1.2081
1.18217
1.19839
1.201
1.18169
1.19979
1.19626
1.18459
1.19389
1.20277
1.17787
1.18687
1.19436
1.18134
1.1994
1.19588
1.18469
1.19572
1.20235
1.18284
1.19188
1.19965
1.18226
1.19944
1.19758
1.18428
1.19466
1.20282
1.18761
1.19744
1.19909
1.18177
1.19968
1.20268
1.18946
1.18883
1.20284
1.17679
1.18639
1.194
1.1761
1.1933
1.19177
1.17926
1.18807
1.19684
1.17728
1.18769
1.19275
1.17482
1.1924
1.19082
1.17719
1.18785
1.19624
1.17479
1.18109
1.19219
1.17484
1.18653
1.1844
1.17757
1.1874
1.19562
1.17503
1.18613
1.19445
1.17801
1.19051
1.19081
1.17914
1.18317
1.19214
1.17177
1.18191
1.18943
1.16532
1.183
1.18023
1.16807
1.17833
1.18663
1.17114
1.18231
1.18898
1.17189
1.18929
1.18525
1.17393
1.18299
1.19112
1.17238
1.18165
1.1891
1.17101
1.19385
1.18229
1.16947
1.17732
1.1878
1.17023
1.17679
1.18272
1.16523
1.18352
1.18099
1.16857
1.17764
1.18741
1.16485
1.17834
1.18198
1.16524
1.18201
1.17909
1.17098
1.17703
1.1866
1.1652
1.1734
1.17795
1.167
1.18259
1.18038
1.16967
1.17705
1.18686
1.16484
1.17823
1.18189
1.16632
1.18281
1.18081
1.16995
1.17796
1.18638
1.16426
1.17835
1.18245
1.16543
1.18363
1.18008
1.16597
1.17732
1.18638
1.16497
1.17838
1.17164
1.15468
1.1719
1.1688
1.15923
1.16107
1.17048
1.15398
1.16767
1.17681
1.15712
1.17217
1.16882
1.15864
1.16126
1.17628
1.154
1.1673
1.1669
1.15568
1.17199
1.17025
1.15973
1.16625
1.17048
1.15445
1.16778
1.17116
1.15524
1.1718
1.17005
1.1585
1.16147
1.1757
1.14863
1.16753
1.1714
1.15568
1.17187
1.16335
1.16002
1.1627
1.17015
1.14963
1.16213
1.16606
1.14973
1.16664
1.16342
1.15328
1.16111
1.17011
1.14958
1.16219
1.16544
1.14416
1.16718
1.15892
1.15504
1.16103
1.16485
1.13816
1.15136
1.16614
1.13908
1.16128
1.15315
1.14971
1.15567
1.1655
1.14354
1.15674
1.15579
1.13887
1.15556
1.15327
1.1439
1.15112
1.16573
1.13824
1.15176
1.16041
1.13871
1.15583
1.15247
1.1432
1.15573
1.1596
1.13825
1.15698
1.15568
1.14417
1.15536
1.15458
1.14365
1.15119
1.16474
1.1379
1.14536
1.15522
1.13875
1.15035
1.15268
1.13729
1.15127
1.15924
1.13785
1.15096
1.15543
1.13913
1.15039
1.14384
1.1353
1.14118
1.1505
1.13023
1.14291
1.1466
1.1307
1.14656
1.14486
1.13801
1.14812
1.15761
1.13485
1.14222
1.147
1.13648
1.14733
1.15063
1.13626
1.14255
1.14581
1.13028
1.13745
1.14156
1.126
1.14281
1.14447
1.12997
1.13581
1.1512
1.13024
1.14414
1.14765
1.12687
1.14914
1.13988
1.12613
1.13705
1.14575
1.13004
1.13807
1.14707
1.12556
1.14174
1.13954
1.12484
1.13174
1.14037
1.1254
1.1325
1.13629
1.11973
1.14162
1.13439
1.1305
1.13687
1.14527
1.12451
1.13701
1.14116
1.12551
1.14203
1.13922
1.12333
1.13688
1.14004
1.11956
1.13128
1.14092
1.12008
1.14156
1.13344
1.13068
1.13655
1.14086
1.11997
1.12714
1.13653
1.12006
1.13078
1.13354
1.1185
1.13088
1.14096
1.11875
1.13206
1.13029
1.12546
1.1311
1.1403
1.12488
1.13143
1.13467
1.11366
1.12632
1.13138
1.11489
1.13119
1.1282
1.11848
1.12561
1.1345
1.11463
1.12676
1.13156
1.12008
1.13117
1.13368
1.12496
1.12788
1.13478
1.1145
1.12725
1.13036
1.11507
1.13103
1.12827
1.1202
1.12631
1.13507
1.11428
1.12665
1.1318
1.10962
1.13151
1.12382
1.10931
1.11539
1.12449
1.10887
1.11615
1.12524
1.10447
1.12608
1.1236
1.11365
1.12072
1.12472
1.10413
1.11637
1.12015
1.1045
1.12123
1.12058
1.10856
1.11509
1.12366
1.10889
1.11604
1.12529
1.10426
1.12571
1.11779
1.10786
1.11522
1.12507
1.10333
1.11598
1.11946
1.10402
1.12513
1.11844
1.10936
1.11535
1.12403
1.10807
1.11066
1.1154
1.09392
1.11509
1.11725
1.10306
1.10411
1.11879
1.09771
1.11253
1.11499
1.09882
1.1213
1.11732
1.10307
1.10987
1.11353
1.09948
1.11157
1.1145
1.09309
1.10939
1.10661
1.09767
1.10896
1.11295
1.09258
1.10441
1.10904
1.09299
1.10932
1.10799
1.09805
1.10441
1.11312
1.09284
1.10457
1.11027
1.09416
1.10977
1.10704
1.09756
1.10449
1.1147
1.0875
1.1
1.1045
1.09342
1.0985
1.09579
1.09281
1.0938
1.10274
1.08301
1.09456
1.09858
1.08798
1.10433
1.10713
1.08684
1.09953
1.11373
1.08302
1.10457
1.10358
1.09584
1.09891
1.10649
1.09894
1.09874
1.10781
1.08302
1.0997
1.10322
1.09345
1.09858
1.09684
1.08632
1.09319
1.10192
1.08307
1.09478
1.09811
1.08261
1.09866
1.09683
1.08728
1.09329
1.10208
1.0817
1.09467
1.09917
1.08308
1.0986
1.09629
1.0867
1.09447
1.09825
1.08306
1.09502
1.09913
1.07743
1.09867
1.09072
1.08735
1.08297
1.10181
1.07699
1.09387
1.08779
1.08285
1.09274
1.09637
1.07639
1.09288
1.09111
1.08255
1.08959
1.09842
1.07218
1.09842
1.09079
1.08722
1.08278
1.09153
1.07229
1.08329
1.08721
1.07235
1.08848
1.08525
1.07611
1.08251
1.09108
1.07154
1.08337
1.08795
1.07184
1.08734
1.08553
1.07703
1.07686
1.08485
1.0735
1.08323
1.08707
1.0732
1.08812
1.08635
1.07653
1.08607
1.0912
1.07279
1.08272
1.08774
1.07234
1.0881
1.08483
1.07647
1.08217
1.09106
1.06404
1.07653
1.0813
1.06523
1.08108
1.07299
1.07666
1.07583
1.07903
1.0592
1.07265
1.07566
1.06027
1.07553
1.07336
1.06524
1.07157
1.07914
1.05981
1.0719
1.0761
1.06016
1.07592
1.07267
1.06449
1.06961
1.074
1.06146
1.07122
1.07638
1.0595
1.07556
1.07363
1.06469
1.06983
1.07913
1.05971
1.07058
1.07435
1.0601
1.06966
1.06767
1.05838
1.06998
1.07896
1.059
1.07129
1.07529
1.0545
1.06481
1.06213
1.05471
1.05926
1.06726
1.0495
1.06143
1.06393
1.04912
1.06447
1.06321
1.05267
1.05928
1.07067
1.04909
1.06008
1.06404
1.0508
1.06515
1.06261
1.05382
1.05963
1.06811
1.04803
1.05978
1.06465
1.04901
1.06454
1.06154
1.05378
1.05438
1.06835
1.03866
1.06013
1.06441
1.0434
1.06572
1.06199
1.04243
1.05447
1.06849
1.03791
1.06001
1.05397
1.04955
1.05946
1.05128
1.04754
1.0535
1.06291
1.04403
1.04922
1.05932
1.0394
1.05375
1.05187
1.04814
1.04863
1.05743
1.03946
1.05142
1.05404
1.03867
1.05434
1.0518
1.04253
1.04912
1.05834
1.03784
1.04937
1.05364
1.03892
1.0539
1.05115
1.04426
1.04882
1.05718
1.03967
1.0433
1.04672
1.03308
1.04729
1.04528
1.03599
1.04143
1.05755
1.03263
1.04232
1.04682
1.03857
1.04767
1.05146
1.03641
1.0363
1.0504
1.03766
1.04282
1.04208
1.02636
1.04779
1.03886
1.03033
1.03759
1.04559
1.02632
1.0372
1.04082
1.02604
1.04141
1.03853
1.03062
1.03051
1.03952
1.02117
1.03219
1.03576
1.02062
1.04354
1.0325
1.02929
1.02944
1.04538
1.0274
1.03701
1.04149
1.02641
1.04291
1.03529
1.02331
1.03595
1.04601
1.02443
1.03149
1.03537
1.02091
1.03796
1.03805
1.02432
1.02954
1.04025
1.0155
1.02597
1.03603
1.02198
1.03794
1.0336
1.02472
1.02418
1.04588
1.01723
1.0316
1.03008
1.01779
1.03355
1.02886
1.01791
1.02502
1.03661
1.01707
1.02599
1.03086
1.01528
1.02727
1.02705
1.01346
1.02409
1.03517
1.01654
1.02065
1.0311
1.01673
1.02829
1.02757
1.018
1.01416
1.03024
1.0112
1.02092
1.0251
1.01061
1.02141
1.0172
1.00764
1.01406
1.03057
1.01191
1.01578
1.01999
1.00527
1.02224
1.02221
1.01428
1.01361
1.02954
1.01131
1.02124
1.02573
1.01062
1.02666
1.01766
1.00717
1.01839
1.02419
1.00683
1.01468
1.01961
1.00539
1.02683
1.01126
1.01279
1.01349
1.02389
1.00046
1.01558
1.02062
1.00502
1.01078
1.01652
1.00394
1.00807
1.01298
1.00626
1.01035
1.02012
0.994832
1.01734
1.00764
1.00262
1.00303
1.01921
1.0008
1.01493
1.01377
1.0052
1.01095
1.0121
1.00249
1.0085
1.01862
1.00072
1.00442
1.01489
0.994445
1.01161
1.00608
0.997297
1.00307
1.0143
0.994969
1.00435
1.00316
0.994333
1.01162
1.0013
0.996826
1.0096
1.01343
0.995006
0.999419
1.00425
0.98915
1.00588
1.00034
0.997837
1.00217
1.0082
0.995474
1.00402
1.00353
0.988672
1.00509
1.00101
0.997026
0.997351
1.00815
0.991647
0.998599
1.00332
0.98964
1.00599
0.994682
0.991985
0.997101
1.00789
0.988821
0.999235
1.00353
0.990046
0.999694
0.999786
0.986947
0.996982
1.00255
0.985934
0.99431
1.00316
0.984208
1.00609
0.995565
0.986032
0.996897
1.00246
0.989888
0.998287
0.99213
0.978409
0.994747
0.991657
0.983666
0.989776
1.00047
0.986863
0.991421
0.996435
0.986656
0.998849
0.988072
0.984058
0.990047
1.00028
0.982456
0.990988
0.995444
0.980979
0.998143
0.992992
0.983718
0.990338
0.994832
0.976647
0.990721
0.99602
0.981053
0.998298
0.992542
0.978886
0.991992
0.994993
0.982214
0.990753
0.989887
0.976718
0.998118
0.99337
0.984253
0.984704
0.994836
0.983402
0.985645
0.990113
0.982964
0.992581
0.981328
0.984093
0.98338
0.98893
0.975897
0.980244
0.990535
0.971229
0.987095
0.982314
0.979669
0.983615
0.99454
0.977252
0.991212
0.989821
0.971093
0.992646
0.985793
0.973204
0.978952
0.989549
0.971516
0.980056
0.984846
0.970656
0.987492
0.987224
0.973335
0.978743
0.995176
0.976481
0.986294
0.979885
0.971193
0.982684
0.978053
0.967894
0.979897
0.989967
0.970994
0.975087
0.979237
0.970684
0.987136
0.976664
0.97356
0.97388
0.989651
0.966839
0.975177
0.980294
0.965161
0.981792
0.976285
0.968486
0.973719
0.978861
0.967203
0.969995
0.974788
0.965875
0.970907
0.977735
0.963495
0.968264
0.973755
0.961568
0.963973
0.968433
0.960259
0.971482
0.970688
0.963066
0.962623
0.979494
0.960277
0.969828
0.974029
0.960719
0.976382
0.96534
0.958456
0.962882
0.979207
0.9564
0.964951
0.969135
0.961406
0.971346
0.96613
0.957377
0.968052
0.973517
0.961514
0.964187
0.974347
0.954685
0.971066
0.966047
0.957053
0.963036
0.973838
0.955136
0.964225
0.969324
0.954568
0.971672
0.96503
0.957479
0.956698
0.973608
0.954995
0.964443
0.97078
0.949353
0.971049
0.96655
0.957046
0.957266
0.967905
0.950527
0.959391
0.958013
0.944102
0.960261
0.959998
0.946893
0.958066
0.9677
0.945769
0.959415
0.958417
0.944606
0.959859
0.955794
0.948378
0.952264
0.962806
0.945655
0.951432
0.958493
0.944244
0.960188
0.954603
0.947193
0.946963
0.963604
0.945143
0.951995
0.960071
0.944174
0.959547
0.955327
0.948473
0.951893
0.962589
0.944628
0.952515
0.958325
0.944185
0.955122
0.9546
0.947602
0.952186
0.962269
0.945217
0.946736
0.95349
0.939023
0.954279
0.945433
0.93781
0.947393
0.952301
0.93398
0.946608
0.947847
0.933503
0.949827
0.949179
0.937027
0.942919
0.958622
0.945225
0.946708
0.953303
0.933497
0.953913
0.955286
0.948338
0.946522
0.956435
0.933092
0.951639
0.947509
0.933175
0.950033
0.944036
0.937436
0.941085
0.956487
0.934313
0.935822
0.948195
0.935103
0.948298
0.945506
0.937887
0.940769
0.951989
0.935344
0.935608
0.947031
0.928027
0.944865
0.93948
0.926456
0.942288
0.94639
0.928054
0.936069
0.948241
0.933134
0.948098
0.944664
0.927098
0.935905
0.945536
0.9227
0.930419
0.942438
0.933455
0.944372
0.943453
0.93197
0.936711
0.940681
0.92355
0.930514
0.931659
0.923068
0.937673
0.934576
0.932034
0.930732
0.940924
0.923402
0.930166
0.936641
0.922669
0.938737
0.933183
0.920445
0.931402
0.936016
0.918068
0.925112
0.931373
0.91693
0.937576
0.933665
0.926458
0.925174
0.935172
0.918166
0.930669
0.931327
0.91717
0.933705
0.928636
0.920792
0.92573
0.935024
0.918252
0.924998
0.931895
0.917998
0.926865
0.930446
0.927252
0.925141
0.929998
0.913392
0.919155
0.925319
0.912353
0.927719
0.922636
0.916166
0.919966
0.931454
0.912159
0.925589
0.932128
0.91883
0.937269
0.92804
0.91173
0.919537
0.935466
0.916839
0.919921
0.925825
0.916953
0.928514
0.927674
0.920457
0.920702
0.929824
0.913569
0.920315
0.920789
